iteracion,valor_coste
0,1092103.6003729377
1,1073230.8176893776
2,1073230.8176893776
3,1073230.8176893776
4,1073230.8176893776
5,1006513.7646144171
6,1006513.7646144171
7,1006513.7646144171
8,1006513.7646144171
9,1006513.7646144171
10,865373.9646142187
11,865373.9646142183
12,865373.9646142174
13,865373.9646142174
14,865373.9646142174
15,865373.9646142174
16,766834.2737017408
17,726442.1901886709
18,726442.1901886709
19,726442.1901886705
20,726442.1901886705
21,721862.8697249963
22,721862.8697249963
23,721862.8697249963
24,721862.8697249963
25,721862.8697249963
26,721862.8697249963
27,721862.8697249963
28,721862.8697249963
29,721862.8697249963
30,721862.8697249963
31,721862.8697249963
32,721862.8697249963
33,693216.2856683042
34,693216.2856683042
35,693216.2856683042
36,693216.2856683042
37,693216.2856683042
38,693216.2856683042
39,693216.2856683042
40,693216.2856683042
41,693216.2856683042
42,693216.2856683042
43,693216.2856683042
44,693216.2856683042
45,693216.2856683042
46,693216.2856683042
47,693216.2856683042
48,693216.2856683042
49,693216.2856683042
50,693216.2856683042
51,693216.2856683042
52,693216.2856683042
53,693216.2856683042
54,693216.2856683042
55,685201.0817757379
56,685201.0817757379
57,685201.0817757379
58,632990.977144725
59,630061.7414025201
60,630061.7414025201
61,630061.7414025201
62,630061.7414025201
63,630061.7414025201
64,630061.7414025201
65,630061.7414025201
66,630061.7414025201
67,630061.7414025201
68,630061.7414025201
69,630061.7414025201
70,630061.7414025201
71,549587.3162616657
72,549587.3162616657
73,549587.3162616657
74,549587.3162616657
75,549587.3162616657
76,549587.3162616657
77,549587.3162616657
78,549587.3162616657
79,549587.3162616657
80,549587.3162616657
81,549587.3162616657
82,549587.3162616657
83,549587.3162616657
84,549587.3162616657
85,549587.3162616657
86,549587.3162616657
87,460309.67833906255
88,460309.67833906255
89,460309.67833906255
90,460309.67833906255
91,460309.67833906255
92,460309.67833906255
93,460309.67833906255
94,367891.2317478235
95,367891.2317478235
96,367891.2317478235
97,367891.2317478235
98,367891.2317478235
99,367891.2317478235
100,367891.2317478235
101,367891.2317478235
102,367891.2317478235
103,367891.2317478235
104,367891.2317478235
105,367891.2317478235
106,367891.2317478235
107,367891.2317478235
108,367891.2317478235
109,367891.2317478235
110,367891.2317478235
111,367891.2317478235
112,367891.2317478235
113,367891.2317478235
114,367891.2317478235
115,367891.2317478235
116,367891.2317478235
117,367891.2317478235
118,367891.2317478235
119,367891.2317478235
120,367891.2317478235
121,367891.2317478235
122,367891.2317478235
123,367891.2317478235
124,367891.2317478235
125,367891.2317478235
126,367891.2317478235
127,367891.2317478235
128,367891.2317478235
129,367891.2317478235
130,367891.2317478235
131,367891.2317478235
132,367891.2317478235
133,367891.2317478235
134,367891.2317478235
135,367891.2317478235
136,367891.2317478235
137,367891.2317478235
138,367891.2317478235
139,367891.2317478235
140,367891.2317478235
141,367891.2317478235
142,367891.2317478235
143,367891.2317478235
144,367891.2317478235
145,367891.2317478235
146,367891.2317478235
147,367891.2317478235
148,367891.2317478235
149,367891.2317478235
150,367891.2317478234
151,367891.2317478234
152,367891.2317478234
153,367891.2317478234
154,367891.2317478234
155,367891.2317478234
156,367891.2317478234
157,367891.2317478234
158,367891.2317478234
159,367891.2317478234
160,367891.2317478234
161,367891.2317478234
162,367891.2317478234
163,367891.2317478234
164,367891.2317478234
165,367891.2317478234
166,367891.2317478234
167,367891.2317478234
168,367891.2317478234
169,367891.2317478234
170,367891.2317478234
171,367891.2317478234
172,367891.2317478234
173,367891.2317478234
174,367891.2317478234
175,367891.2317478234
176,367891.2317478234
177,367891.2317478234
178,367891.2317478234
179,367891.2317478234
180,367891.2317478234
181,367891.2317478234
182,367891.2317478234
183,367891.2317478234
184,367891.2317478234
185,367891.2317478234
186,367891.2317478234
187,367891.2317478234
188,367891.2317478234
189,367891.2317478234
190,367891.2317478234
191,367891.2317478234
192,367891.2317478234
193,367891.2317478234
194,367891.2317478234
195,367891.2317478234
196,367891.2317478234
197,367891.2317478234
198,367891.2317478234
199,367891.2317478234
200,367891.2317478234
201,367891.2317478234
202,367891.2317478234
203,365752.86964123533
204,365752.86964123533
205,365752.86964123533
206,365752.86964123533
207,365752.86964123533
208,365752.86964123533
209,365752.86964123533
210,365752.86964123533
211,365752.86964123533
212,365752.86964123533
213,365752.86964123533
214,365752.86964123533
215,365752.86964123533
216,365752.8696412351
217,365752.8696412351
218,365752.8696412351
219,365752.8696412351
220,365752.8696412351
221,365752.8696412351
222,365752.8696412351
223,365752.8696412351
224,365752.8696412351
225,365752.8696412351
226,365752.8696412351
227,365752.8696412351
228,365752.8696412351
229,365752.8696412351
230,349387.88940868
231,349387.88940868
232,349387.88940868
233,349387.88940868
234,349387.88940868
235,349387.88940868
236,347431.0307094599
237,347431.0307094599
238,347431.0307094599
239,347431.0307094599
240,347431.0307094599
241,347431.0307094599
242,347431.0307094599
243,347431.0307094599
244,347431.0307094599
245,347431.0307094599
246,347431.0307094599
247,347431.0307094599
248,347431.0307094599
249,347431.0307094599
250,347431.0307094599
251,347431.0307094599
252,347431.0307094599
253,347431.0307094599
254,347431.0307094599
255,347431.0307094599
256,347431.0307094599
257,347431.0307094599
258,347431.0307094599
259,347431.0307094599
260,347431.0307094599
261,347431.0307094599
262,347431.0307094599
263,347431.0307094599
264,347431.0307094599
265,347431.0307094599
266,347431.0307094599
267,347431.0307094599
268,347431.0307094599
269,347431.0307094599
270,347431.0307094599
271,347431.0307094599
272,347431.0307094599
273,347431.0307094599
274,347431.0307094599
275,347431.0307094599
276,347431.0307094599
277,347431.0307094599
278,347431.0307094599
279,347431.0307094599
280,347431.0307094599
281,347431.0307094599
282,347431.0307094599
283,333974.0193611668
284,333974.0193611668
285,333974.0193611668
286,333974.0193611668
287,333974.0193611668
288,316853.6033954718
289,316853.6033954718
290,316853.6033954718
291,316853.6033954718
292,277319.70544129424
293,277319.70544129424
294,277319.70544129424
295,277319.70544129424
296,277319.70544129424
297,277319.7054412941
298,277319.7054412941
299,277319.7054412941
300,277319.70544129395
301,277319.70544129395
302,277319.70544129395
303,277319.70544129395
304,277319.70544129395
305,277319.70544129395
306,277319.70544129395
307,277319.70544129395
308,277319.70544129395
309,277319.70544129395
310,277319.70544129395
311,277319.70544129395
312,277319.70544129395
313,277319.70544129395
314,277319.70544129395
315,277319.70544129395
316,277319.70544129395
317,277319.70544129395
318,277319.70544129395
319,277319.70544129395
320,277319.70544129395
321,277319.70544129395
322,277319.70544129395
323,277319.70544129395
324,277319.70544129395
325,277319.70544129395
326,277319.70544129395
327,277319.70544129395
328,277319.70544129395
329,277319.7054412939
330,277319.7054412939
331,277319.7054412939
332,277319.7054412939
333,277319.7054412939
334,277319.7054412939
335,277319.7054412939
336,277319.7054412939
337,277319.7054412939
338,277319.7054412939
339,277319.7054412939
340,277319.7054412939
341,277319.7054412939
342,277319.7054412939
343,277319.7054412939
344,277319.7054412939
345,277319.7054412939
346,277319.7054412939
347,277319.7054412939
348,277319.7054412939
349,277319.7054412939
350,277319.7054412939
351,277319.7054412939
352,277319.7054412939
353,277319.7054412939
354,277319.7054412939
355,277319.7054412939
356,277319.7054412939
357,277319.7054412939
358,277319.7054412939
359,277319.7054412939
360,277319.7054412939
361,277319.7054412939
362,277319.7054412939
363,277319.7054412939
364,277319.7054412939
365,277319.7054412939
366,277319.7054412939
367,277319.7054412939
368,277319.7054412939
369,277319.7054412939
370,277319.7054412939
371,277319.7054412939
372,277319.7054412939
373,277319.7054412939
374,277319.7054412939
375,277319.7054412939
376,277319.7054412939
377,277319.7054412939
378,277319.7054412939
379,277319.7054412939
380,277319.7054412939
381,277319.7054412939
382,277319.7054412939
383,277319.7054412939
384,277319.7054412939
385,277319.7054412939
386,277319.7054412939
387,277319.7054412939
388,277319.7054412939
389,277319.7054412939
390,277319.7054412939
391,277319.7054412939
392,277319.7054412939
393,277319.7054412939
394,277319.7054412939
395,277319.7054412939
396,277319.7054412939
397,277319.7054412939
398,277319.7054412939
399,277319.7054412939
400,277319.7054412939
401,277319.7054412939
402,277319.7054412939
403,277319.7054412939
404,277319.7054412939
405,277319.7054412939
406,277319.7054412939
407,277319.70544129383
408,277319.70544129383
409,277319.70544129383
410,277319.70544129383
411,277319.70544129383
412,277319.70544129383
413,277319.70544129383
414,277319.70544129383
415,277319.70544129383
416,277319.70544129383
417,277319.70544129383
418,277319.70544129383
419,277319.70544129383
420,277319.70544129383
421,277319.70544129383
422,277319.70544129383
423,277319.70544129383
424,276778.43681777467
425,276778.43681777467
426,276778.43681777467
427,276778.43681777467
428,276778.43681777467
429,276778.43681777467
430,276778.43681777467
431,270624.15968494705
432,270624.15968494705
433,270624.15968494705
434,270624.15968494705
435,270624.15968494705
436,270624.15968494705
437,270624.15968494705
438,270624.15968494705
439,270624.15968494705
440,270624.15968494705
441,270624.15968494705
442,270624.15968494705
443,270624.15968494705
444,270624.15968494705
445,270624.15968494705
446,270624.159684947
447,270624.159684947
448,270624.159684947
449,270624.159684947
450,270624.159684947
451,270624.159684947
452,270624.159684947
453,270624.159684947
454,270624.159684947
455,270624.159684947
456,270624.159684947
457,270624.159684947
458,270624.159684947
459,270624.159684947
460,270624.159684947
461,270624.159684947
462,270624.159684947
463,270624.159684947
464,270624.159684947
465,270624.159684947
466,270624.159684947
467,270624.159684947
468,270624.159684947
469,270624.159684947
470,270624.159684947
471,270624.159684947
472,270624.159684947
473,270624.159684947
474,270624.159684947
475,270624.159684947
476,270624.159684947
477,270624.159684947
478,270624.159684947
479,270624.159684947
480,270624.159684947
481,270624.159684947
482,270624.159684947
483,270624.159684947
484,270624.159684947
485,264376.8480316174
486,264376.8480316174
487,264376.8480316174
488,264376.8480316174
489,264376.8480316174
490,264376.8480316174
491,264376.8480316174
492,264376.8480316174
493,250158.08841614242
494,250158.08841614242
495,250158.08841614242
496,250158.08841614242
497,250158.08841614242
498,250158.08841614242
499,250158.08841614242
500,250158.08841614242
501,250158.08841614242
502,250158.088416142
503,250158.088416142
504,250158.088416142
505,250158.088416142
506,250158.088416142
507,250158.088416142
508,250158.088416142
509,250158.088416142
510,250158.088416142
511,250158.088416142
512,250158.088416142
513,250158.088416142
514,250158.088416142
515,250158.088416142
516,246723.4908925982
517,246723.4908925982
518,246723.4908925982
519,246723.4908925982
520,246723.4908925982
521,246723.4908925982
522,246723.4908925982
523,246723.4908925982
524,246723.4908925982
525,246723.4908925982
526,246723.4908925982
527,246723.4908925982
528,246723.4908925982
529,246723.4908925982
530,246723.4908925982
531,246723.4908925982
532,246723.4908925982
533,246723.4908925982
534,246723.4908925982
535,246723.4908925982
536,246723.4908925982
537,246723.4908925982
538,246723.4908925982
539,246723.4908925982
540,246723.49089259814
541,246723.49089259814
542,246723.49089259814
543,246723.49089259814
544,246723.49089259814
545,246723.49089259814
546,246723.49089259814
547,246723.49089259814
548,246723.49089259814
549,246723.49089259814
550,245112.7061117738
551,245112.7061117738
552,245112.7061117738
553,191751.25025994345
554,191751.25025994345
555,191751.25025994345
556,191751.25025994345
557,191751.25025994345
558,191751.25025994345
559,191751.25025994345
560,191751.25025994345
561,191751.25025994345
562,191751.25025994345
563,191751.25025994345
564,191751.25025994345
565,191751.25025994345
566,191751.25025994345
567,191751.25025994345
568,191751.25025994345
569,191751.25025994345
570,191751.25025994345
571,191751.25025994345
572,191751.25025994345
573,191751.25025994345
574,191751.25025994345
575,191751.25025994345
576,191751.25025994345
577,191751.25025994345
578,191751.25025994345
579,191751.25025994345
580,191751.25025994345
581,191751.25025994345
582,191751.25025994345
583,191751.25025994345
584,191751.25025994345
585,191751.25025994345
586,191751.25025994345
587,191751.25025994345
588,191751.25025994345
589,191751.25025994345
590,191751.25025994345
591,191751.25025994345
592,191751.25025994345
593,191751.25025994345
594,191751.25025994345
595,191751.25025994345
596,191751.25025994345
597,191751.25025994345
598,191751.25025994345
599,191751.25025994345
600,191751.25025994345
601,191751.25025994345
602,191751.25025994345
603,191751.25025994345
604,191751.25025994345
605,191751.25025994345
606,191751.25025994345
607,191751.25025994345
608,191751.25025994345
609,191751.25025994345
610,191751.25025994345
611,191751.25025994345
612,191751.25025994345
613,191751.25025994345
614,191751.25025994345
615,191751.25025994345
616,191751.25025994345
617,191751.25025994345
618,163611.40195865533
619,163611.40195865533
620,163611.40195865533
621,163611.40195865533
622,163611.40195865533
623,163611.40195865533
624,163611.40195865533
625,163611.40195865533
626,163611.40195865533
627,163611.4019586551
628,163611.4019586551
629,163611.4019586551
630,163611.4019586551
631,163611.4019586551
632,163611.4019586551
633,163611.4019586551
634,163611.4019586551
635,163611.4019586551
636,163611.4019586551
637,163611.4019586551
638,163611.4019586551
639,163611.4019586551
640,163611.4019586551
641,163611.4019586551
642,163611.4019586551
643,163611.4019586551
644,163611.4019586551
645,163611.4019586551
646,163611.4019586551
647,163611.4019586551
648,163611.4019586551
649,163611.4019586551
650,163611.4019586551
651,163611.4019586551
652,163611.4019586551
653,163611.4019586551
654,154556.07306334548
655,154556.07306334548
656,154556.07306334548
657,154556.07306334548
658,154556.07306334548
659,154556.07306334548
660,149084.03620681545
661,149084.0362068154
662,149084.0362068154
663,149084.0362068154
664,149084.0362068154
665,149064.22314456332
666,149064.22314456332
667,149064.22314456332
668,149064.22314456332
669,149064.22314456332
670,149064.22314456332
671,149064.22314456332
672,149064.22314456332
673,149064.22314456332
674,149064.22314456332
675,149064.22314456332
676,149064.22314456332
677,149064.22314456332
678,149064.22314456332
679,149064.22314456332
680,149064.22314456332
681,149064.22314456332
682,149064.22314456332
683,149064.22314456332
684,149064.22314456332
685,149064.22314456332
686,149064.22314456332
687,149064.22314456332
688,149064.22314456332
689,149064.22314456324
690,149064.22314456324
691,149064.22314456324
692,149064.22314456324
693,149064.22314456324
694,149064.22314456324
695,149064.22314456324
696,149064.22314456324
697,149064.22314456324
698,149064.22314456324
699,149064.22314456324
700,149064.22314456324
701,149064.22314456324
702,149064.22314456324
703,146706.57458265344
704,146706.57458265344
705,144653.09540494153
706,144653.09540494153
707,144653.09540494153
708,144653.09540494153
709,144653.09540494153
710,144653.09540494153
711,144653.09540494144
712,144653.09540494144
713,144653.09540494144
714,144653.09540494144
715,144653.09540494144
716,144653.09540494144
717,144653.09540494144
718,144653.09540494144
719,144653.09540494144
720,144653.09540494144
721,144653.09540494144
722,144653.09540494144
723,144653.09540494144
724,144653.09540494144
725,144653.09540494138
726,144653.09540494138
727,137745.11700677354
728,137745.11700677354
729,137745.11700677354
730,137745.11700677354
731,137745.11700677354
732,137745.11700677354
733,137745.11700677354
734,137745.11700677354
735,137745.11700677354
736,137745.11700677354
737,137745.11700677354
738,137745.11700677354
739,137745.11700677354
740,137745.11700677354
741,137745.11700677354
742,137745.11700677354
743,137745.11700677354
744,137745.11700677354
745,137745.11700677354
746,137745.11700677354
747,137745.11700677354
748,137745.11700677354
749,137745.11700677354
750,137745.11700677354
751,137745.11700677354
752,137745.11700677354
753,137745.11700677354
754,137745.11700677354
755,137745.11700677354
756,137745.11700677354
757,137745.11700677354
758,97337.8532159854
759,97337.85321598536
760,97337.85321598536
761,97337.85321598536
762,97337.85321598536
763,97337.85321598536
764,97337.85321598536
765,97337.85321598536
766,97337.85321598536
767,97337.85321598536
768,97337.85321598536
769,97337.85321598536
770,97337.85321598536
771,97337.85321598536
772,97337.85321598536
773,97337.85321598536
774,97337.85321598536
775,97337.85321598536
776,97337.85321598536
777,97337.85321598536
778,97337.85321598536
779,97337.85321598536
780,97337.85321598536
781,97337.85321598536
782,97337.85321598536
783,97337.85321598536
784,97337.85321598536
785,97337.85321598536
786,97337.85321598536
787,97337.85321598536
788,97337.85321598536
789,97337.85321598536
790,97337.85321598536
791,97337.85321598536
792,97337.85321598536
793,97337.85321598536
794,97337.85321598536
795,97337.85321598536
796,97337.85321598536
797,97337.85321598536
798,97337.85321598536
799,97337.85321598536
800,97337.85321598536
801,97337.85321598536
802,97337.85321598536
803,97337.85321598536
804,97337.85321598536
805,97337.85321598536
806,97337.85321598536
807,97337.85321598536
808,97337.85321598536
809,97337.85321598536
810,97337.85321598536
811,97337.85321598536
812,97337.85321598536
813,97337.85321598536
814,97337.85321598536
815,97337.85321598536
816,97337.85321598536
817,97337.85321598536
818,97337.85321598536
819,97337.85321598536
820,97337.85321598536
821,97337.85321598536
822,97337.85321598536
823,97337.85321598536
824,97337.85321598536
825,97337.85321598536
826,97337.85321598536
827,97337.85321598536
828,97337.85321598536
829,97337.85321598536
830,97337.85321598536
831,97337.85321598536
832,97337.85321598536
833,97337.85321598536
834,97337.85321598536
835,97337.85321598536
836,97337.85321598536
837,97337.85321598536
838,97337.85321598536
839,97337.85321598536
840,97337.85321598536
841,97337.85321598536
842,97337.85321598536
843,97337.85321598536
844,97337.85321598536
845,97193.32911359938
846,97193.32911359938
847,97193.32911359938
848,97193.32911359938
849,97193.32911359938
850,97193.32911359938
851,97193.32911359938
852,97193.32911359938
853,97193.32911359938
854,97193.32911359938
855,97193.32911359938
856,97193.32911359938
857,97193.32911359938
858,97193.32911359938
859,97193.32911359938
860,97193.32911359938
861,97193.32911359938
862,97193.32911359938
863,97193.32911359938
864,97193.32911359938
865,97193.32911359938
866,97193.32911359938
867,97193.32911359938
868,97193.32911359938
869,97193.32911359938
870,97193.32911359938
871,97193.32911359938
872,97193.32911359938
873,97193.32911359938
874,97193.32911359938
875,97193.32911359938
876,97193.32911359938
877,97193.32911359938
878,97193.32911359938
879,97193.32911359938
880,97193.32911359938
881,97193.32911359938
882,97193.32911359938
883,97193.32911359938
884,97193.32911359938
885,97193.32911359938
886,97193.32911359938
887,97193.32911359938
888,97193.32911359938
889,97193.32911359938
890,97193.32911359938
891,97193.32911359938
892,97193.32911359938
893,97193.32911359938
894,97193.32911359938
895,97193.32911359938
896,97193.32911359938
897,97193.32911359938
898,97193.32911359938
899,97193.32911359938
900,97193.32911359938
901,97193.32911359938
902,97193.32911359938
903,97193.32911359938
904,94746.5989151792
905,94746.5989151792
906,94746.5989151792
907,94746.5989151792
908,94746.5989151792
909,94746.5989151792
910,94746.5989151792
911,94746.5989151792
912,94746.5989151792
913,94746.5989151792
914,94746.5989151792
915,94746.5989151792
916,94746.5989151792
917,94746.5989151792
918,94746.5989151792
919,94746.5989151792
920,94746.5989151792
921,94746.5989151792
922,94746.5989151792
923,94746.5989151792
924,94746.5989151792
925,94746.5989151792
926,94746.5989151792
927,94746.5989151792
928,94746.5989151792
929,94746.5989151792
930,94746.5989151792
931,94746.5989151792
932,94746.5989151792
933,94746.5989151792
934,94746.59891517911
935,94746.59891517911
936,94746.59891517911
937,94746.59891517911
938,94746.59891517911
939,94746.59891517911
940,94746.59891517911
941,94746.59891517911
942,94746.59891517911
943,94746.59891517911
944,94746.59891517911
945,94746.59891517911
946,94746.59891517911
947,94746.59891517911
948,94746.59891517911
949,94746.59891517911
950,94746.59891517911
951,94746.59891517911
952,94746.59891517911
953,94746.59891517911
954,94746.59891517911
955,94746.59891517911
956,94746.59891517911
957,94746.59891517911
958,94746.59891517911
959,94746.59891517911
960,94746.59891517911
961,94746.59891517911
962,94746.59891517911
963,94746.59891517911
964,94746.59891517911
965,94746.59891517911
966,94746.59891517911
967,94746.59891517911
968,94746.59891517911
969,94746.59891517911
970,94746.59891517911
971,94746.59891517911
972,94746.59891517911
973,94746.59891517911
974,94746.59891517911
975,94746.59891517911
976,94746.59891517911
977,94746.59891517911
978,94746.59891517911
979,94746.59891517911
980,94746.59891517911
981,94746.59891517911
982,94746.59891517911
983,94746.59891517911
984,94746.59891517911
985,94746.59891517911
986,93593.87981884122
987,93593.87981884122
988,93593.87981884122
989,93593.87981884122
990,93593.87981884122
991,93593.87981884122
992,93593.87981884122
993,93593.87981884122
994,93593.87981884122
995,93593.87981884122
996,93593.87981884122
997,93593.87981884122
998,93593.87981884122
999,93593.87981884122
1000,93593.87981884122
1001,93593.87981884122
1002,93593.87981884122
1003,93593.87981884122
1004,93593.87981884122
1005,93593.87981884122
1006,93593.87981884119
1007,93593.87981884119
1008,93593.87981884119
1009,93593.87981884119
1010,93593.87981884119
1011,93593.87981884119
1012,93593.87981884119
1013,93593.87981884119
1014,93593.87981884119
1015,93593.87981884119
1016,93593.87981884119
1017,93593.87981884119
1018,93593.87981884119
1019,93593.87981884119
1020,93593.87981884119
1021,93593.87981884116
1022,93593.87981884116
1023,93593.87981884116
1024,93593.87981884116
1025,93593.87981884116
1026,93593.87981884116
1027,93593.87981884116
1028,93593.87981884116
1029,93593.87981884116
1030,93593.87981884116
1031,93593.87981884116
1032,93593.87981884116
1033,93593.87981884116
1034,93593.87981884116
1035,93593.87981884116
1036,93593.87981884116
1037,93593.87981884116
1038,93593.87981884116
1039,93593.87981884116
1040,93593.87981884116
1041,93593.87981884116
1042,93593.87981884116
1043,93593.87981884116
1044,93593.87981884112
1045,93593.87981884112
1046,93593.87981884112
1047,93593.87981884112
1048,93593.87981884112
1049,93593.87981884112
1050,93593.87981884112
1051,93593.87981884112
1052,93593.87981884112
1053,93593.87981884112
1054,93593.87981884112
1055,93593.87981884112
1056,93593.87981884112
1057,93593.87981884112
1058,93593.87981884112
1059,93593.87981884112
1060,93593.87981884112
1061,93593.87981884112
1062,93593.87981884112
1063,92971.83564416635
1064,92971.83564416635
1065,92971.83564416629
1066,92971.83564416629
1067,92971.83564416629
1068,92971.83564416629
1069,92971.83564416629
1070,92971.83564416629
1071,92971.83564416629
1072,92971.83564416629
1073,92971.83564416629
1074,92971.83564416629
1075,92971.83564416629
1076,92971.83564416629
1077,92971.83564416629
1078,92971.83564416629
1079,92971.83564416629
1080,92971.83564416629
1081,92971.83564416629
1082,92971.83564416629
1083,92971.83564416629
1084,92971.83564416629
1085,92971.83564416629
1086,88676.67489679389
1087,88676.67489679389
1088,88676.67489679389
1089,88676.67489679389
1090,88676.67489679389
1091,88676.67489679389
1092,88676.67489679389
1093,88676.67489679389
1094,88676.67489679389
1095,88676.67489679389
1096,88676.67489679389
1097,88676.67489679389
1098,88676.67489679389
1099,88676.67489679389
1100,88676.67489679389
1101,88676.67489679389
1102,88676.67489679389
1103,88676.67489679389
1104,88676.67489679389
1105,88676.67489679389
1106,88676.67489679389
1107,88676.67489679389
1108,88676.67489679389
1109,88676.67489679389
1110,88676.67489679389
1111,88676.67489679389
1112,88676.67489679389
1113,88676.67489679389
1114,88676.67489679389
1115,88676.67489679389
1116,88676.67489679389
1117,88676.67489679389
1118,88676.67489679389
1119,88676.67489679389
1120,88676.67489679389
1121,88676.67489679389
1122,88676.67489679389
1123,88676.67489679389
1124,88676.67489679385
1125,88676.67489679385
1126,88676.67489679385
1127,88676.67489679385
1128,88676.67489679385
1129,88676.67489679385
1130,88676.67489679385
1131,88676.67489679385
1132,88676.67489679385
1133,88676.67489679385
1134,88676.67489679385
1135,88676.67489679385
1136,88676.67489679385
1137,88676.67489679385
1138,83812.6639794449
1139,83812.6639794449
1140,83812.6639794449
1141,83812.6639794449
1142,83812.6639794449
1143,83812.6639794449
1144,83812.6639794449
1145,83812.6639794449
1146,83812.6639794449
1147,83812.6639794449
1148,83812.6639794449
1149,83812.6639794449
1150,83812.6639794449
1151,83812.6639794449
1152,83812.6639794449
1153,83812.6639794449
1154,83812.6639794449
1155,83812.6639794449
1156,83812.6639794449
1157,83812.6639794449
1158,83812.6639794449
1159,83812.6639794449
1160,83812.6639794449
1161,83812.6639794449
1162,83812.6639794449
1163,83812.6639794449
1164,83812.6639794449
1165,83812.6639794449
1166,83812.6639794449
1167,83812.6639794449
1168,83812.6639794449
1169,83812.6639794449
1170,83812.6639794449
1171,83812.6639794449
1172,83812.6639794449
1173,83812.6639794449
1174,83812.6639794449
1175,83812.6639794449
1176,83812.66397944484
1177,83812.66397944484
1178,83812.66397944484
1179,83812.66397944484
1180,83812.66397944484
1181,83812.66397944484
1182,83812.66397944484
1183,83812.66397944484
1184,83537.0821013313
1185,83537.0821013313
1186,83537.0821013313
1187,83537.0821013313
1188,83537.0821013313
1189,83537.0821013313
1190,83537.0821013313
1191,83537.0821013313
1192,83537.0821013313
1193,83537.0821013313
1194,83537.0821013313
1195,83537.08210133128
1196,83537.08210133128
1197,83537.08210133128
1198,83537.08210133128
1199,83537.08210133128
1200,83537.08210133128
1201,83537.08210133128
1202,83537.08210133128
1203,83537.08210133128
1204,83537.08210133128
1205,83537.08210133128
1206,83537.08210133128
1207,83537.08210133128
1208,83537.08210133128
1209,83537.08210133128
1210,83537.08210133128
1211,83537.08210133128
1212,83537.08210133128
1213,83537.08210133128
1214,83537.08210133128
1215,83537.08210133128
1216,83537.08210133128
1217,83537.08210133128
1218,83537.08210133128
1219,83537.08210133128
1220,83537.08210133128
1221,83537.08210133128
1222,83537.08210133128
1223,83537.08210133128
1224,83537.08210133128
1225,83537.08210133128
1226,83537.08210133128
1227,83537.08210133128
1228,83537.08210133128
1229,83537.08210133128
1230,83537.08210133128
1231,83537.08210133128
1232,83537.08210133128
1233,83537.08210133128
1234,83537.08210133128
1235,83537.08210133128
1236,83537.08210133128
1237,83537.08210133128
1238,83537.08210133128
1239,83537.08210133128
1240,83537.08210133128
1241,83537.08210133128
1242,83537.08210133128
1243,83537.08210133128
1244,83537.08210133128
1245,83537.08210133128
1246,83537.08210133128
1247,83537.08210133128
1248,83537.08210133128
1249,83537.08210133128
1250,83537.08210133128
1251,83537.08210133128
1252,83537.08210133128
1253,83537.08210133128
1254,83537.08210133128
1255,83537.08210133128
1256,83537.08210133128
1257,83537.08210133128
1258,83537.08210133128
1259,83537.08210133128
1260,83537.08210133128
1261,83537.08210133128
1262,83537.08210133128
1263,83537.08210133128
1264,83537.08210133128
1265,83537.08210133128
1266,83537.08210133128
1267,83537.08210133128
1268,83537.08210133128
1269,83537.08210133128
1270,83537.08210133128
1271,83537.08210133128
1272,83537.08210133128
1273,83537.08210133128
1274,83537.08210133128
1275,83537.08210133128
1276,83537.08210133128
1277,83537.08210133128
1278,83537.08210133128
1279,83537.08210133128
1280,83537.08210133128
1281,83537.08210133128
1282,83537.08210133128
1283,83537.08210133128
1284,83537.08210133128
1285,83537.08210133128
1286,83537.08210133128
1287,83537.08210133128
1288,83537.08210133128
1289,83537.08210133128
1290,83537.08210133128
1291,83537.08210133128
1292,83537.08210133128
1293,83537.08210133128
1294,83537.08210133128
1295,83537.08210133128
1296,83537.08210133128
1297,83537.08210133128
1298,83537.08210133128
1299,83537.08210133128
1300,83537.08210133128
1301,83537.08210133128
1302,83537.08210133128
1303,83537.08210133128
1304,83537.08210133128
1305,83537.08210133128
1306,83537.08210133128
1307,83537.08210133128
1308,83537.08210133128
1309,83537.08210133128
1310,83537.08210133128
1311,83537.08210133128
1312,83537.08210133128
1313,83537.08210133128
1314,83537.08210133128
1315,83537.08210133128
1316,83537.08210133128
1317,83537.08210133128
1318,83537.08210133128
1319,83537.08210133128
1320,83537.08210133128
1321,83537.08210133128
1322,83537.08210133128
1323,83537.08210133128
1324,83537.08210133128
1325,83537.08210133128
1326,83537.08210133128
1327,83537.08210133128
1328,83537.08210133128
1329,83537.08210133128
1330,82577.81758372705
1331,82577.81758372705
1332,82577.81758372705
1333,82577.81758372705
1334,82577.81758372705
1335,82577.81758372705
1336,82577.81758372705
1337,82577.81758372705
1338,82577.81758372705
1339,82577.81758372705
1340,82577.81758372705
1341,82577.81758372705
1342,82577.81758372705
1343,82577.81758372705
1344,82577.81758372705
1345,82577.81758372705
1346,82577.81758372705
1347,82577.81758372705
1348,82577.81758372705
1349,82577.81758372705
1350,82577.81758372705
1351,82577.81758372705
1352,82577.81758372705
1353,82577.81758372705
1354,82577.81758372705
1355,82577.81758372705
1356,82577.81758372705
1357,82577.81758372705
1358,82577.81758372705
1359,82577.81758372705
1360,82577.81758372705
1361,82577.81758372705
1362,82577.81758372705
1363,82577.81758372705
1364,82577.81758372705
1365,82577.81758372705
1366,82577.81758372705
1367,82577.81758372705
1368,82577.81758372705
1369,82577.81758372705
1370,82577.81758372705
1371,82577.81758372705
1372,82577.81758372705
1373,82577.81758372705
1374,82577.81758372705
1375,82577.81758372705
1376,82577.81758372705
1377,82577.81758372705
1378,82577.81758372705
1379,82577.81758372705
1380,82577.81758372705
1381,82577.81758372705
1382,82577.81758372705
1383,82577.81758372705
1384,82577.81758372705
1385,82577.81758372705
1386,82577.81758372705
1387,82577.81758372705
1388,82577.81758372705
1389,82577.81758372705
1390,82577.81758372705
1391,82577.81758372705
1392,82577.81758372705
1393,82577.81758372705
1394,82577.81758372705
1395,82577.81758372705
1396,82577.81758372705
1397,82577.81758372705
1398,82577.81758372705
1399,82577.81758372705
1400,82577.81758372705
1401,82577.81758372705
1402,82577.81758372705
1403,82577.81758372705
1404,82577.81758372705
1405,82577.81758372705
1406,82577.81758372705
1407,82577.81758372705
1408,82577.81758372705
1409,82577.81758372705
1410,82577.81758372705
1411,82577.81758372705
1412,82577.81758372705
1413,82577.81758372705
1414,82577.81758372705
1415,82577.81758372705
1416,77645.99436140634
1417,77645.99436140634
1418,77645.99436140634
1419,77645.99436140634
1420,77645.99436140634
1421,77645.99436140634
1422,77645.99436140634
1423,77645.99436140634
1424,77645.99436140634
1425,77645.99436140634
1426,77645.99436140634
1427,77645.99436140634
1428,77645.99436140634
1429,77645.99436140634
1430,77645.99436140634
1431,77645.99436140634
1432,77645.99436140634
1433,77645.99436140634
1434,77645.99436140634
1435,77645.99436140634
1436,77645.99436140634
1437,77645.99436140634
1438,77645.99436140634
1439,77645.99436140634
1440,77645.99436140634
1441,77645.99436140634
1442,77645.99436140634
1443,77645.99436140634
1444,77645.99436140634
1445,77645.99436140634
1446,77645.99436140634
1447,77645.99436140634
1448,77645.99436140634
1449,77645.99436140634
1450,77645.99436140634
1451,77645.99436140634
1452,77645.99436140634
1453,77645.99436140634
1454,77645.99436140634
1455,77645.99436140634
1456,77645.99436140634
1457,77645.99436140634
1458,77645.99436140634
1459,77645.99436140634
1460,77645.99436140634
1461,77645.99436140634
1462,77645.99436140634
1463,77645.99436140634
1464,77645.99436140634
1465,77645.99436140634
1466,77645.99436140634
1467,77645.99436140634
1468,77645.99436140634
1469,77645.99436140634
1470,77645.99436140634
1471,77645.99436140634
1472,77645.99436140634
1473,77645.99436140634
1474,77645.99436140634
1475,77645.99436140634
1476,77645.99436140634
1477,77645.99436140634
1478,77645.99436140634
1479,77645.99436140634
1480,77645.99436140634
1481,77645.99436140634
1482,77645.99436140634
1483,77645.99436140634
1484,77645.99436140634
1485,77645.99436140634
1486,77645.99436140634
1487,77645.99436140634
1488,77645.99436140634
1489,77645.99436140634
1490,77645.99436140634
1491,77645.99436140634
1492,77645.99436140634
1493,77645.99436140634
1494,76896.6973568986
1495,76896.6973568986
1496,76896.69735689856
1497,76896.69735689856
1498,76896.69735689856
1499,76896.69735689856
1500,76896.69735689856
1501,76896.69735689856
1502,76896.69735689856
1503,76896.69735689856
1504,76896.69735689856
1505,76896.69735689856
1506,76896.69735689856
1507,76896.69735689856
1508,76896.69735689856
1509,76896.69735689856
1510,76896.69735689856
1511,76896.69735689856
1512,76896.69735689856
1513,76896.69735689856
1514,76896.69735689856
1515,76896.69735689856
1516,76896.69735689856
1517,76896.69735689856
1518,76896.69735689856
1519,76896.69735689856
1520,76896.69735689856
1521,76896.69735689856
1522,76896.69735689856
1523,76896.69735689856
1524,76896.69735689856
1525,76896.69735689856
1526,76896.69735689856
1527,76896.69735689856
1528,76896.69735689856
1529,76896.69735689856
1530,76896.69735689856
1531,76896.69735689856
1532,76896.69735689856
1533,76896.69735689856
1534,76896.69735689856
1535,76896.69735689856
1536,76896.69735689856
1537,76896.69735689856
1538,76896.69735689856
1539,76896.69735689856
1540,76896.69735689856
1541,76896.69735689856
1542,76896.69735689856
1543,76896.69735689856
1544,76896.69735689856
1545,76896.69735689856
1546,76896.69735689856
1547,76896.69735689856
1548,76896.69735689856
1549,76896.69735689856
1550,76896.69735689856
1551,76896.69735689856
1552,76896.69735689856
1553,76896.69735689856
1554,76896.69735689856
1555,76896.69735689856
1556,76896.69735689856
1557,76896.69735689856
1558,76896.69735689856
1559,76896.69735689856
1560,76896.69735689856
1561,76896.69735689856
1562,76896.69735689856
1563,76896.69735689856
1564,76896.69735689856
1565,76896.69735689856
1566,76896.69735689856
1567,76896.69735689856
1568,76896.69735689856
1569,76896.69735689856
1570,76896.69735689856
1571,76896.69735689856
1572,76896.69735689854
1573,76896.69735689854
1574,76896.69735689854
1575,76896.69735689854
1576,76896.69735689854
1577,76896.69735689854
1578,76896.69735689854
1579,76896.69735689854
1580,76896.69735689854
1581,76896.69735689854
1582,76896.69735689854
1583,76896.69735689854
1584,76896.69735689854
1585,76896.69735689854
1586,76896.69735689854
1587,76896.69735689854
1588,76896.69735689854
1589,76896.69735689854
1590,76896.69735689854
1591,76896.69735689854
1592,76896.69735689854
1593,76896.69735689854
1594,76896.69735689854
1595,76896.69735689854
1596,76896.69735689854
1597,76896.69735689854
1598,76896.69735689854
1599,76896.69735689854
1600,76896.69735689854
1601,76896.69735689854
1602,76896.69735689854
1603,76896.69735689854
1604,76896.69735689854
1605,76896.69735689854
1606,76896.69735689854
1607,76896.69735689854
1608,76896.69735689854
1609,76896.69735689854
1610,76896.69735689854
1611,76896.69735689854
1612,76896.69735689854
1613,76896.69735689854
1614,76896.69735689854
1615,76896.69735689854
1616,76896.69735689854
1617,76896.6973568985
1618,76896.6973568985
1619,76896.6973568985
1620,76896.6973568985
1621,76896.6973568985
1622,76896.6973568985
1623,76896.6973568985
1624,76896.6973568985
1625,76660.72009332958
1626,76660.72009332958
1627,76660.72009332958
1628,76660.72009332958
1629,76660.72009332958
1630,76660.72009332958
1631,76660.72009332958
1632,76660.72009332958
1633,76660.72009332958
1634,76660.72009332958
1635,76660.72009332958
1636,76660.72009332958
1637,76660.72009332958
1638,76660.72009332958
1639,76660.72009332958
1640,76660.72009332958
1641,76660.72009332958
1642,76660.72009332958
1643,76660.72009332958
1644,76660.72009332958
1645,76660.72009332958
1646,76660.72009332958
1647,76660.72009332958
1648,76660.72009332958
1649,76660.72009332958
1650,76660.72009332958
1651,76660.72009332958
1652,76660.72009332958
1653,76660.72009332958
1654,76660.72009332958
1655,76660.72009332958
1656,76660.72009332958
1657,76660.72009332958
1658,76660.72009332958
1659,76660.72009332958
1660,76660.72009332958
1661,76660.72009332958
1662,76660.72009332958
1663,76660.72009332958
1664,76660.72009332958
1665,76660.72009332958
1666,76660.72009332958
1667,76660.72009332958
1668,76660.72009332958
1669,76660.72009332958
1670,76660.72009332958
1671,76660.72009332958
1672,76660.72009332958
1673,76660.72009332958
1674,76660.72009332958
1675,76660.72009332958
1676,76660.72009332958
1677,76660.72009332958
1678,76660.72009332958
1679,76660.7200933295
1680,76660.7200933295
1681,76660.7200933295
1682,76660.7200933295
1683,76660.7200933295
1684,76660.7200933295
1685,76660.7200933295
1686,76660.72009332947
1687,76660.72009332947
1688,76660.72009332947
1689,76660.72009332947
1690,76660.72009332947
1691,76660.72009332947
1692,76660.72009332947
1693,76660.72009332947
1694,76660.72009332947
1695,76660.72009332947
1696,76660.72009332947
1697,76660.72009332947
1698,76660.72009332947
1699,76660.72009332947
1700,76660.72009332947
1701,76660.72009332947
1702,76660.72009332947
1703,76660.72009332947
1704,76660.72009332947
1705,76660.72009332947
1706,76660.72009332947
1707,76660.72009332947
1708,76660.72009332947
1709,76660.72009332947
1710,76660.72009332947
1711,76660.72009332947
1712,76660.72009332947
1713,76660.72009332947
1714,76660.72009332947
1715,76660.72009332947
1716,76660.72009332947
1717,76660.72009332947
1718,76660.72009332947
1719,76660.72009332947
1720,76660.72009332947
1721,76660.72009332947
1722,76660.72009332947
1723,76660.72009332947
1724,76660.72009332947
1725,76660.72009332947
1726,76660.72009332947
1727,76660.72009332947
1728,76660.72009332947
1729,76660.72009332947
1730,76660.72009332947
1731,76660.72009332947
1732,76660.72009332947
1733,76660.72009332947
1734,76660.72009332947
1735,76660.72009332947
1736,76660.72009332947
1737,76660.72009332947
1738,76660.72009332947
1739,76660.72009332947
1740,76660.72009332947
1741,76660.72009332947
1742,76660.72009332947
1743,76660.72009332947
1744,76660.72009332947
1745,76660.72009332947
1746,76660.72009332947
1747,76660.72009332947
1748,76660.72009332947
1749,76660.72009332947
1750,76660.72009332947
1751,76660.72009332947
1752,76660.72009332947
1753,76660.72009332947
1754,76660.72009332947
1755,76660.72009332947
1756,76660.72009332947
1757,76660.72009332947
1758,76660.72009332947
1759,76660.72009332947
1760,76660.72009332947
1761,76660.72009332947
1762,76660.72009332947
1763,76660.72009332947
1764,76660.72009332947
1765,76660.72009332947
1766,76660.72009332947
1767,76660.72009332947
1768,76660.72009332947
1769,76660.72009332947
1770,76660.72009332947
1771,76660.72009332947
1772,76660.72009332947
1773,76660.72009332947
1774,76660.72009332947
1775,76660.72009332947
1776,76660.72009332947
1777,76660.72009332947
1778,76660.72009332947
1779,76660.72009332947
1780,76660.72009332947
1781,76660.72009332947
1782,76660.72009332947
1783,76660.72009332947
1784,76660.72009332947
1785,76660.72009332947
1786,76660.72009332947
1787,76660.72009332947
1788,76660.72009332947
1789,76660.72009332947
1790,76660.72009332947
1791,76660.72009332947
1792,76660.72009332947
1793,76660.72009332947
1794,76660.72009332947
1795,76660.72009332947
1796,76660.72009332947
1797,76660.72009332947
1798,76660.72009332947
1799,76660.72009332947
1800,76660.72009332947
1801,76660.72009332947
1802,76660.72009332947
1803,76660.72009332947
1804,76660.72009332947
1805,76660.72009332947
1806,76660.72009332947
1807,76660.72009332947
1808,76660.72009332947
1809,76660.72009332947
1810,76660.72009332947
1811,76660.72009332947
1812,76660.72009332947
1813,76660.72009332947
1814,76660.72009332947
1815,76660.72009332947
1816,76660.72009332947
1817,76660.72009332947
1818,76660.72009332947
1819,75794.37243796793
1820,75794.37243796792
1821,75794.37243796788
1822,75794.37243796788
1823,75794.37243796788
1824,75794.37243796788
1825,75794.37243796788
1826,75794.37243796788
1827,75794.37243796788
1828,75794.37243796788
1829,75794.37243796788
1830,75794.37243796788
1831,75794.37243796788
1832,75794.37243796788
1833,75794.37243796788
1834,75794.37243796788
1835,75794.37243796788
1836,75794.37243796788
1837,75794.37243796788
1838,75794.37243796788
1839,75794.37243796788
1840,75794.37243796788
1841,75794.37243796788
1842,75794.37243796788
1843,75794.37243796788
1844,75794.37243796788
1845,75794.37243796788
1846,75794.37243796788
1847,75794.37243796788
1848,75794.37243796788
1849,75794.37243796788
1850,75794.37243796788
1851,75794.37243796788
1852,75794.37243796788
1853,75794.37243796788
1854,75794.37243796788
1855,75794.37243796788
1856,75794.37243796788
1857,75794.37243796788
1858,75794.37243796788
1859,75794.37243796788
1860,75794.37243796788
1861,75794.37243796788
1862,75794.37243796785
1863,75794.37243796785
1864,75794.37243796785
1865,75794.37243796785
1866,75794.37243796785
1867,75794.37243796785
1868,75794.37243796785
1869,74956.87495543997
1870,74956.87495543997
1871,74956.87495543997
1872,74956.87495543997
1873,74956.87495543997
1874,74956.87495543997
1875,74956.87495543997
1876,74956.87495543997
1877,68997.32979152774
1878,68997.32979152774
1879,68997.32979152774
1880,68997.32979152774
1881,68997.32979152774
1882,68997.32979152774
1883,68997.32979152774
1884,68997.32979152774
1885,68997.32979152774
1886,68997.32979152774
1887,68997.32979152774
1888,68997.32979152774
1889,68740.71371938263
1890,68740.71371938263
1891,68740.71371938263
1892,68740.71371938263
1893,68740.71371938263
1894,68740.71371938263
1895,68740.71371938263
1896,68740.71371938263
1897,68740.71371938263
1898,68740.71371938263
1899,68740.71371938263
1900,68740.71371938263
1901,68740.71371938263
1902,68740.71371938263
1903,68740.71371938263
1904,68740.71371938263
1905,68740.71371938263
1906,68740.71371938263
1907,68740.71371938263
1908,68740.71371938263
1909,68740.71371938263
1910,68740.71371938263
1911,68740.71371938259
1912,68740.71371938259
1913,68740.71371938259
1914,68740.71371938259
1915,68740.71371938259
1916,68740.71371938259
1917,68740.71371938259
1918,68740.71371938259
1919,68740.71371938259
1920,68740.71371938259
1921,68740.71371938259
1922,68740.71371938259
1923,68740.71371938259
1924,68740.71371938259
1925,68740.71371938259
1926,68740.71371938259
1927,68740.71371938259
1928,68740.71371938259
1929,68740.71371938259
1930,68740.71371938259
1931,68740.71371938259
1932,68740.71371938259
1933,68740.71371938259
1934,68740.71371938259
1935,68740.71371938259
1936,68740.71371938259
1937,68740.71371938259
1938,68740.71371938259
1939,68740.71371938259
1940,68740.71371938259
1941,68740.71371938259
1942,68740.71371938259
1943,68740.71371938259
1944,68740.71371938259
1945,68740.71371938259
1946,68740.71371938259
1947,68740.71371938259
1948,68740.71371938259
1949,68740.71371938259
1950,68740.71371938259
1951,68740.71371938259
1952,68740.71371938259
1953,68740.71371938259
1954,68740.71371938259
1955,68740.71371938259
1956,68740.71371938259
1957,68740.71371938259
1958,68740.71371938259
1959,68740.71371938259
1960,68740.71371938259
1961,68740.71371938259
1962,68740.71371938259
1963,68740.71371938259
1964,68740.71371938259
1965,68740.71371938259
1966,68740.71371938259
1967,68740.71371938259
1968,68740.71371938259
1969,68740.71371938259
1970,68740.71371938259
1971,68740.71371938259
1972,68740.71371938259
1973,68740.71371938259
1974,68740.71371938259
1975,68740.71371938259
1976,68740.71371938259
1977,68740.71371938259
1978,68740.71371938259
1979,68740.71371938259
1980,68740.71371938259
1981,68740.71371938259
1982,68740.71371938259
1983,68740.71371938259
1984,68740.71371938259
1985,68740.71371938259
1986,68740.71371938259
1987,68740.71371938259
1988,68740.71371938259
1989,68740.71371938259
1990,68740.71371938259
1991,68740.71371938259
1992,68740.71371938259
1993,68740.71371938259
1994,68740.71371938259
1995,68740.71371938259
1996,68740.71371938259
1997,67883.54976628165
1998,67883.54976628165
1999,67883.54976628165
2000,67883.54976628165
2001,67883.54976628165
2002,67883.54976628165
2003,67883.54976628165
2004,67883.54976628165
2005,67883.54976628165
2006,67883.54976628165
2007,67883.54976628165
2008,67883.54976628165
2009,67883.54976628165
2010,67883.54976628165
2011,67883.54976628165
2012,67883.54976628165
2013,67883.54976628165
2014,67883.54976628165
2015,67883.54976628165
2016,67883.54976628165
2017,67883.54976628165
2018,67883.54976628165
2019,67883.54976628165
2020,67883.54976628165
2021,67883.54976628165
2022,67883.54976628165
2023,67883.54976628165
2024,67883.54976628165
2025,67883.54976628165
2026,67883.54976628165
2027,67883.54976628165
2028,67883.54976628165
2029,67883.54976628165
2030,67883.54976628165
2031,67883.54976628165
2032,67883.54976628165
2033,67883.54976628165
2034,67883.54976628165
2035,67883.54976628162
2036,67883.54976628162
2037,67883.54976628162
2038,67883.54976628162
2039,67883.54976628162
2040,67883.54976628162
2041,67883.54976628162
2042,67883.54976628162
2043,67883.54976628162
2044,67883.54976628162
2045,67883.54976628162
2046,67883.54976628162
2047,58615.879775687514
2048,58615.879775687514
2049,58615.879775687485
2050,58615.879775687485
2051,58615.879775687485
2052,58615.879775687485
2053,58615.879775687485
2054,58615.879775687485
2055,58615.879775687485
2056,58615.879775687485
2057,58615.87977568745
2058,58615.87977568745
2059,58615.87977568745
2060,58615.87977568745
2061,58615.87977568745
2062,58615.87977568745
2063,58615.87977568745
2064,58615.87977568745
2065,58615.87977568745
2066,58615.87977568745
2067,58615.87977568745
2068,58615.87977568745
2069,58615.87977568743
2070,58615.87977568743
2071,58615.87977568743
2072,58615.87977568743
2073,58615.87977568743
2074,58615.87977568743
2075,58615.87977568743
2076,58615.87977568743
2077,58615.87977568743
2078,58615.87977568743
2079,58615.87977568743
2080,58615.87977568743
2081,58615.87977568743
2082,58615.87977568743
2083,58615.87977568743
2084,58615.87977568743
2085,58615.87977568743
2086,58615.87977568743
2087,58615.87977568743
2088,58615.87977568743
2089,55363.8790141738
2090,55363.8790141738
2091,55363.8790141738
2092,55363.8790141738
2093,55363.8790141738
2094,55363.8790141738
2095,55363.8790141738
2096,55363.8790141738
2097,55363.8790141738
2098,55363.8790141738
2099,55363.8790141738
2100,55363.8790141738
2101,55363.8790141738
2102,55363.8790141738
2103,55363.8790141738
2104,55363.8790141738
2105,55363.8790141738
2106,55363.8790141738
2107,55363.8790141738
2108,55363.8790141738
2109,55363.8790141738
2110,55363.8790141738
2111,55363.8790141738
2112,55363.8790141738
2113,55363.8790141738
2114,55363.8790141738
2115,55363.8790141738
2116,55363.8790141738
2117,55363.8790141738
2118,55363.8790141738
2119,55363.8790141738
2120,55363.8790141738
2121,55363.8790141738
2122,55363.8790141738
2123,55363.8790141738
2124,55363.8790141738
2125,55363.8790141738
2126,55363.8790141738
2127,55363.8790141738
2128,55363.8790141738
2129,55363.8790141738
2130,55363.8790141738
2131,55363.8790141738
2132,55363.8790141738
2133,55363.8790141738
2134,55363.8790141738
2135,55363.8790141738
2136,55363.8790141738
2137,55363.8790141738
2138,55363.8790141738
2139,55363.8790141738
2140,55363.8790141738
2141,55363.8790141738
2142,55363.8790141738
2143,55363.8790141738
2144,55363.8790141738
2145,55363.8790141738
2146,55363.8790141738
2147,55363.8790141738
2148,55363.8790141738
2149,55363.8790141738
2150,55363.8790141738
2151,55363.8790141738
2152,55363.8790141738
2153,55363.8790141738
2154,55363.8790141738
2155,55363.8790141738
2156,55363.8790141738
2157,55363.8790141738
2158,55363.8790141738
2159,55363.8790141738
2160,55363.8790141738
2161,55363.8790141738
2162,55363.8790141738
2163,55363.8790141738
2164,55363.8790141738
2165,55363.8790141738
2166,55363.8790141738
2167,55363.8790141738
2168,55363.8790141738
2169,55363.8790141738
2170,55363.8790141738
2171,55363.8790141738
2172,55363.8790141738
2173,55363.8790141738
2174,55363.8790141738
2175,55363.8790141738
2176,55363.87901417379
2177,55363.87901417379
2178,55363.87901417379
2179,55363.87901417379
2180,55363.87901417379
2181,55363.87901417379
2182,55363.87901417379
2183,55363.87901417379
2184,55363.87901417379
2185,55363.87901417379
2186,55363.87901417379
2187,55363.87901417379
2188,55363.87901417379
2189,55363.87901417379
2190,55363.87901417379
2191,55363.87901417379
2192,55363.87901417379
2193,55363.87901417379
2194,55363.87901417379
2195,55363.87901417379
2196,55363.87901417379
2197,55363.87901417379
2198,55363.87901417379
2199,55363.87901417379
2200,55363.87901417379
2201,55363.87901417379
2202,55363.87901417379
2203,55363.87901417379
2204,55363.87901417379
2205,55363.879014173755
2206,55363.879014173755
2207,55363.879014173755
2208,55363.879014173755
2209,55363.879014173755
2210,55363.879014173755
2211,55363.879014173755
2212,55363.879014173755
2213,55363.879014173755
2214,55363.879014173755
2215,55363.879014173755
2216,55363.879014173755
2217,55363.879014173755
2218,55363.879014173755
2219,55363.879014173755
2220,55363.8790141737
2221,55363.8790141737
2222,55363.8790141737
2223,55363.8790141737
2224,55363.8790141737
2225,55363.8790141737
2226,55363.8790141737
2227,55363.8790141737
2228,55363.8790141737
2229,55363.8790141737
2230,55363.8790141737
2231,55363.8790141737
2232,55363.8790141737
2233,55363.8790141737
2234,55363.8790141737
2235,55363.8790141737
2236,55363.8790141737
2237,55363.8790141737
2238,55363.8790141737
2239,55363.8790141737
2240,55363.8790141737
2241,55363.8790141737
2242,55363.8790141737
2243,55363.8790141737
2244,55363.8790141737
2245,55363.8790141737
2246,55363.8790141737
2247,55363.8790141737
2248,55363.8790141737
2249,55363.8790141737
2250,55363.8790141737
2251,55363.8790141737
2252,55363.8790141737
2253,55363.8790141737
2254,55363.8790141737
2255,55363.8790141737
2256,55363.8790141737
2257,55363.8790141737
2258,55363.8790141737
2259,55363.8790141737
2260,55363.8790141737
2261,55363.8790141737
2262,55363.8790141737
2263,55363.8790141737
2264,55363.8790141737
2265,55363.8790141737
2266,55363.8790141737
2267,55363.8790141737
2268,55363.8790141737
2269,55363.8790141737
2270,55363.8790141737
2271,55363.8790141737
2272,55363.8790141737
2273,55363.8790141737
2274,55363.8790141737
2275,55363.8790141737
2276,55363.8790141737
2277,55363.8790141737
2278,55363.8790141737
2279,55363.8790141737
2280,55363.8790141737
2281,55363.8790141737
2282,55363.8790141737
2283,55363.8790141737
2284,55363.8790141737
2285,55363.8790141737
2286,55363.8790141737
2287,55363.8790141737
2288,53954.196801268154
2289,53954.196801268154
2290,53954.196801268154
2291,53954.196801268154
2292,53954.196801268154
2293,53954.196801268154
2294,53954.196801268154
2295,53954.196801268154
2296,53954.196801268154
2297,53954.196801268154
2298,53954.196801268154
2299,53954.196801268154
2300,53954.196801268154
2301,53954.196801268154
2302,53954.196801268154
2303,53954.196801268154
2304,53954.196801268154
2305,53954.196801268154
2306,53954.196801268154
2307,53954.196801268154
2308,53954.196801268154
2309,53954.196801268154
2310,53954.196801268154
2311,53954.196801268154
2312,53954.19680126814
2313,53954.19680126814
2314,53954.19680126814
2315,53954.19680126813
2316,53954.19680126813
2317,53954.19680126813
2318,53954.19680126813
2319,53954.19680126813
2320,53954.19680126813
2321,53954.19680126813
2322,53954.19680126813
2323,53954.19680126813
2324,53954.19680126813
2325,53954.19680126813
2326,53954.19680126813
2327,53954.19680126813
2328,53954.19680126813
2329,53954.19680126813
2330,53954.19680126813
2331,53954.19680126813
2332,53954.19680126813
2333,53954.19680126813
2334,53954.19680126813
2335,53954.19680126813
2336,53954.19680126813
2337,53954.19680126813
2338,53954.19680126813
2339,53954.19680126813
2340,53954.19680126813
2341,53954.19680126813
2342,53954.19680126813
2343,53954.19680126813
2344,53954.19680126813
2345,53954.19680126813
2346,53954.19680126813
2347,53954.19680126813
2348,53954.19680126813
2349,53954.19680126813
2350,53954.19680126813
2351,53954.19680126813
2352,53954.19680126813
2353,53954.19680126813
2354,53954.19680126813
2355,53954.19680126813
2356,48924.57000800719
2357,48924.57000800719
2358,48924.57000800719
2359,48924.57000800719
2360,48924.57000800719
2361,48924.57000800719
2362,48924.57000800719
2363,48924.57000800719
2364,48924.57000800719
2365,48924.57000800719
2366,48924.57000800719
2367,48924.57000800719
2368,48924.57000800719
2369,48924.57000800719
2370,48924.57000800719
2371,48924.57000800719
2372,48924.57000800719
2373,48924.57000800719
2374,48924.57000800719
2375,48924.57000800719
2376,48924.57000800719
2377,48924.57000800719
2378,48924.57000800719
2379,48924.57000800719
2380,48924.57000800719
2381,48924.57000800719
2382,48924.57000800719
2383,48924.57000800719
2384,48924.57000800719
2385,48924.57000800719
2386,48924.57000800719
2387,48924.57000800719
2388,48924.57000800719
2389,48924.57000800719
2390,48924.57000800719
2391,48924.57000800719
2392,48924.57000800719
2393,48924.57000800719
2394,48924.57000800719
2395,48924.57000800719
2396,48924.57000800719
2397,48924.57000800719
2398,48924.57000800719
2399,48924.57000800719
2400,48924.57000800719
2401,48924.57000800719
2402,48924.57000800719
2403,48924.57000800719
2404,48924.57000800719
2405,48924.57000800719
2406,48924.57000800719
2407,48924.57000800719
2408,48924.57000800719
2409,48924.57000800719
2410,48924.57000800719
2411,48924.57000800719
2412,48924.57000800719
2413,48924.57000800719
2414,48924.57000800719
2415,48924.57000800719
2416,48924.57000800719
2417,48924.57000800719
2418,48924.57000800719
2419,48924.57000800719
2420,48924.57000800719
2421,48924.57000800719
2422,48924.57000800719
2423,48924.57000800719
2424,48924.57000800719
2425,48924.57000800719
2426,48924.57000800719
2427,48924.57000800719
2428,48924.57000800719
2429,48924.57000800719
2430,48924.57000800719
2431,48924.57000800719
2432,48924.57000800719
2433,48809.004608113915
2434,48809.004608113915
2435,48809.004608113915
2436,48809.004608113915
2437,48809.004608113915
2438,48809.004608113915
2439,48809.004608113915
2440,48809.004608113915
2441,48809.004608113915
2442,48809.004608113915
2443,48809.004608113915
2444,48809.004608113915
2445,48809.004608113915
2446,48809.004608113915
2447,48809.004608113915
2448,48809.004608113915
2449,48809.004608113915
2450,48809.004608113915
2451,48809.004608113915
2452,48809.004608113915
2453,48809.004608113915
2454,47922.07244752377
2455,47922.07244752377
2456,47922.07244752377
2457,47922.07244752377
2458,47922.07244752377
2459,47922.07244752377
2460,47922.07244752377
2461,47922.07244752371
2462,47922.07244752371
2463,47922.07244752371
2464,47922.07244752371
2465,47922.07244752371
2466,47922.07244752371
2467,47922.07244752371
2468,47922.07244752371
2469,47922.07244752371
2470,47922.07244752371
2471,47922.07244752371
2472,47922.07244752371
2473,47922.07244752371
2474,47922.07244752371
2475,47922.07244752368
2476,47922.07244752368
2477,47922.07244752368
2478,47922.07244752368
2479,47922.07244752368
2480,47922.07244752368
2481,47922.07244752368
2482,47922.07244752368
2483,47922.07244752368
2484,47922.07244752368
2485,47922.07244752368
2486,47922.07244752368
2487,47922.07244752368
2488,47922.07244752368
2489,47922.07244752368
2490,47922.07244752368
2491,47922.07244752368
2492,47922.07244752368
2493,47922.07244752368
2494,47922.07244752368
2495,47922.07244752368
2496,47922.07244752368
2497,47922.07244752368
2498,47922.07244752368
2499,47922.07244752368
