iteracion,valor_coste
0,1577857.2597926701
1,1574695.786167841
2,1574695.786167841
3,1574695.786167841
4,1492754.022069887
5,1489283.4668500107
6,1489283.4668500107
7,1489283.4668500107
8,1489283.4668500107
9,1475995.1938080713
10,1475995.1938080713
11,1374277.0958575122
12,1374277.0958575122
13,1374277.0958575122
14,1374277.0958575122
15,1374277.0958575122
16,1374277.0958575122
17,1374277.0958575122
18,1374277.0958575122
19,1374277.0958575122
20,1137441.592468881
21,1137441.592468881
22,1137441.592468881
23,1137441.592468881
24,1137441.592468881
25,1137441.592468881
26,1121193.7241025285
27,1121193.7241025285
28,1121193.7241025285
29,1121193.7241025285
30,1121193.7241025285
31,1121193.7241025285
32,1121193.7241025285
33,1121193.7241025283
34,1121193.7241025283
35,1121193.7241025283
36,1121193.7241025283
37,1121193.7241025283
38,1121193.7241025283
39,1121193.7241025283
40,1121193.7241025283
41,1092294.7787137853
42,1092294.7787137853
43,1092294.7787137853
44,1078447.5225178564
45,1078447.5225178564
46,1078447.5225178564
47,1078447.5225178564
48,1078447.5225178564
49,1078447.5225178564
50,1078447.5225178564
51,1055497.1797783773
52,1055497.1797783773
53,1055497.1797783773
54,1045650.4699675475
55,1045650.469967547
56,1045650.469967547
57,1045650.469967547
58,1029189.6368454368
59,1029189.6368454368
60,1029189.6368454368
61,1029189.6368454368
62,1029189.6368454368
63,1029189.6368454368
64,1029189.6368454368
65,978738.7285731663
66,978738.7285731663
67,978738.7285731663
68,978738.7285731661
69,978738.7285731661
70,978738.7285731661
71,978738.7285731661
72,978738.7285731661
73,978738.7285731661
74,978738.7285731661
75,978738.7285731657
76,978738.7285731657
77,978738.7285731657
78,978738.7285731657
79,978738.7285731657
80,978738.7285731657
81,898844.8639631775
82,898844.8639631775
83,816230.9609929718
84,816230.9609929718
85,816230.9609929718
86,816230.9609929718
87,816230.9609929718
88,816230.9609929718
89,653013.9496444288
90,653013.9496444288
91,653013.9496444288
92,653013.9496444288
93,653013.9496444282
94,653013.9496444282
95,653013.9496444282
96,652935.4063752579
97,652935.4063752579
98,652935.4063752579
99,652935.4063752579
100,632014.2095907481
101,632014.2095907481
102,575610.9528555428
103,575610.9528555428
104,575610.9528555428
105,575610.9528555428
106,575610.9528555428
107,575610.9528555428
108,575610.9528555428
109,575610.9528555428
110,574886.5782538825
111,574886.5782538825
112,574886.5782538825
113,574886.5782538825
114,574886.5782538825
115,574886.5782538822
116,574886.5782538822
117,574886.5782538822
118,574886.5782538822
119,574886.5782538822
120,574886.5782538822
121,574886.5782538822
122,574886.5782538822
123,574886.5782538822
124,574886.5782538822
125,574886.5782538822
126,574886.5782538822
127,574886.5782538822
128,517785.07728751155
129,517785.07728751155
130,517785.07728751155
131,517785.07728751155
132,517785.07728751155
133,462285.2312574167
134,462285.2312574167
135,462285.2312574167
136,462285.2312574167
137,462285.2312574167
138,462285.2312574167
139,311656.5847217543
140,311656.58472175413
141,311656.58472175413
142,311656.58472175413
143,311656.58472175413
144,311656.58472175413
145,311656.58472175413
146,311656.58472175413
147,311656.58472175413
148,296260.8017764576
149,296260.8017764576
150,282743.6880768869
151,282743.6880768869
152,282743.6880768869
153,282743.6880768869
154,282743.6880768869
155,282743.6880768869
156,282743.6880768869
157,282743.6880768869
158,282743.6880768869
159,282743.6880768869
160,282743.6880768869
161,282743.6880768869
162,282743.6880768869
163,282743.6880768869
164,282743.6880768869
165,282743.6880768869
166,282743.6880768869
167,282743.6880768869
168,282743.6880768869
169,282743.6880768869
170,282743.6880768869
171,282743.6880768869
172,282743.6880768869
173,282743.6880768869
174,282743.6880768869
175,282743.6880768869
176,282743.6880768869
177,282743.6880768869
178,282743.6880768869
179,282743.6880768869
180,282743.6880768869
181,282743.6880768869
182,282743.6880768869
183,282743.6880768869
184,282743.6880768869
185,282743.6880768869
186,282743.6880768869
187,282743.6880768869
188,282743.6880768869
189,282743.6880768869
190,282743.6880768869
191,282743.6880768869
192,282743.6880768869
193,282743.6880768869
194,282743.6880768869
195,282743.6880768869
196,282743.6880768869
197,282743.6880768869
198,282743.6880768869
199,282743.6880768869
200,282743.6880768869
201,282743.6880768869
202,282743.6880768869
203,282743.6880768869
204,282743.6880768869
205,282743.6880768869
206,282743.6880768869
207,282743.6880768869
208,282743.6880768869
209,282743.6880768869
210,282743.68807688676
211,282743.68807688676
212,282743.68807688676
213,282743.68807688676
214,282743.68807688676
215,282743.68807688676
216,282743.68807688676
217,282743.68807688676
218,282743.68807688676
219,282743.68807688676
220,282743.68807688676
221,282743.68807688676
222,282743.68807688676
223,282743.68807688676
224,282743.68807688676
225,282743.68807688676
226,282743.68807688676
227,282743.68807688676
228,282743.68807688676
229,282743.68807688676
230,282743.68807688676
231,282743.68807688676
232,282743.68807688664
233,282743.68807688664
234,282743.68807688664
235,282743.68807688664
236,282743.68807688664
237,282743.68807688664
238,282743.68807688664
239,282743.68807688664
240,282743.68807688664
241,282743.68807688664
242,282743.68807688664
243,282743.68807688664
244,282743.68807688664
245,282743.68807688664
246,282743.68807688664
247,282743.68807688664
248,282743.68807688664
249,282743.68807688664
250,282743.68807688664
251,282743.68807688664
252,282743.68807688664
253,282743.68807688664
254,282743.68807688664
255,282743.68807688664
256,282743.68807688664
257,282743.6880768866
258,282743.6880768866
259,282743.6880768866
260,282743.6880768866
261,282743.6880768866
262,282743.6880768866
263,282743.6880768866
264,282743.6880768866
265,282743.6880768866
266,282743.6880768866
267,282743.6880768866
268,282743.6880768866
269,282743.6880768866
270,282743.6880768866
271,282743.6880768866
272,282743.6880768866
273,282743.6880768866
274,282743.6880768866
275,282743.6880768866
276,282743.6880768866
277,282743.6880768866
278,282743.6880768866
279,282743.6880768866
280,282743.6880768866
281,282743.6880768866
282,282743.6880768866
283,282743.6880768866
284,282743.6880768866
285,282743.6880768866
286,282743.6880768866
287,282743.6880768866
288,282743.6880768866
289,282743.6880768866
290,282743.6880768866
291,282743.6880768866
292,282743.6880768866
293,282743.6880768866
294,282743.6880768866
295,282743.6880768866
296,282743.6880768866
297,282743.6880768866
298,282743.6880768866
299,282743.6880768866
300,282743.6880768866
301,282743.6880768866
302,282743.6880768866
303,282743.6880768866
304,282743.6880768866
305,282743.6880768866
306,282743.6880768866
307,282743.6880768866
308,282743.6880768866
309,282743.6880768866
310,282743.6880768866
311,282743.6880768866
312,282743.6880768866
313,282743.6880768866
314,282743.6880768866
315,282743.6880768866
316,282743.6880768866
317,282743.6880768866
318,282743.6880768866
319,282743.6880768866
320,282743.6880768866
321,282743.6880768866
322,282743.6880768866
323,282743.6880768866
324,282743.6880768866
325,282743.6880768866
326,282743.6880768866
327,269776.3225028166
328,269776.3225028166
329,269776.32250281656
330,269776.32250281656
331,269776.32250281656
332,269776.32250281656
333,269776.32250281656
334,269776.32250281656
335,269776.32250281656
336,269776.32250281656
337,269776.32250281656
338,269776.32250281656
339,269776.32250281656
340,269776.32250281645
341,269776.32250281645
342,269776.32250281645
343,269776.32250281645
344,269776.32250281645
345,269776.32250281645
346,269776.32250281645
347,269776.32250281645
348,269776.3225028163
349,269776.3225028163
350,269776.3225028163
351,269776.3225028163
352,269776.3225028163
353,269776.3225028163
354,269776.3225028163
355,269776.3225028163
356,269776.3225028163
357,269776.3225028163
358,269776.3225028163
359,269776.3225028163
360,269776.3225028163
361,269776.3225028163
362,269776.3225028163
363,269776.3225028163
364,269776.3225028163
365,269776.3225028163
366,269776.3225028163
367,269776.3225028163
368,269776.3225028163
369,269776.3225028163
370,269776.3225028163
371,269776.3225028163
372,269776.3225028163
373,269776.3225028163
374,269776.32250281627
375,269776.32250281627
376,269776.32250281627
377,269776.32250281627
378,269776.32250281627
379,269776.32250281627
380,269776.32250281627
381,269776.32250281627
382,269776.32250281627
383,269776.32250281627
384,269776.32250281627
385,269776.32250281627
386,269776.32250281627
387,269776.32250281627
388,269776.32250281627
389,269776.32250281627
390,269776.32250281627
391,269776.32250281627
392,269776.32250281627
393,269776.32250281627
394,269776.32250281627
395,269776.32250281627
396,269776.32250281627
397,269776.32250281627
398,269776.32250281627
399,269776.32250281627
400,269776.32250281627
401,269776.32250281627
402,269776.32250281627
403,269776.32250281627
404,269776.32250281627
405,269776.32250281627
406,269776.32250281627
407,269776.32250281627
408,269776.32250281627
409,269776.32250281627
410,269776.32250281627
411,269776.32250281627
412,269776.32250281627
413,269776.32250281627
414,269776.32250281627
415,269776.32250281627
416,269776.32250281627
417,269776.32250281627
418,269776.32250281627
419,269776.32250281627
420,269776.32250281627
421,269776.32250281627
422,269776.32250281627
423,269776.32250281627
424,269776.32250281627
425,269776.32250281627
426,269776.32250281627
427,269776.32250281627
428,269776.32250281627
429,269776.32250281627
430,269776.32250281627
431,269776.32250281627
432,269776.32250281627
433,269776.32250281627
434,269776.32250281627
435,269776.32250281627
436,269776.32250281627
437,269776.32250281627
438,269776.32250281627
439,269776.32250281627
440,269776.32250281627
441,269776.32250281627
442,269776.32250281627
443,269776.32250281627
444,269776.32250281627
445,269213.10775332706
446,269213.10775332706
447,269213.10775332706
448,269213.10775332706
449,269213.10775332706
450,269213.10775332706
451,269213.10775332706
452,269213.10775332706
453,269213.10775332706
454,269213.10775332706
455,269213.10775332706
456,269213.10775332706
457,269213.10775332706
458,269213.10775332706
459,269213.10775332706
460,269213.10775332706
461,269213.10775332706
462,269213.10775332706
463,269213.107753327
464,269213.107753327
465,262321.87109513587
466,262321.87109513587
467,262321.87109513587
468,262321.87109513587
469,262321.87109513587
470,262321.87109513587
471,262321.87109513587
472,262321.87109513587
473,262321.87109513587
474,262321.87109513587
475,262321.87109513587
476,262321.87109513587
477,262321.87109513587
478,262321.87109513587
479,262321.8710951357
480,262321.8710951357
481,262321.8710951356
482,262321.8710951356
483,262321.8710951356
484,262321.8710951356
485,262321.8710951356
486,262321.8710951356
487,262321.8710951356
488,262321.8710951356
489,262321.8710951356
490,262321.8710951356
491,262321.8710951356
492,262321.8710951356
493,262321.8710951356
494,262321.8710951356
495,262321.8710951356
496,262321.8710951356
497,262321.8710951356
498,262321.87109513546
499,262321.87109513546
500,262321.87109513546
501,262321.87109513546
502,262321.87109513546
503,262321.87109513546
504,262321.87109513546
505,262321.87109513546
506,262321.87109513546
507,262321.87109513546
508,262321.87109513546
509,262321.87109513546
510,262321.87109513546
511,262321.87109513546
512,262321.87109513546
513,262321.87109513546
514,262321.87109513546
515,262321.87109513546
516,262321.87109513546
517,262321.87109513546
518,262321.87109513546
519,262321.87109513546
520,262321.87109513546
521,262321.87109513546
522,262321.87109513546
523,253634.68040158736
524,253634.68040158736
525,253634.68040158736
526,253634.68040158736
527,253634.68040158736
528,253634.68040158736
529,253634.68040158736
530,253634.68040158736
531,253634.68040158736
532,253634.68040158736
533,253634.68040158736
534,253634.68040158736
535,253634.68040158736
536,253634.68040158736
537,253634.68040158736
538,253634.68040158736
539,253634.68040158736
540,253634.68040158736
541,253634.68040158736
542,253634.68040158736
543,253634.68040158736
544,253634.68040158736
545,253634.68040158736
546,253634.68040158736
547,253634.68040158736
548,253634.68040158736
549,253634.68040158736
550,253634.68040158736
551,253634.68040158736
552,253634.68040158736
553,253634.68040158736
554,253634.68040158736
555,253634.68040158736
556,251519.45650216873
557,251519.45650216864
558,251519.45650216864
559,251519.45650216864
560,251519.45650216864
561,251519.45650216864
562,251519.45650216864
563,251519.45650216864
564,251519.4565021685
565,251519.4565021685
566,251519.4565021685
567,251519.4565021685
568,251519.4565021685
569,251519.4565021685
570,251519.4565021685
571,251519.4565021685
572,251519.4565021685
573,251519.4565021685
574,251519.4565021685
575,251519.4565021685
576,251519.4565021685
577,251519.4565021685
578,251519.4565021685
579,251519.4565021685
580,251519.4565021685
581,251519.4565021685
582,251519.4565021685
583,251519.4565021685
584,251519.4565021685
585,251519.4565021685
586,251519.4565021685
587,251519.4565021685
588,251519.4565021685
589,251519.45650216847
590,251519.45650216847
591,251519.45650216847
592,251519.45650216847
593,251519.45650216847
594,251519.45650216847
595,251519.45650216847
596,251519.45650216847
597,251519.45650216847
598,251519.45650216847
599,251519.45650216847
600,251519.45650216847
601,251519.45650216847
602,251519.45650216847
603,251519.45650216847
604,251519.45650216847
605,251519.45650216847
606,251519.45650216847
607,251519.45650216847
608,251519.45650216847
609,251519.45650216847
610,251519.45650216847
611,251519.45650216847
612,251519.45650216847
613,251519.45650216847
614,251519.45650216847
615,251519.45650216847
616,251519.45650216847
617,251519.45650216847
618,251519.45650216847
619,251519.45650216847
620,251519.45650216847
621,251519.45650216847
622,251519.45650216847
623,251519.45650216847
624,251519.45650216847
625,251519.45650216847
626,251519.45650216847
627,251519.45650216847
628,251519.45650216847
629,251519.45650216847
630,251519.45650216847
631,251519.45650216847
632,251519.45650216847
633,251519.45650216847
634,251519.45650216847
635,251519.45650216847
636,251519.45650216847
637,251519.45650216847
638,251519.45650216847
639,242348.7798606152
640,242348.7798606152
641,242348.7798606152
642,242348.7798606152
643,242348.7798606152
644,242348.7798606152
645,217161.39284965905
646,217161.39284965905
647,217161.39284965905
648,217161.39284965905
649,217161.3928496589
650,217161.3928496589
651,217161.3928496589
652,217161.3928496589
653,217161.3928496589
654,217161.39284965853
655,217161.39284965853
656,217161.39284965853
657,217161.39284965853
658,217161.39284965853
659,217161.39284965853
660,217161.39284965853
661,217161.39284965853
662,217161.39284965853
663,217161.39284965853
664,217161.39284965853
665,217161.39284965853
666,217161.39284965853
667,217161.39284965853
668,217161.39284965853
669,217161.39284965853
670,217161.39284965853
671,217161.39284965853
672,217161.39284965853
673,217161.39284965853
674,217161.39284965853
675,217161.39284965853
676,212906.74214161464
677,212906.74214161464
678,212906.74214161464
679,212906.74214161464
680,212906.74214161458
681,212906.74214161458
682,212906.74214161458
683,212906.74214161458
684,212906.74214161458
685,212906.74214161458
686,212906.74214161458
687,212906.74214161458
688,194792.05462133393
689,194792.05462133393
690,194792.05462133393
691,194792.05462133393
692,194792.05462133393
693,194792.0546213338
694,194792.0546213338
695,194792.0546213338
696,194792.0546213338
697,194792.0546213338
698,194792.0546213338
699,194792.05462133355
700,194792.05462133355
701,194792.05462133355
702,194792.05462133355
703,194792.05462133355
704,194792.05462133355
705,194792.05462133355
706,194792.05462133355
707,194792.05462133355
708,194792.05462133355
709,194792.05462133355
710,194792.05462133355
711,185833.56579493126
712,185833.56579493126
713,185833.56579493126
714,185833.56579493126
715,185833.5657949311
716,185833.5657949311
717,185833.5657949311
718,185833.5657949311
719,185833.5657949311
720,185833.5657949311
721,185833.5657949311
722,185833.5657949311
723,185833.5657949311
724,185833.5657949311
725,185833.5657949311
726,185833.5657949311
727,185833.5657949311
728,185833.5657949311
729,185833.5657949311
730,185833.5657949311
731,185833.5657949311
732,185833.5657949311
733,185833.5657949311
734,185833.5657949311
735,185833.5657949311
736,183120.46504924534
737,183120.46504924534
738,183120.46504924534
739,183120.46504924534
740,183120.46504924534
741,183120.46504924534
742,183120.46504924534
743,183120.46504924534
744,183120.46504924534
745,183120.46504924534
746,183120.46504924534
747,183120.46504924534
748,183120.4650492448
749,183120.4650492448
750,183120.4650492448
751,183120.4650492448
752,183120.4650492448
753,183120.4650492448
754,183120.4650492448
755,183120.4650492448
756,183120.4650492448
757,183120.4650492448
758,183120.4650492448
759,183120.4650492448
760,183120.4650492448
761,183120.4650492448
762,183120.4650492448
763,183120.4650492448
764,183120.4650492448
765,183120.4650492448
766,183120.4650492448
767,183120.4650492448
768,183120.4650492448
769,170348.61553260058
770,170348.61553260058
771,170348.61553260058
772,170348.61553260058
773,170348.61553260058
774,170348.61553260055
775,170348.61553260055
776,170348.61553260055
777,170348.61553260055
778,170348.61553260055
779,170348.61553260055
780,170348.61553260055
781,170348.61553260055
782,170348.61553260055
783,170348.61553260055
784,170348.61553260055
785,170348.61553260055
786,170348.61553260055
787,170348.61553260055
788,170348.61553260055
789,170348.61553260055
790,170348.61553260055
791,170348.61553260055
792,170348.61553260055
793,170348.61553260055
794,170348.61553260055
795,170348.61553260055
796,170348.61553260055
797,170348.61553260055
798,170348.61553260055
799,170348.61553260055
800,170348.61553260055
801,170348.61553260055
802,170348.61553260055
803,170348.61553260055
804,170348.61553260055
805,170348.61553260055
806,170348.61553260055
807,170348.61553260055
808,170348.61553260055
809,170348.61553260055
810,170348.61553260055
811,170348.61553260055
812,170348.61553260055
813,170348.61553260055
814,170348.61553260055
815,170348.61553260055
816,170348.61553260055
817,170348.61553260055
818,170348.61553260055
819,170348.61553260055
820,170348.61553260055
821,170348.61553260055
822,170348.61553260055
823,170348.61553260055
824,170348.61553260055
825,170348.61553260055
826,170348.61553260055
827,168239.5986371153
828,168239.5986371153
829,168239.5986371153
830,168239.5986371151
831,168239.5986371151
832,168239.5986371151
833,168239.5986371151
834,168239.5986371151
835,168239.5986371151
836,168239.5986371151
837,168239.5986371151
838,168239.5986371151
839,168239.5986371151
840,168239.5986371151
841,168239.59863711495
842,168239.59863711495
843,168239.59863711495
844,168239.59863711495
845,168239.59863711495
846,168239.59863711495
847,168239.59863711495
848,168239.59863711495
849,168239.59863711495
850,168239.59863711495
851,168239.59863711495
852,168239.59863711495
853,168239.59863711495
854,168239.59863711495
855,168239.59863711495
856,150744.79028232011
857,148397.08800689364
858,148397.08800689364
859,148397.08800689364
860,148397.08800689364
861,148397.08800689364
862,148397.08800689364
863,148397.08800689364
864,148397.08800689364
865,148397.08800689364
866,148397.08800689364
867,148397.08800689364
868,148397.08800689364
869,148397.08800689364
870,148397.08800689364
871,148397.08800689364
872,148397.08800689364
873,148397.08800689364
874,148397.08800689364
875,148397.08800689364
876,148397.08800689364
877,148397.08800689364
878,148397.08800689364
879,148397.08800689358
880,148397.08800689358
881,148397.08800689358
882,148397.08800689358
883,148397.08800689358
884,148397.08800689358
885,148397.08800689358
886,148397.08800689358
887,148397.08800689358
888,148397.08800689358
889,148397.08800689358
890,148397.08800689358
891,148397.08800689358
892,148397.08800689358
893,148397.08800689358
894,148397.08800689358
895,148397.08800689358
896,148397.08800689358
897,148397.08800689358
898,148397.08800689358
899,148397.08800689358
900,148397.08800689358
901,148397.08800689358
902,148397.08800689358
903,148397.08800689358
904,148397.08800689358
905,148397.08800689358
906,148397.08800689358
907,148397.08800689358
908,148397.08800689358
909,148397.08800689358
910,148397.08800689358
911,148397.08800689358
912,148397.08800689358
913,148397.08800689358
914,148397.08800689358
915,148397.08800689358
916,148397.08800689358
917,148397.08800689358
918,148397.08800689358
919,148397.08800689358
920,148397.08800689358
921,148397.08800689358
922,148397.08800689358
923,148397.08800689358
924,148397.08800689358
925,148397.08800689358
926,148397.08800689358
927,148397.08800689358
928,148397.08800689358
929,148397.08800689358
930,148397.08800689358
931,148397.08800689358
932,148397.08800689358
933,148397.08800689358
934,148397.08800689358
935,148397.08800689358
936,148397.08800689358
937,148397.08800689358
938,145969.20013051206
939,145969.20013051206
940,145969.20013051206
941,145969.20013051206
942,145969.20013051206
943,145969.20013051206
944,145969.20013051206
945,145969.20013051206
946,145969.2001305118
947,145969.2001305118
948,145969.2001305118
949,145969.2001305118
950,145969.2001305118
951,145969.2001305118
952,145969.2001305118
953,145969.2001305118
954,145969.2001305118
955,145969.2001305118
956,145969.2001305118
957,145969.2001305118
958,145969.2001305118
959,145969.2001305118
960,145969.2001305118
961,145969.2001305118
962,145969.2001305118
963,145969.2001305118
964,145969.2001305118
965,140865.78338447984
966,140865.78338447984
967,140865.78338447984
968,140865.78338447984
969,140865.78338447984
970,140865.78338447984
971,140865.78338447984
972,140865.78338447984
973,140865.78338447984
974,140865.78338447984
975,140865.78338447984
976,140865.78338447967
977,140865.78338447967
978,140865.78338447967
979,138302.07106531665
980,138302.07106531665
981,138302.07106531665
982,138302.07106531665
983,138302.07106531665
984,138302.07106531665
985,138302.07106531665
986,138302.07106531665
987,138302.07106531665
988,138302.07106531665
989,138302.07106531665
990,138302.07106531665
991,138302.07106531665
992,138302.07106531665
993,138302.07106531665
994,138302.07106531665
995,138302.07106531665
996,138302.07106531665
997,138302.07106531665
998,138302.07106531665
999,138302.07106531662
1000,138302.07106531662
1001,138302.07106531662
1002,138302.07106531662
1003,138302.07106531662
1004,138302.07106531662
1005,138302.07106531662
1006,138302.07106531662
1007,138302.07106531662
1008,138302.07106531662
1009,138302.07106531662
1010,138302.07106531662
1011,138302.07106531662
1012,138302.07106531662
1013,138302.07106531662
1014,138302.07106531662
1015,138302.07106531662
1016,138302.07106531662
1017,138302.07106531662
1018,138302.07106531662
1019,138302.07106531662
1020,138302.07106531662
1021,138302.07106531662
1022,138302.07106531662
1023,138302.07106531662
1024,138302.07106531662
1025,138302.07106531662
1026,138302.07106531662
1027,138302.07106531662
1028,138302.07106531662
1029,138302.07106531662
1030,138302.07106531662
1031,138302.07106531662
1032,138302.07106531662
1033,138302.07106531662
1034,138302.07106531662
1035,138302.07106531662
1036,138302.07106531662
1037,138302.07106531662
1038,138302.07106531662
1039,138302.07106531662
1040,138302.07106531662
1041,138302.07106531662
1042,138302.07106531662
1043,138302.07106531662
1044,138302.07106531662
1045,138302.07106531662
1046,138302.07106531662
1047,138302.07106531662
1048,138302.07106531662
1049,138302.07106531662
1050,138302.07106531662
1051,138302.07106531662
1052,138302.07106531662
1053,138302.07106531662
1054,138302.07106531662
1055,138302.07106531662
1056,138302.07106531662
1057,138302.07106531662
1058,138302.07106531662
1059,138302.07106531662
1060,138302.07106531662
1061,138302.07106531662
1062,138302.07106531662
1063,138302.07106531662
1064,138302.07106531662
1065,138302.07106531662
1066,138302.07106531662
1067,138302.07106531662
1068,138302.07106531662
1069,138302.07106531662
1070,138302.07106531662
1071,138302.07106531662
1072,138302.07106531662
1073,138302.07106531662
1074,138302.07106531662
1075,138302.07106531662
1076,138302.07106531662
1077,138302.07106531662
1078,138302.07106531662
1079,138302.07106531662
1080,138302.07106531662
1081,138302.07106531662
1082,138302.07106531662
1083,138302.07106531662
1084,138302.07106531662
1085,138302.07106531662
1086,138302.07106531662
1087,138302.07106531662
1088,138302.07106531662
1089,138302.07106531662
1090,138302.07106531662
1091,138302.07106531662
1092,138302.07106531662
1093,138302.07106531662
1094,138302.07106531662
1095,138302.07106531662
1096,138302.07106531662
1097,138302.07106531662
1098,138302.07106531662
1099,138302.07106531662
1100,138302.07106531662
1101,138302.07106531662
1102,138302.0710653166
1103,138302.0710653166
1104,138302.0710653166
1105,138302.0710653166
1106,138302.0710653166
1107,138302.0710653166
1108,138302.0710653166
1109,138302.0710653166
1110,138302.0710653166
1111,138302.0710653166
1112,138302.0710653166
1113,138302.0710653166
1114,138302.0710653166
1115,138302.0710653166
1116,138302.0710653166
1117,138302.0710653166
1118,138302.0710653166
1119,138302.0710653166
1120,138302.0710653166
1121,135692.87047967955
1122,135692.87047967955
1123,135692.87047967955
1124,135692.87047967955
1125,135692.87047967955
1126,135692.87047967955
1127,135692.87047967955
1128,135692.87047967955
1129,135692.87047967955
1130,135692.87047967955
1131,135692.87047967955
1132,135692.87047967955
1133,135692.87047967955
1134,135692.87047967955
1135,135692.87047967955
1136,135692.87047967955
1137,135692.87047967955
1138,135692.87047967955
1139,135692.87047967955
1140,135692.87047967955
1141,135692.87047967955
1142,135692.87047967955
1143,135692.87047967955
1144,135692.87047967955
1145,135692.87047967955
1146,135692.87047967955
1147,135692.87047967955
1148,135692.87047967955
1149,135692.87047967955
1150,135692.87047967955
1151,135692.87047967955
1152,135692.87047967955
1153,135692.87047967955
1154,135692.87047967955
1155,135692.87047967955
1156,135692.87047967955
1157,135692.87047967955
1158,135692.87047967955
1159,135692.87047967955
1160,135692.87047967955
1161,135692.87047967955
1162,135692.87047967955
1163,135692.87047967955
1164,135692.87047967955
1165,135692.87047967955
1166,135692.87047967955
1167,135692.87047967955
1168,135692.87047967955
1169,135692.87047967955
1170,135692.87047967955
1171,135692.87047967955
1172,135692.87047967955
1173,135692.87047967955
1174,135692.87047967955
1175,135692.87047967955
1176,135692.87047967955
1177,135692.87047967955
1178,135692.87047967955
1179,135692.87047967955
1180,135692.87047967955
1181,135692.87047967955
1182,135692.87047967955
1183,135692.87047967938
1184,135692.87047967938
1185,135692.87047967938
1186,135692.87047967938
1187,135692.87047967938
1188,135692.87047967938
1189,135692.87047967938
1190,135692.87047967938
1191,135692.87047967938
1192,135692.87047967938
1193,135692.87047967938
1194,135692.87047967938
1195,135692.87047967938
1196,135692.87047967938
1197,135692.87047967938
1198,135692.87047967938
1199,135692.87047967938
1200,135692.87047967938
1201,135692.87047967938
1202,135692.87047967938
1203,135692.87047967938
1204,135692.87047967938
1205,135692.87047967938
1206,135692.87047967938
1207,135692.87047967938
1208,135692.87047967938
1209,135692.87047967938
1210,135692.87047967938
1211,135692.87047967938
1212,135692.87047967938
1213,135692.87047967938
1214,135692.87047967938
1215,135692.87047967938
1216,133163.02988086204
1217,133163.02988086204
1218,133163.02988086204
1219,133163.02988086204
1220,133163.02988086204
1221,133163.02988086204
1222,133163.02988086204
1223,133163.02988086204
1224,133163.02988086204
1225,133163.02988086204
1226,133163.02988086204
1227,133163.02988086204
1228,133163.02988086204
1229,133163.02988086204
1230,133163.02988086204
1231,133163.02988086204
1232,133163.02988086204
1233,133163.02988086204
1234,133163.02988086204
1235,133163.02988086204
1236,133163.0298808619
1237,133163.0298808619
1238,133163.0298808619
1239,133163.0298808619
1240,133163.0298808619
1241,133163.0298808619
1242,133163.0298808619
1243,133163.0298808619
1244,133163.0298808619
1245,133163.0298808619
1246,133163.0298808619
1247,133163.0298808619
1248,133163.0298808619
1249,133163.0298808619
1250,133163.0298808619
1251,133163.0298808619
1252,133163.0298808619
1253,133163.0298808619
1254,133163.0298808619
1255,133163.0298808619
1256,133163.0298808619
1257,133163.0298808619
1258,133163.0298808619
1259,133163.0298808619
1260,133163.0298808619
1261,133163.0298808619
1262,133163.0298808619
1263,133163.0298808619
1264,133163.0298808619
1265,133163.0298808619
1266,133163.0298808619
1267,133163.0298808619
1268,133163.0298808619
1269,133163.0298808619
1270,133163.0298808619
1271,133163.0298808619
1272,133163.0298808619
1273,133163.0298808619
1274,133163.0298808619
1275,133163.0298808619
1276,131174.23512879363
1277,131174.23512879363
1278,131174.23512879363
1279,131174.23512879363
1280,131174.23512879363
1281,131174.23512879357
1282,131174.23512879357
1283,131174.23512879357
1284,131174.23512879357
1285,131174.23512879357
1286,131174.23512879357
1287,131174.23512879357
1288,131174.23512879357
1289,130374.1516704291
1290,130374.1516704291
1291,130374.1516704291
1292,130374.1516704291
1293,130374.15167042894
1294,130374.15167042894
1295,130374.15167042894
1296,130374.15167042894
1297,130374.15167042894
1298,130374.15167042894
1299,130374.15167042894
1300,130374.15167042892
1301,130374.15167042892
1302,130374.15167042892
1303,130374.15167042892
1304,130374.15167042892
1305,130374.15167042892
1306,130374.15167042892
1307,130374.15167042892
1308,130374.15167042892
1309,130374.15167042892
1310,130374.15167042892
1311,130374.15167042892
1312,130374.15167042892
1313,130374.15167042892
1314,130374.15167042892
1315,130374.15167042892
1316,130374.15167042892
1317,130374.15167042892
1318,130374.15167042892
1319,130374.15167042892
1320,130374.15167042892
1321,130374.15167042892
1322,130374.15167042892
1323,130374.15167042892
1324,130374.15167042892
1325,130374.15167042892
1326,130374.15167042892
1327,130374.15167042892
1328,130374.15167042892
1329,130374.15167042892
1330,130374.15167042892
1331,130374.15167042892
1332,130374.15167042892
1333,130374.15167042892
1334,130374.15167042892
1335,130374.15167042892
1336,130374.15167042892
1337,130374.15167042892
1338,130374.15167042892
1339,130374.15167042892
1340,130374.15167042892
1341,130374.15167042892
1342,130374.15167042892
1343,130374.15167042892
1344,130374.15167042892
1345,130374.1516704289
1346,130374.1516704289
1347,130374.1516704289
1348,130374.1516704289
1349,130374.1516704289
1350,130374.1516704289
1351,130374.1516704289
1352,130374.1516704289
1353,130374.1516704289
1354,130374.1516704289
1355,130374.1516704289
1356,130374.1516704289
1357,130374.1516704289
1358,130374.1516704289
1359,130374.1516704289
1360,130374.1516704289
1361,130374.1516704289
1362,130374.1516704289
1363,130374.1516704289
1364,130374.1516704289
1365,130374.1516704289
1366,130374.1516704289
1367,130374.1516704289
1368,130374.1516704289
1369,130374.1516704289
1370,130374.1516704289
1371,130374.1516704289
1372,130374.1516704289
1373,130374.1516704289
1374,130374.1516704289
1375,130374.1516704289
1376,130374.1516704289
1377,130374.1516704289
1378,130374.1516704289
1379,130374.1516704289
1380,130374.1516704289
1381,130374.1516704289
1382,130374.1516704289
1383,130374.1516704289
1384,130374.1516704289
1385,130374.1516704289
1386,130374.1516704289
1387,130374.1516704289
1388,130374.1516704289
1389,130374.1516704289
1390,130374.1516704289
1391,130374.1516704289
1392,130374.1516704289
1393,130374.1516704289
1394,130374.1516704289
1395,130374.1516704289
1396,130374.1516704289
1397,130374.1516704289
1398,130374.1516704289
1399,130374.1516704289
1400,130374.1516704289
1401,130374.1516704289
1402,130374.1516704289
1403,130374.1516704289
1404,130374.1516704289
1405,130374.1516704289
1406,130374.1516704289
1407,130374.1516704289
1408,130374.1516704289
1409,130374.1516704289
1410,130374.1516704289
1411,130374.1516704289
1412,113126.8982624851
1413,113126.8982624851
1414,113126.8982624851
1415,113126.8982624851
1416,113126.8982624851
1417,113126.8982624851
1418,113126.8982624851
1419,113126.8982624851
1420,113126.8982624851
1421,113126.8982624851
1422,113126.8982624851
1423,113126.8982624851
1424,113126.8982624851
1425,113126.8982624851
1426,113126.8982624851
1427,113126.8982624851
1428,113126.8982624851
1429,113126.8982624851
1430,113126.8982624851
1431,113126.8982624851
1432,113126.8982624851
1433,113126.8982624851
1434,113126.8982624851
1435,113126.8982624851
1436,113126.8982624851
1437,113126.8982624851
1438,113126.8982624851
1439,113126.8982624851
1440,113126.8982624851
1441,113126.8982624851
1442,113126.8982624851
1443,113126.8982624851
1444,113126.8982624851
1445,113126.8982624851
1446,113126.8982624851
1447,113126.8982624851
1448,113126.8982624851
1449,113126.8982624851
1450,113126.8982624851
1451,113126.8982624851
1452,113126.8982624851
1453,113126.8982624851
1454,113126.8982624851
1455,113126.8982624851
1456,113126.8982624851
1457,113126.8982624851
1458,113126.8982624851
1459,113126.8982624851
1460,113126.8982624851
1461,113126.8982624851
1462,113126.8982624851
1463,113126.8982624851
1464,113126.8982624851
1465,113126.8982624851
1466,113126.8982624851
1467,113126.8982624851
1468,113126.8982624851
1469,113126.8982624851
1470,113126.8982624851
1471,113126.8982624851
1472,113126.8982624851
1473,113126.8982624851
1474,113126.8982624851
1475,113126.8982624851
1476,113126.8982624851
1477,113126.8982624851
1478,113126.8982624851
1479,113126.8982624851
1480,113126.8982624851
1481,113126.8982624851
1482,113126.8982624851
1483,113126.8982624851
1484,113126.8982624851
1485,113126.8982624851
1486,113126.8982624851
1487,113126.8982624851
1488,113126.8982624851
1489,113126.8982624851
1490,113126.8982624851
1491,113126.8982624851
1492,113126.8982624851
1493,113126.8982624851
1494,113126.8982624851
1495,113126.8982624851
1496,113126.8982624851
1497,113126.8982624851
1498,113126.8982624851
1499,113126.8982624851
1500,113126.8982624851
1501,113126.8982624851
1502,113126.8982624851
1503,113126.8982624851
1504,113126.8982624851
1505,113126.8982624851
1506,113126.8982624851
1507,113126.8982624851
1508,113126.8982624851
1509,113126.8982624851
1510,113126.8982624851
1511,113126.8982624851
1512,113126.8982624851
1513,113126.8982624851
1514,113126.8982624851
1515,113126.8982624851
1516,113126.8982624851
1517,113126.8982624851
1518,113126.8982624851
1519,113126.8982624851
1520,113126.8982624851
1521,113126.8982624851
1522,113126.8982624851
1523,113126.8982624851
1524,113126.8982624851
1525,113126.8982624851
1526,113126.8982624851
1527,113126.8982624851
1528,113126.8982624851
1529,113126.8982624851
1530,113126.8982624851
1531,113126.8982624851
1532,113126.8982624851
1533,113126.8982624851
1534,113126.8982624851
1535,113126.8982624851
1536,113126.8982624851
1537,113126.8982624851
1538,113126.8982624851
1539,113126.8982624851
1540,113126.8982624851
1541,113126.8982624851
1542,113126.8982624851
1543,113126.8982624851
1544,113126.8982624851
1545,113126.8982624851
1546,113126.8982624851
1547,113126.8982624851
1548,113126.8982624851
1549,113126.8982624851
1550,113126.8982624851
1551,113126.8982624851
1552,113126.8982624851
1553,113126.8982624851
1554,113126.8982624851
1555,113126.8982624851
1556,113126.8982624851
1557,113126.8982624851
1558,113126.8982624851
1559,113126.8982624851
1560,113126.8982624851
1561,113126.8982624851
1562,113126.8982624851
1563,113126.8982624851
1564,113126.8982624851
1565,113126.8982624851
1566,113126.8982624851
1567,113126.8982624851
1568,113126.8982624851
1569,113126.8982624851
1570,113126.8982624851
1571,113126.8982624851
1572,113126.8982624851
1573,113126.8982624851
1574,113126.8982624851
1575,106326.5136530588
1576,106326.5136530588
1577,106326.5136530588
1578,106326.5136530588
1579,106326.5136530588
1580,106326.5136530588
1581,106326.5136530588
1582,106326.5136530588
1583,97187.61094587551
1584,97187.61094587551
1585,97187.61094587551
1586,97187.61094587551
1587,97187.61094587551
1588,97187.61094587551
1589,97187.61094587551
1590,97187.61094587551
1591,97187.61094587551
1592,97187.61094587551
1593,97187.61094587551
1594,97187.61094587551
1595,97187.61094587551
1596,97187.61094587551
1597,97187.61094587551
1598,97187.61094587551
1599,97187.61094587547
1600,97187.61094587547
1601,97187.61094587547
1602,97187.61094587547
1603,97187.61094587547
1604,97187.61094587547
1605,97187.61094587547
1606,97187.61094587547
1607,97187.61094587547
1608,97187.61094587547
1609,97187.61094587547
1610,97187.61094587547
1611,97187.61094587547
1612,97187.61094587547
1613,97187.61094587547
1614,94180.02123511543
1615,94180.02123511543
1616,94180.02123511543
1617,94180.02123511543
1618,94180.02123511543
1619,94180.02123511543
1620,94180.02123511543
1621,94180.02123511543
1622,94180.02123511543
1623,94180.02123511543
1624,94180.02123511543
1625,94180.02123511543
1626,94180.02123511543
1627,94180.02123511543
1628,94180.02123511543
1629,94180.02123511543
1630,94180.02123511543
1631,94180.02123511543
1632,94180.02123511543
1633,94180.02123511543
1634,94180.02123511543
1635,94180.02123511543
1636,94180.02123511543
1637,94180.02123511543
1638,94180.02123511543
1639,93126.91870786794
1640,93126.91870786794
1641,93126.91870786794
1642,93126.91870786794
1643,93126.91870786794
1644,93126.91870786794
1645,93126.91870786794
1646,93126.91870786794
1647,93126.91870786794
1648,93126.91870786794
1649,93126.91870786794
1650,93126.91870786794
1651,93126.91870786794
1652,93126.91870786794
1653,93126.91870786794
1654,93126.91870786794
1655,93126.91870786794
1656,93126.91870786794
1657,93126.91870786794
1658,93126.91870786794
1659,93126.91870786794
1660,93126.91870786794
1661,93126.91870786794
1662,93126.91870786794
1663,93126.91870786794
1664,93126.91870786794
1665,93126.91870786794
1666,93126.91870786794
1667,93126.91870786794
1668,93126.91870786794
1669,93126.91870786794
1670,93126.91870786794
1671,93126.91870786794
1672,93126.91870786794
1673,93126.91870786794
1674,93126.91870786794
1675,93126.91870786794
1676,93126.91870786794
1677,93126.91870786794
1678,93126.91870786794
1679,93126.91870786794
1680,93126.91870786794
1681,93126.91870786794
1682,93126.91870786794
1683,93126.91870786794
1684,93126.91870786794
1685,93126.91870786794
1686,93126.91870786794
1687,93126.91870786794
1688,93126.91870786794
1689,93126.91870786794
1690,93126.91870786794
1691,93126.91870786794
1692,93126.91870786794
1693,93126.91870786794
1694,93126.91870786794
1695,93126.91870786794
1696,93126.91870786794
1697,93126.91870786794
1698,93126.91870786794
1699,93126.91870786794
1700,93126.91870786794
1701,93126.91870786794
1702,93126.91870786794
1703,93126.91870786794
1704,93126.91870786794
1705,93126.91870786794
1706,93126.91870786794
1707,93126.91870786794
1708,93126.91870786794
1709,93126.91870786794
1710,93126.91870786794
1711,93126.91870786794
1712,93126.91870786794
1713,93126.91870786794
1714,93126.91870786794
1715,93126.91870786794
1716,93126.91870786794
1717,93126.91870786794
1718,93126.91870786794
1719,93126.91870786794
1720,93126.91870786794
1721,93126.91870786794
1722,93126.91870786794
1723,93126.91870786794
1724,93126.91870786794
1725,93126.91870786794
1726,93126.91870786792
1727,93126.91870786792
1728,93126.91870786792
1729,93126.91870786792
1730,93126.91870786792
1731,93126.91870786792
1732,93126.91870786792
1733,93126.91870786792
1734,93126.91870786792
1735,93126.91870786792
1736,93126.91870786792
1737,93126.91870786787
1738,93126.91870786787
1739,93126.91870786787
1740,93126.91870786787
1741,93126.91870786787
1742,93126.91870786787
1743,93126.91870786787
1744,93126.91870786787
1745,93126.91870786787
1746,93126.91870786787
1747,93126.91870786787
1748,91408.06952814019
1749,91408.06952814019
1750,90687.1498056136
1751,90687.1498056136
1752,90687.1498056136
1753,90687.1498056136
1754,90687.1498056136
1755,90687.1498056136
1756,90687.1498056136
1757,90687.1498056136
1758,90687.1498056136
1759,90105.46948035336
1760,90105.46948035336
1761,90105.46948035336
1762,90105.46948035336
1763,90105.46948035336
1764,90105.46948035336
1765,90105.46948035336
1766,90105.46948035336
1767,90105.46948035326
1768,90105.46948035326
1769,90105.46948035326
1770,90105.46948035326
1771,90105.46948035326
1772,90105.46948035326
1773,90105.46948035326
1774,90105.46948035326
1775,90105.46948035326
1776,90105.46948035326
1777,90105.46948035326
1778,90105.46948035326
1779,90105.46948035326
1780,90105.46948035326
1781,90105.46948035322
1782,90105.46948035322
1783,90105.46948035322
1784,90105.46948035322
1785,90105.46948035322
1786,90105.46948035322
1787,90105.46948035322
1788,90105.46948035322
1789,90105.46948035322
1790,90105.46948035322
1791,90105.46948035322
1792,90105.46948035322
1793,90105.46948035322
1794,90105.46948035322
1795,90105.46948035322
1796,90105.46948035322
1797,90105.46948035322
1798,90105.46948035322
1799,90105.46948035322
1800,90105.46948035322
1801,79793.70765276486
1802,79793.70765276486
1803,79793.70765276486
1804,79793.70765276486
1805,79793.70765276486
1806,79793.70765276486
1807,79793.70765276486
1808,79793.70765276486
1809,79793.70765276486
1810,79793.70765276486
1811,79793.70765276477
1812,79793.70765276477
1813,79793.70765276477
1814,79793.70765276477
1815,79793.70765276477
1816,79793.70765276477
1817,79793.70765276477
1818,79793.70765276477
1819,79793.70765276477
1820,79793.70765276477
1821,79793.70765276477
1822,79793.70765276477
1823,79793.70765276477
1824,79793.70765276477
1825,79461.6655100818
1826,79461.6655100818
1827,79461.6655100818
1828,79461.6655100818
1829,79461.6655100818
1830,79461.6655100818
1831,79461.6655100818
1832,79461.6655100818
1833,79461.6655100818
1834,79461.6655100818
1835,79461.6655100818
1836,79461.6655100818
1837,79461.6655100818
1838,79461.6655100818
1839,79461.6655100818
1840,79461.6655100818
1841,79461.6655100818
1842,79461.6655100818
1843,79461.6655100818
1844,79461.6655100818
1845,79461.6655100818
1846,79461.6655100818
1847,79461.6655100818
1848,79461.6655100818
1849,79461.6655100818
1850,79461.6655100818
1851,79461.6655100818
1852,79461.6655100818
1853,79461.6655100818
1854,79461.6655100818
1855,79461.6655100818
1856,79461.6655100818
1857,79461.6655100818
1858,79461.6655100818
1859,79461.6655100818
1860,79461.6655100818
1861,79461.6655100818
1862,79461.6655100818
1863,79461.6655100818
1864,79461.6655100818
1865,79461.6655100818
1866,79461.6655100818
1867,79461.6655100818
1868,79461.6655100818
1869,79461.6655100818
1870,79461.6655100818
1871,79461.6655100818
1872,79461.6655100818
1873,79461.6655100818
1874,79461.6655100818
1875,79461.6655100818
1876,79461.6655100818
1877,79461.6655100818
1878,79461.6655100818
1879,79461.6655100818
1880,79461.6655100818
1881,79461.6655100818
1882,79461.6655100818
1883,79461.6655100818
1884,79461.6655100818
1885,79461.6655100818
1886,79461.6655100818
1887,79461.6655100818
1888,79461.6655100818
1889,79461.6655100818
1890,79461.6655100818
1891,79461.6655100818
1892,79461.6655100818
1893,79461.6655100818
1894,79461.6655100818
1895,79461.6655100818
1896,79461.6655100818
1897,79461.6655100818
1898,79461.6655100818
1899,79461.6655100818
1900,79461.6655100818
1901,78001.62834906441
1902,78001.62834906441
1903,78001.62834906441
1904,78001.62834906441
1905,78001.62834906441
1906,78001.62834906441
1907,78001.62834906441
1908,78001.62834906441
1909,78001.62834906441
1910,78001.62834906441
1911,78001.62834906441
1912,78001.62834906441
1913,78001.62834906441
1914,78001.62834906441
1915,78001.62834906441
1916,78001.62834906441
1917,78001.62834906441
1918,78001.62834906441
1919,78001.62834906441
1920,78001.62834906441
1921,78001.62834906441
1922,78001.62834906441
1923,78001.62834906441
1924,78001.62834906441
1925,78001.62834906441
1926,78001.62834906441
1927,78001.62834906441
1928,78001.62834906441
1929,78001.62834906441
1930,78001.62834906441
1931,78001.62834906441
1932,78001.62834906441
1933,78001.62834906441
1934,78001.62834906441
1935,78001.62834906441
1936,78001.62834906441
1937,78001.62834906441
1938,78001.62834906441
1939,78001.62834906441
1940,78001.62834906441
1941,78001.62834906441
1942,78001.62834906441
1943,78001.62834906441
1944,78001.62834906441
1945,78001.62834906441
1946,78001.62834906441
1947,78001.62834906441
1948,78001.62834906441
1949,78001.62834906441
1950,78001.62834906441
1951,78001.62834906441
1952,78001.62834906441
1953,78001.62834906441
1954,78001.62834906441
1955,78001.62834906441
1956,78001.62834906441
1957,78001.62834906441
1958,78001.62834906441
1959,78001.62834906441
1960,78001.62834906441
1961,77881.6775356074
1962,77881.6775356074
1963,77881.6775356074
1964,77881.6775356074
1965,77881.6775356074
1966,77881.6775356074
1967,77881.6775356074
1968,77881.6775356074
1969,77881.6775356074
1970,77881.6775356074
1971,77881.6775356074
1972,77881.6775356074
1973,77881.6775356074
1974,77881.6775356074
1975,77881.6775356074
1976,77881.6775356074
1977,77881.6775356074
1978,77881.6775356074
1979,77881.6775356074
1980,77881.6775356074
1981,77881.6775356074
1982,77881.6775356074
1983,77881.6775356074
1984,77881.6775356074
1985,77881.6775356074
1986,77881.6775356074
1987,77881.6775356074
1988,77881.6775356074
1989,77881.6775356074
1990,77881.6775356074
1991,77881.6775356074
1992,77881.6775356074
1993,77881.6775356074
1994,77881.6775356074
1995,77881.6775356074
1996,77881.6775356074
1997,77881.6775356074
1998,77881.6775356074
1999,77881.6775356074
2000,77881.6775356074
2001,77881.6775356074
2002,77881.6775356074
2003,77881.6775356074
2004,77881.6775356074
2005,77881.6775356074
2006,77881.6775356074
2007,77881.6775356074
2008,77881.6775356074
2009,77881.6775356074
2010,77881.6775356074
2011,77881.6775356074
2012,77881.6775356074
2013,77881.6775356074
2014,77881.6775356074
2015,77881.6775356074
2016,77881.6775356074
2017,77881.6775356074
2018,77881.6775356074
2019,77881.6775356074
2020,77881.6775356074
2021,77881.6775356074
2022,77881.6775356074
2023,77881.6775356074
2024,77881.6775356074
2025,77881.6775356074
2026,77881.6775356074
2027,77881.6775356074
2028,77881.6775356074
2029,77881.6775356074
2030,77881.6775356074
2031,77881.6775356074
2032,77881.6775356074
2033,77881.6775356074
2034,77881.6775356074
2035,77881.6775356074
2036,77881.6775356074
2037,77881.6775356074
2038,77881.6775356074
2039,77881.6775356074
2040,77881.6775356074
2041,77881.6775356074
2042,77881.6775356074
2043,77881.6775356074
2044,77881.6775356074
2045,77881.6775356074
2046,77881.6775356074
2047,77881.6775356074
2048,77881.6775356074
2049,77881.6775356074
2050,77881.6775356074
2051,77881.6775356074
2052,77881.6775356074
2053,77881.6775356074
2054,77881.6775356074
2055,77881.6775356074
2056,77881.6775356074
2057,77881.6775356074
2058,77881.6775356074
2059,77881.6775356074
2060,77881.6775356074
2061,77881.6775356074
2062,77881.6775356074
2063,77881.6775356074
2064,77881.6775356074
2065,77881.6775356074
2066,77881.6775356074
2067,77881.6775356074
2068,77881.6775356074
2069,77881.6775356074
2070,77881.6775356074
2071,77881.6775356074
2072,77881.6775356074
2073,77881.6775356074
2074,77881.6775356074
2075,77881.6775356074
2076,77881.6775356074
2077,77881.6775356074
2078,77881.6775356074
2079,77881.6775356074
2080,77881.6775356074
2081,77881.6775356074
2082,77881.6775356074
2083,77881.6775356074
2084,77881.6775356074
2085,77881.6775356074
2086,77881.6775356074
2087,77881.6775356074
2088,77881.6775356074
2089,77881.6775356074
2090,77881.6775356074
2091,77881.6775356074
2092,77881.6775356074
2093,77881.6775356074
2094,77881.6775356074
2095,77881.6775356074
2096,77881.6775356074
2097,77881.6775356074
2098,77881.6775356074
2099,77881.6775356074
2100,77881.6775356074
2101,77881.6775356074
2102,77881.6775356074
2103,77881.6775356074
2104,77881.6775356074
2105,77881.6775356074
2106,77881.6775356074
2107,77881.6775356074
2108,77881.6775356074
2109,77881.6775356074
2110,77881.6775356074
2111,77881.6775356074
2112,77881.6775356074
2113,77881.6775356074
2114,77881.6775356074
2115,77881.6775356074
2116,77881.6775356074
2117,77881.6775356074
2118,77881.6775356074
2119,77881.6775356074
2120,77881.6775356074
2121,77881.6775356074
2122,77881.6775356074
2123,77881.6775356074
2124,77881.6775356074
2125,77881.6775356074
2126,77881.6775356074
2127,77881.6775356074
2128,77881.6775356074
2129,77881.6775356074
2130,77881.6775356074
2131,77881.6775356074
2132,77881.6775356074
2133,77881.6775356074
2134,77881.6775356074
2135,77881.6775356074
2136,77881.6775356074
2137,77881.6775356074
2138,77881.6775356074
2139,77881.6775356074
2140,77881.6775356074
2141,77881.6775356074
2142,77881.6775356074
2143,77881.6775356074
2144,77881.6775356074
2145,77881.6775356074
2146,77881.6775356074
2147,77881.6775356074
2148,77881.6775356074
2149,77881.6775356074
2150,77881.6775356074
2151,77881.6775356074
2152,77881.6775356074
2153,77881.6775356074
2154,77881.6775356074
2155,77881.6775356074
2156,77881.6775356074
2157,77881.6775356074
2158,77881.6775356074
2159,77881.6775356074
2160,77881.6775356074
2161,77881.6775356074
2162,77881.6775356074
2163,77881.6775356074
2164,77881.6775356074
2165,77881.6775356074
2166,77881.6775356074
2167,77881.67753560738
2168,77881.67753560738
2169,77881.67753560738
2170,77881.67753560738
2171,77881.67753560738
2172,77881.67753560738
2173,77881.67753560738
2174,77881.67753560738
2175,77881.67753560738
2176,77881.67753560738
2177,77881.67753560738
2178,77881.67753560738
2179,77881.67753560738
2180,77881.67753560738
2181,77881.67753560738
2182,77881.67753560738
2183,77881.67753560738
2184,77881.67753560738
2185,77881.67753560738
2186,77881.67753560738
2187,77881.67753560738
2188,77881.67753560738
2189,77881.67753560738
2190,77881.67753560738
2191,77881.67753560738
2192,77881.67753560738
2193,77881.67753560738
2194,77881.67753560738
2195,77881.67753560738
2196,77881.67753560738
2197,77881.67753560738
2198,77881.67753560738
2199,77881.67753560738
2200,77881.67753560738
2201,77881.67753560738
2202,77881.67753560738
2203,77881.67753560738
2204,77881.67753560738
2205,77881.67753560738
2206,77881.67753560738
2207,77881.67753560738
2208,77881.67753560738
2209,77881.67753560738
2210,77881.67753560738
2211,77881.67753560738
2212,77881.67753560738
2213,77881.67753560738
2214,77881.67753560738
2215,77881.67753560738
2216,77881.67753560738
2217,77881.67753560738
2218,77881.67753560738
2219,77881.67753560738
2220,77881.67753560738
2221,77881.67753560738
2222,77881.67753560738
2223,77881.67753560738
2224,77881.67753560738
2225,77881.67753560738
2226,77881.67753560738
2227,77881.67753560738
2228,77881.67753560738
2229,77881.67753560738
2230,77881.67753560738
2231,77881.67753560738
2232,77881.67753560738
2233,77881.67753560738
2234,77881.67753560738
2235,77881.67753560738
2236,77881.67753560738
2237,77881.67753560738
2238,77881.67753560738
2239,77881.67753560738
2240,77881.67753560738
2241,77881.67753560738
2242,77881.67753560738
2243,77881.67753560738
2244,77881.67753560738
2245,77881.67753560738
2246,77881.67753560738
2247,77881.67753560738
2248,77881.67753560738
2249,77881.67753560738
2250,77881.67753560738
2251,77881.67753560738
2252,77881.67753560738
2253,77881.67753560738
2254,77881.67753560738
2255,77881.67753560738
2256,77881.67753560738
2257,77881.67753560738
2258,77881.67753560738
2259,77881.67753560738
2260,77881.67753560738
2261,77881.67753560738
2262,77736.423318527
2263,77736.423318527
2264,77736.423318527
2265,77736.423318527
2266,77736.423318527
2267,77736.423318527
2268,77736.423318527
2269,77736.423318527
2270,77736.423318527
2271,77736.423318527
2272,77736.423318527
2273,77736.423318527
2274,77736.423318527
2275,77736.423318527
2276,77736.423318527
2277,77736.423318527
2278,77736.423318527
2279,77736.423318527
2280,77736.423318527
2281,77736.423318527
2282,77736.423318527
2283,77736.423318527
2284,77736.423318527
2285,77736.423318527
2286,77736.423318527
2287,77736.423318527
2288,77736.423318527
2289,77736.423318527
2290,77736.423318527
2291,77736.423318527
2292,77736.423318527
2293,77736.423318527
2294,77736.423318527
2295,77736.423318527
2296,77736.423318527
2297,77736.423318527
2298,77736.423318527
2299,77736.423318527
2300,77736.423318527
2301,77736.423318527
2302,77736.423318527
2303,77736.423318527
2304,77736.423318527
2305,77736.423318527
2306,77736.423318527
2307,77736.423318527
2308,77736.423318527
2309,77736.423318527
2310,77736.423318527
2311,77736.423318527
2312,77736.423318527
2313,77736.423318527
2314,77736.423318527
2315,77736.423318527
2316,77532.18436212101
2317,77532.18436212101
2318,77532.18436212101
2319,77532.18436212101
2320,77532.18436212101
2321,77532.18436212101
2322,77532.18436212101
2323,77532.18436212101
2324,77532.18436212101
2325,77532.18436212101
2326,77532.18436212101
2327,77532.18436212101
2328,77532.18436212101
2329,77532.18436212101
2330,77532.18436212101
2331,77532.18436212101
2332,77532.18436212101
2333,77532.18436212101
2334,77532.18436212096
2335,77532.18436212096
2336,77532.18436212096
2337,77532.18436212096
2338,77532.18436212096
2339,77532.18436212096
2340,77532.18436212096
2341,77532.18436212096
2342,77532.18436212096
2343,77532.18436212096
2344,77532.18436212096
2345,77532.18436212096
2346,77532.18436212096
2347,77532.18436212096
2348,77532.18436212096
2349,77532.18436212096
2350,77532.18436212096
2351,77532.18436212096
2352,77532.18436212096
2353,77532.18436212096
2354,77532.18436212096
2355,77532.18436212096
2356,77532.18436212096
2357,77532.18436212096
2358,77532.18436212096
2359,77532.18436212096
2360,77532.18436212096
2361,77532.18436212096
2362,77532.18436212096
2363,77532.18436212096
2364,77532.18436212096
2365,77532.18436212096
2366,77532.18436212096
2367,77532.18436212096
2368,77532.18436212096
2369,77532.18436212096
2370,77532.18436212096
2371,77532.18436212096
2372,77532.18436212096
2373,77532.18436212096
2374,77532.18436212096
2375,77532.18436212096
2376,77532.18436212096
2377,77532.18436212096
2378,77532.18436212096
2379,77532.18436212096
2380,77532.18436212096
2381,77532.18436212096
2382,77532.18436212096
2383,77532.18436212096
2384,77532.18436212096
2385,77532.18436212096
2386,77532.18436212096
2387,77532.18436212096
2388,77532.18436212096
2389,77532.18436212096
2390,77532.18436212096
2391,77532.18436212096
2392,77532.18436212096
2393,77532.18436212096
2394,77532.18436212096
2395,77532.18436212096
2396,77532.18436212096
2397,77532.18436212096
2398,77532.18436212096
2399,77532.18436212096
2400,77532.18436212096
2401,77532.18436212096
2402,77532.18436212096
2403,77532.18436212096
2404,77532.18436212096
2405,77532.18436212096
2406,77532.18436212096
2407,77532.18436212096
2408,77532.18436212096
2409,77532.18436212096
2410,77532.18436212096
2411,77532.18436212096
2412,77532.18436212096
2413,77532.18436212096
2414,77532.18436212096
2415,77532.18436212096
2416,77532.18436212096
2417,77532.18436212096
2418,77532.18436212096
2419,77532.18436212096
2420,77532.18436212096
2421,77532.18436212096
2422,77532.18436212096
2423,77532.18436212096
2424,77532.18436212096
2425,77532.18436212096
2426,77532.18436212096
2427,77532.18436212096
2428,77532.18436212096
2429,77532.18436212096
2430,77532.18436212096
2431,77532.18436212096
2432,77532.18436212096
2433,77532.18436212096
2434,77532.18436212096
2435,77532.18436212096
2436,77532.18436212096
2437,77532.18436212096
2438,77532.18436212096
2439,77532.18436212096
2440,77532.18436212096
2441,77532.18436212096
2442,77532.18436212096
2443,77532.18436212096
2444,77532.18436212096
2445,77532.18436212096
2446,77532.18436212096
2447,77532.18436212096
2448,77532.18436212096
2449,77532.18436212096
2450,77532.18436212096
2451,77532.18436212096
2452,77532.18436212096
2453,77532.18436212096
2454,77532.18436212096
2455,77532.18436212096
2456,77532.18436212096
2457,77532.18436212096
2458,77532.18436212096
2459,77532.18436212096
2460,77532.18436212096
2461,77532.18436212096
2462,77532.18436212096
2463,77532.18436212096
2464,77532.18436212096
2465,77532.18436212096
2466,77532.18436212096
2467,77532.18436212096
2468,77532.18436212096
2469,77532.18436212096
2470,77532.18436212096
2471,77532.18436212096
2472,77532.18436212096
2473,77532.18436212096
2474,77532.18436212096
2475,77532.18436212096
2476,77532.18436212096
2477,77532.18436212096
2478,77532.18436212096
2479,77532.18436212096
2480,77532.18436212096
2481,77532.18436212096
2482,77532.18436212096
2483,77532.18436212096
2484,77532.18436212096
2485,77532.18436212096
2486,77532.18436212096
2487,77532.18436212096
2488,77532.18436212096
2489,77532.18436212096
2490,77532.18436212096
2491,77532.18436212096
2492,77532.18436212096
2493,77532.18436212096
2494,77532.18436212096
2495,77532.18436212096
2496,77532.18436212096
2497,77532.18436212096
2498,77532.18436212096
2499,77532.18436212096
