iteracion,valor_coste
0,1807376.6980089326
1,1807376.6980089326
2,1566270.0881072907
3,1566270.0881072907
4,1566270.0881072907
5,1490956.24719408
6,1455079.4028076879
7,1455079.4028076879
8,1455079.4028076879
9,1455079.4028076879
10,1455079.4028076879
11,1455079.4028076874
12,1358717.9145695674
13,1358717.9145695674
14,1358717.9145695674
15,1358717.9145695674
16,1316528.1922431856
17,1290430.9452547817
18,1290430.9452547817
19,1290430.9452547817
20,1290430.9452547817
21,1290430.9452547817
22,1290430.9452547817
23,1290430.9452547817
24,1277206.390077391
25,1270763.8374213816
26,1270763.8374213816
27,1126069.5870364455
28,1121925.0245206764
29,1121925.0245206764
30,1121925.0245206764
31,1121925.0245206764
32,1121925.0245206764
33,1121925.0245206764
34,1121925.0245206764
35,1121925.0245206764
36,1121925.0245206764
37,1121925.0245206764
38,1121925.0245206764
39,1121925.0245206764
40,1121925.0245206764
41,1121925.0245206764
42,1121925.0245206764
43,1054034.8692300394
44,1054034.8692300394
45,1054034.8692300394
46,1054034.8692300394
47,1054034.8692300394
48,1054034.8692300394
49,1054034.8692300394
50,1054034.8692300394
51,1054034.8692300394
52,1054034.8692300394
53,1054034.8692300394
54,1054034.8692300394
55,1054034.8692300394
56,1054034.8692300394
57,1054034.8692300394
58,1054034.869230039
59,1054034.869230039
60,1054034.869230039
61,1054034.869230039
62,1054034.869230039
63,1054034.869230039
64,1054034.869230039
65,1054034.869230039
66,1054034.869230039
67,1054034.869230039
68,1054034.869230039
69,1054034.869230039
70,1054034.869230039
71,1054034.869230039
72,1054034.869230039
73,1054034.869230039
74,1008678.1373324303
75,1008678.1373324303
76,1008678.1373324303
77,1008678.1373324303
78,1008678.13733243
79,1008678.13733243
80,1008678.13733243
81,987251.0207029489
82,987251.0207029489
83,987251.0207029489
84,987251.0207029489
85,987251.0207029489
86,987251.0207029489
87,987251.0207029489
88,987251.0207029489
89,987251.0207029489
90,987251.0207029489
91,987251.0207029489
92,987251.0207029489
93,987251.0207029489
94,987251.0207029489
95,987251.0207029489
96,987251.0207029489
97,987251.0207029489
98,840564.6704590784
99,840564.6704590784
100,840564.6704590784
101,840564.6704590784
102,840564.6704590784
103,840564.6704590784
104,840564.6704590784
105,705072.2531984284
106,705072.2531984284
107,705072.2531984284
108,705072.2531984284
109,705072.2531984284
110,705072.2531984284
111,705072.2531984284
112,705072.2531984284
113,705072.2531984284
114,705072.2531984284
115,705072.2531984284
116,705072.2531984284
117,705072.2531984284
118,705072.2531984284
119,705072.2531984284
120,705072.2531984284
121,705072.2531984284
122,705072.2531984284
123,705072.2531984284
124,705072.2531984284
125,705072.2531984284
126,705072.2531984284
127,705072.2531984284
128,705072.2531984284
129,705072.2531984284
130,705072.2531984284
131,705072.2531984283
132,705072.2531984283
133,705072.2531984283
134,705072.2531984283
135,705072.2531984283
136,705072.2531984283
137,705072.2531984283
138,705072.2531984283
139,705072.2531984283
140,705072.2531984283
141,705072.2531984283
142,705072.2531984283
143,705072.2531984283
144,705072.2531984283
145,705072.2531984283
146,705072.2531984283
147,705072.2531984283
148,705072.2531984283
149,705072.2531984283
150,705072.2531984283
151,705072.2531984283
152,705072.2531984283
153,662302.3324580991
154,662302.3324580991
155,644772.2555406698
156,644772.2555406692
157,644772.2555406692
158,644772.2555406692
159,644772.2555406692
160,644772.2555406692
161,644772.2555406692
162,644772.2555406692
163,644772.2555406692
164,644772.2555406692
165,644772.2555406692
166,644772.2555406692
167,644772.2555406692
168,644772.2555406692
169,583967.2576783504
170,583967.2576783504
171,583967.2576783504
172,583967.2576783504
173,583967.2576783504
174,583967.2576783504
175,583967.2576783504
176,583967.2576783504
177,583967.2576783504
178,583967.2576783504
179,554868.6161441917
180,554868.6161441917
181,554868.6161441917
182,554868.6161441917
183,554868.6161441917
184,554868.6161441917
185,554868.6161441917
186,554868.6161441917
187,554868.6161441917
188,554868.6161441917
189,554868.6161441917
190,515156.8101103621
191,515156.8101103621
192,515156.8101103621
193,515156.8101103621
194,515156.8101103621
195,515156.8101103621
196,515156.8101103621
197,515156.8101103621
198,515156.8101103621
199,515156.8101103621
200,515156.8101103621
201,515156.8101103621
202,515156.8101103621
203,515156.8101103621
204,515156.8101103621
205,515156.8101103621
206,515156.8101103621
207,515156.8101103621
208,515156.8101103621
209,515156.8101103621
210,515156.8101103621
211,515156.8101103621
212,515156.8101103621
213,515156.8101103621
214,515156.8101103621
215,515156.8101103621
216,515156.8101103621
217,515156.8101103621
218,515156.8101103621
219,515156.8101103621
220,515156.8101103621
221,515156.8101103621
222,515156.8101103621
223,515156.8101103621
224,515156.8101103621
225,515156.8101103621
226,482009.1833390352
227,482009.1833390352
228,482009.1833390352
229,482009.1833390352
230,482009.1833390352
231,482009.1833390352
232,482009.1833390352
233,482009.1833390352
234,482009.1833390352
235,482009.1833390352
236,482009.1833390352
237,482009.1833390352
238,482009.1833390352
239,482009.1833390352
240,482009.1833390352
241,482009.1833390352
242,482009.1833390352
243,482009.1833390352
244,482009.1833390352
245,482009.1833390352
246,482009.1833390352
247,482009.1833390352
248,482009.1833390352
249,482009.18333903514
250,482009.18333903514
251,482009.18333903514
252,482009.18333903514
253,482009.18333903514
254,482009.1833390351
255,482009.1833390351
256,482009.1833390351
257,482009.1833390351
258,482009.1833390351
259,482009.1833390351
260,482009.1833390351
261,482009.1833390351
262,482009.1833390351
263,482009.1833390351
264,482009.1833390351
265,482009.1833390351
266,482009.1833390351
267,482009.1833390351
268,482009.1833390351
269,482009.18333903473
270,482009.18333903473
271,482009.18333903473
272,482009.18333903473
273,482009.18333903473
274,482009.18333903473
275,482009.18333903473
276,482009.18333903473
277,482009.18333903473
278,482009.18333903473
279,482009.18333903473
280,465803.7470021216
281,465803.7470021216
282,465803.7470021216
283,465803.7470021216
284,465803.7470021216
285,465803.7470021216
286,465803.7470021216
287,449645.2981984358
288,449645.2981984358
289,449645.2981984358
290,449645.2981984358
291,443428.6579923178
292,443428.6579923178
293,443428.6579923178
294,443428.6579923178
295,443428.6579923178
296,443428.6579923178
297,443428.6579923178
298,443428.6579923178
299,443428.6579923178
300,443428.6579923178
301,443428.6579923178
302,443428.6579923178
303,443428.6579923178
304,443428.6579923178
305,443428.6579923178
306,443428.6579923178
307,443428.6579923178
308,443428.6579923178
309,443428.6579923178
310,443428.6579923178
311,443428.6579923178
312,443428.6579923178
313,443428.6579923178
314,443428.6579923178
315,443428.6579923178
316,443428.6579923178
317,443428.6579923178
318,443428.6579923178
319,443428.6579923178
320,443428.6579923178
321,443428.6579923178
322,443428.6579923178
323,443428.6579923178
324,443428.6579923178
325,443428.6579923178
326,443428.6579923178
327,443428.6579923178
328,443428.6579923178
329,443428.6579923178
330,443428.6579923178
331,443428.6579923178
332,443428.6579923178
333,443428.6579923178
334,443428.6579923178
335,443428.6579923178
336,442551.96113776515
337,442551.96113776515
338,442551.96113776515
339,442551.96113776515
340,442551.96113776515
341,442551.96113776515
342,442551.96113776515
343,442551.96113776515
344,442551.96113776515
345,442551.96113776515
346,442551.96113776515
347,442551.96113776515
348,442551.96113776515
349,442551.96113776515
350,442551.96113776515
351,442551.96113776515
352,442551.96113776515
353,442551.96113776515
354,442551.96113776515
355,442551.96113776515
356,442551.96113776515
357,442551.96113776515
358,442551.96113776515
359,442551.96113776515
360,442551.96113776515
361,442551.96113776515
362,442551.96113776515
363,442551.96113776515
364,442551.96113776515
365,442551.96113776515
366,442551.96113776515
367,442551.96113776515
368,442551.96113776515
369,442551.96113776515
370,442551.96113776515
371,442551.96113776515
372,442551.96113776515
373,442551.96113776515
374,442551.96113776515
375,442551.96113776515
376,442551.96113776515
377,442551.96113776515
378,442551.96113776515
379,442551.96113776515
380,442551.96113776515
381,442551.96113776515
382,442551.96113776515
383,442551.96113776515
384,442551.96113776515
385,442551.96113776515
386,442551.96113776515
387,442551.96113776515
388,442551.96113776515
389,442551.96113776515
390,442551.96113776515
391,442551.96113776515
392,442551.96113776515
393,442551.96113776515
394,442551.96113776515
395,442551.96113776515
396,442551.96113776515
397,442551.96113776515
398,442551.96113776515
399,442551.96113776515
400,442551.96113776515
401,442551.96113776515
402,442551.96113776515
403,442551.96113776515
404,442551.96113776515
405,442551.96113776515
406,442551.96113776515
407,442551.96113776515
408,442551.96113776515
409,442551.96113776515
410,442551.96113776515
411,442551.96113776515
412,442551.96113776515
413,442551.96113776515
414,442551.96113776515
415,442551.96113776515
416,442551.96113776515
417,442551.96113776515
418,442551.96113776515
419,442551.96113776515
420,426541.44709801546
421,426541.44709801546
422,426541.44709801546
423,426541.44709801546
424,426541.44709801546
425,420620.6681888729
426,420620.6681888727
427,420620.6681888727
428,420620.6681888727
429,420620.6681888727
430,420620.6681888725
431,420620.6681888725
432,420620.6681888725
433,420620.6681888725
434,420620.6681888725
435,420620.6681888725
436,420620.6681888725
437,420620.6681888725
438,420620.6681888725
439,420620.6681888725
440,420620.6681888725
441,420620.6681888725
442,420620.6681888725
443,420620.6681888725
444,420620.6681888725
445,420620.6681888725
446,420620.6681888725
447,420620.6681888725
448,420620.6681888725
449,420620.6681888725
450,420620.6681888725
451,420620.6681888725
452,420620.6681888725
453,420620.6681888725
454,420620.6681888725
455,420620.6681888725
456,420620.6681888725
457,420620.6681888725
458,420620.6681888725
459,420620.6681888725
460,420620.6681888725
461,420620.6681888725
462,420620.6681888725
463,420620.6681888725
464,420620.6681888725
465,420620.6681888725
466,420620.6681888725
467,420620.6681888725
468,420620.6681888725
469,420620.6681888725
470,420620.6681888725
471,420620.6681888725
472,420620.6681888725
473,420620.6681888725
474,420620.6681888725
475,420620.6681888725
476,420620.6681888725
477,420620.6681888725
478,420620.6681888725
479,420620.6681888725
480,420620.6681888725
481,420620.6681888725
482,420620.6681888725
483,420620.6681888725
484,420620.6681888725
485,420620.6681888725
486,420620.6681888725
487,420620.6681888725
488,420620.6681888725
489,420620.6681888725
490,420620.6681888725
491,403384.5920467893
492,403384.5920467893
493,403384.5920467893
494,401388.91760427854
495,401388.91760427854
496,397670.79857489205
497,397670.79857489205
498,397670.79857489205
499,397670.79857489205
500,397670.79857489205
501,397670.79857489205
502,397670.79857489205
503,397670.79857489205
504,397670.79857489205
505,397670.79857489205
506,397670.79857489205
507,397670.79857489205
508,397670.79857489205
509,397670.79857489205
510,397670.79857489205
511,397670.79857489205
512,397670.79857489205
513,397670.79857489205
514,397670.79857489205
515,397670.79857489205
516,397670.79857489205
517,397670.79857489205
518,397670.79857489205
519,397670.79857489205
520,397670.79857489205
521,397670.79857489205
522,397670.79857489205
523,397670.79857489205
524,397670.79857489205
525,397670.79857489205
526,397670.79857489205
527,397670.79857489205
528,397670.79857489205
529,397670.79857489205
530,397670.79857489205
531,397670.79857489205
532,397670.79857489205
533,397670.79857489205
534,397670.79857489205
535,397670.79857489205
536,397670.79857489205
537,397670.79857489205
538,397670.79857489205
539,397670.79857489205
540,397670.79857489205
541,397670.79857489205
542,397670.79857489205
543,397670.79857489205
544,397670.79857489205
545,397670.79857489205
546,397670.79857489205
547,397670.79857489205
548,397670.79857489205
549,397670.79857489205
550,397670.79857489205
551,397670.79857489205
552,397670.79857489205
553,397670.79857489205
554,397670.79857489205
555,397670.79857489205
556,397670.79857489205
557,397670.79857489205
558,397670.79857489205
559,397670.79857489205
560,397670.79857489205
561,397670.79857489205
562,397670.79857489205
563,397670.79857489205
564,397670.79857489205
565,397670.79857489205
566,397670.79857489205
567,397670.79857489205
568,397670.79857489205
569,397670.79857489205
570,397670.79857489205
571,397670.79857489205
572,397670.79857489205
573,397670.79857489205
574,397670.79857489205
575,397670.79857489205
576,397670.79857489205
577,397670.79857489205
578,397670.79857489205
579,397670.79857489205
580,397670.79857489205
581,397670.79857489205
582,397670.79857489205
583,397670.79857489205
584,397670.79857489205
585,397670.79857489205
586,397670.79857489205
587,397670.79857489205
588,397670.79857489205
589,397670.79857489205
590,397670.79857489205
591,397670.79857489205
592,397670.79857489205
593,397670.79857489205
594,397670.79857489205
595,397670.79857489205
596,397670.79857489205
597,397670.79857489205
598,397670.79857489205
599,397670.79857489205
600,397670.79857489205
601,397670.79857489205
602,397670.79857489205
603,397670.79857489205
604,397670.79857489205
605,397670.79857489205
606,397670.79857489205
607,394259.9954814073
608,394259.9954814073
609,394259.9954814073
610,394259.9954814073
611,394259.9954814073
612,394259.9954814073
613,394259.9954814073
614,394259.9954814073
615,394259.9954814073
616,394259.9954814073
617,394259.9954814073
618,394259.9954814073
619,394259.9954814073
620,394259.9954814073
621,394259.9954814073
622,394259.9954814073
623,394259.9954814073
624,394259.9954814073
625,394259.9954814073
626,394259.9954814073
627,394259.9954814073
628,394259.9954814073
629,394259.9954814073
630,394259.9954814073
631,394259.9954814073
632,394259.9954814073
633,394259.9954814073
634,394259.9954814073
635,394259.9954814073
636,394259.9954814073
637,394259.9954814073
638,394259.9954814073
639,394259.9954814073
640,394259.9954814073
641,394259.9954814073
642,394259.9954814073
643,394259.9954814073
644,394259.9954814073
645,394259.9954814073
646,394259.9954814073
647,394259.9954814073
648,394259.9954814073
649,394259.9954814073
650,394259.9954814073
651,394259.9954814073
652,394259.9954814073
653,394259.9954814073
654,385789.0260035831
655,385789.0260035831
656,385789.0260035831
657,385789.0260035831
658,385789.0260035831
659,385789.0260035831
660,382215.4910817812
661,382215.4910817812
662,382215.4910817812
663,382215.4910817812
664,382215.4910817812
665,382215.4910817812
666,382215.4910817812
667,382215.4910817812
668,382215.4910817812
669,382215.4910817812
670,382215.4910817812
671,382215.4910817812
672,382215.4910817812
673,382215.4910817812
674,382215.4910817812
675,382215.4910817812
676,382215.4910817812
677,382215.4910817812
678,382215.4910817812
679,382215.4910817812
680,382215.4910817812
681,382215.4910817812
682,382215.4910817812
683,378138.29508025624
684,378138.29508025624
685,378138.29508025624
686,378138.29508025624
687,378138.29508025624
688,378138.29508025624
689,378138.29508025624
690,378138.29508025624
691,378138.29508025624
692,378138.29508025624
693,378138.29508025624
694,378138.29508025624
695,378138.29508025624
696,378138.295080256
697,378138.295080256
698,378138.295080256
699,378138.295080256
700,378138.295080256
701,378138.295080256
702,378138.295080256
703,378138.295080256
704,378138.295080256
705,378138.2950802559
706,378138.2950802559
707,378138.2950802559
708,378138.2950802559
709,378138.2950802559
710,378138.2950802559
711,378138.2950802559
712,378138.2950802559
713,378138.2950802559
714,378138.2950802559
715,378138.2950802559
716,378138.2950802559
717,378138.2950802559
718,378138.2950802559
719,378138.2950802559
720,378138.2950802559
721,378138.2950802559
722,378138.2950802559
723,378138.2950802559
724,378138.2950802559
725,378138.2950802559
726,378138.2950802559
727,378138.2950802559
728,378138.29508025583
729,378138.29508025583
730,378138.29508025583
731,378138.29508025583
732,378138.29508025583
733,378138.29508025583
734,378138.29508025583
735,378138.29508025583
736,378138.29508025583
737,378138.29508025583
738,378138.29508025583
739,378138.29508025583
740,378138.29508025583
741,378138.29508025583
742,378138.29508025583
743,378138.29508025583
744,378138.29508025583
745,378138.29508025583
746,378138.29508025583
747,378138.29508025583
748,378138.29508025583
749,378138.29508025583
750,378138.29508025583
751,378138.29508025583
752,378138.29508025583
753,378138.29508025583
754,378138.29508025583
755,378138.29508025583
756,378138.29508025583
757,378138.29508025583
758,378138.29508025583
759,378138.29508025583
760,378138.29508025583
761,378138.29508025583
762,368160.6391928248
763,368160.6391928248
764,368160.6391928248
765,368160.6391928248
766,368160.6391928248
767,368160.6391928248
768,368160.6391928248
769,368160.6391928248
770,368160.6391928248
771,368160.6391928248
772,368160.6391928248
773,364840.0042321016
774,364840.0042321016
775,364840.0042321016
776,364840.0042321016
777,364840.0042321016
778,364840.0042321016
779,364645.39437263703
780,364645.39437263703
781,364645.39437263703
782,364645.39437263703
783,364645.39437263703
784,364645.39437263703
785,364645.39437263703
786,364645.39437263703
787,364645.39437263703
788,364645.39437263703
789,364645.39437263703
790,364645.39437263703
791,364645.39437263703
792,364645.39437263703
793,364645.39437263703
794,364645.39437263703
795,364645.39437263703
796,364645.39437263703
797,364645.39437263703
798,364645.39437263703
799,364645.39437263703
800,364645.39437263703
801,364645.39437263703
802,364645.39437263703
803,364645.39437263703
804,364645.39437263703
805,364645.39437263703
806,364645.39437263703
807,364645.39437263703
808,364645.39437263703
809,364645.39437263703
810,364645.39437263703
811,364645.39437263703
812,364645.39437263703
813,364645.39437263703
814,364645.39437263703
815,364645.39437263703
816,364645.39437263703
817,364645.39437263703
818,364645.39437263703
819,364645.39437263703
820,364645.39437263703
821,364645.39437263703
822,364645.39437263703
823,364645.39437263703
824,364645.39437263703
825,364645.39437263703
826,364645.39437263703
827,364645.39437263703
828,364645.39437263703
829,364645.39437263703
830,364645.39437263703
831,364645.39437263703
832,364645.39437263703
833,364645.39437263703
834,364645.39437263703
835,364645.39437263703
836,364645.39437263703
837,364645.39437263703
838,364645.39437263703
839,364645.39437263703
840,353974.93455276894
841,353974.93455276894
842,343191.7302800973
843,343191.7302800973
844,343191.7302800973
845,343191.7302800973
846,343191.7302800973
847,343191.7302800973
848,343191.7302800973
849,343191.7302800972
850,343191.7302800972
851,343191.7302800972
852,343191.7302800972
853,343191.7302800972
854,343191.7302800972
855,343191.7302800972
856,343191.7302800972
857,343191.7302800971
858,343191.7302800971
859,343191.7302800971
860,343191.7302800971
861,343191.7302800971
862,343191.7302800971
863,343191.7302800971
864,343191.7302800971
865,343191.7302800971
866,343191.7302800971
867,343191.7302800971
868,343191.7302800971
869,343191.7302800971
870,343191.7302800971
871,343191.7302800971
872,343191.7302800971
873,343191.7302800971
874,343191.7302800971
875,343191.7302800971
876,343191.7302800971
877,343191.7302800971
878,343191.7302800971
879,343191.7302800971
880,343191.7302800971
881,343191.7302800971
882,343191.7302800971
883,343191.7302800971
884,343191.7302800971
885,343191.7302800971
886,343191.7302800971
887,343191.7302800971
888,343191.7302800971
889,343191.7302800971
890,343191.7302800971
891,343191.7302800971
892,343191.7302800971
893,343191.7302800971
894,343191.7302800971
895,343191.7302800971
896,343191.7302800971
897,343191.7302800971
898,343191.7302800971
899,343191.7302800971
900,343191.7302800971
901,343191.7302800971
902,343191.7302800971
903,343191.7302800971
904,343191.7302800971
905,343191.7302800971
906,343191.7302800971
907,343191.7302800971
908,343191.7302800971
909,343191.7302800971
910,343191.7302800971
911,343191.7302800971
912,343191.7302800971
913,343191.7302800971
914,343191.7302800971
915,343191.7302800971
916,343191.7302800971
917,343191.7302800971
918,343191.7302800971
919,343191.7302800971
920,343191.7302800971
921,343191.7302800971
922,343191.7302800971
923,343191.7302800971
924,343191.7302800971
925,343191.7302800971
926,343191.7302800971
927,339276.4874338753
928,339276.4874338753
929,339276.4874338753
930,339276.4874338753
931,339276.4874338753
932,339276.4874338753
933,339276.4874338753
934,339276.4874338753
935,339276.4874338753
936,339276.4874338753
937,339276.4874338753
938,339276.4874338753
939,339276.4874338753
940,339276.4874338753
941,339276.4874338753
942,339276.4874338753
943,339276.4874338753
944,339276.4874338753
945,339276.4874338753
946,339276.4874338753
947,339276.4874338753
948,339276.4874338753
949,339276.4874338753
950,339276.4874338753
951,339276.4874338753
952,339276.4874338753
953,339276.4874338753
954,339276.48743387515
955,339276.48743387515
956,339276.48743387515
957,339276.48743387515
958,339276.48743387515
959,339276.48743387515
960,339276.48743387515
961,339276.48743387515
962,339276.48743387515
963,339276.48743387515
964,339276.48743387515
965,339276.48743387515
966,339276.48743387515
967,339276.48743387515
968,339276.48743387515
969,339276.48743387515
970,339276.48743387515
971,339276.48743387515
972,339276.48743387515
973,339276.48743387515
974,339276.48743387515
975,339276.48743387515
976,339276.48743387515
977,339276.48743387515
978,339276.48743387515
979,339276.48743387515
980,339276.48743387515
981,339276.48743387515
982,339276.48743387515
983,339276.48743387515
984,339276.48743387515
985,339276.48743387515
986,339276.48743387515
987,339276.48743387515
988,339276.48743387515
989,339276.48743387515
990,339276.48743387515
991,339276.48743387515
992,339276.48743387515
993,339276.48743387515
994,339276.48743387515
995,339276.48743387515
996,339276.48743387515
997,339276.48743387515
998,339276.48743387515
999,339276.48743387515
1000,339276.48743387515
1001,339276.48743387515
1002,339276.48743387515
1003,339276.48743387515
1004,339276.48743387515
1005,339276.48743387515
1006,339276.48743387515
1007,339276.48743387515
1008,339276.48743387515
1009,339276.48743387515
1010,339276.48743387515
1011,339276.48743387515
1012,339276.48743387515
1013,339276.48743387515
1014,339276.48743387515
1015,339276.48743387515
1016,339276.48743387515
1017,339276.48743387515
1018,339276.48743387515
1019,339276.48743387515
1020,339276.48743387515
1021,339276.48743387515
1022,339276.48743387515
1023,339276.48743387515
1024,339276.48743387515
1025,339276.48743387515
1026,339276.48743387515
1027,339276.48743387515
1028,339276.48743387515
1029,339276.48743387515
1030,339276.48743387515
1031,339276.48743387515
1032,339276.48743387515
1033,339276.48743387515
1034,339276.48743387515
1035,339276.48743387515
1036,339276.48743387515
1037,339276.48743387515
1038,339276.48743387515
1039,339276.48743387515
1040,339276.48743387515
1041,339276.48743387515
1042,339276.48743387515
1043,339276.48743387515
1044,339276.48743387515
1045,339276.48743387515
1046,339276.48743387515
1047,339276.48743387515
1048,339276.48743387515
1049,339276.48743387515
1050,339276.48743387515
1051,339276.48743387515
1052,339276.48743387515
1053,339276.48743387515
1054,339276.48743387515
1055,339276.48743387515
1056,339276.48743387515
1057,339276.48743387515
1058,339276.48743387515
1059,339276.48743387515
1060,339276.48743387515
1061,339276.48743387515
1062,339276.48743387515
1063,339276.48743387515
1064,291255.01435878617
1065,291255.01435878617
1066,291255.01435878617
1067,291255.01435878617
1068,291255.01435878617
1069,291255.01435878617
1070,291255.01435878617
1071,291255.01435878617
1072,291255.01435878617
1073,291255.01435878617
1074,291255.01435878617
1075,291255.01435878617
1076,284864.251894939
1077,284864.251894939
1078,284864.251894939
1079,284864.251894939
1080,284864.25189493893
1081,284864.25189493893
1082,284864.25189493893
1083,284864.25189493893
1084,284864.25189493893
1085,284864.25189493893
1086,284864.25189493893
1087,284864.25189493893
1088,284864.25189493893
1089,284864.25189493893
1090,284864.25189493893
1091,284864.25189493893
1092,284864.25189493893
1093,278395.0137745296
1094,278395.0137745296
1095,278395.0137745296
1096,278395.0137745296
1097,278395.0137745296
1098,278395.0137745296
1099,278238.45849838795
1100,278238.45849838795
1101,278238.45849838795
1102,278238.45849838795
1103,278238.45849838795
1104,278238.45849838795
1105,278238.45849838795
1106,278238.45849838795
1107,278238.45849838795
1108,278238.45849838795
1109,278238.45849838795
1110,278238.45849838795
1111,278238.45849838795
1112,278238.45849838795
1113,278238.45849838795
1114,278238.45849838795
1115,278238.45849838795
1116,278238.45849838795
1117,278238.45849838795
1118,278238.45849838795
1119,278238.45849838795
1120,278238.45849838795
1121,278238.45849838795
1122,278238.45849838795
1123,278238.45849838795
1124,278238.45849838795
1125,278238.45849838795
1126,278238.45849838795
1127,278238.45849838795
1128,278238.45849838795
1129,278238.45849838795
1130,278238.45849838795
1131,278238.45849838795
1132,278238.45849838795
1133,278238.45849838795
1134,278238.45849838795
1135,278238.45849838795
1136,278238.45849838795
1137,278238.45849838795
1138,278238.45849838795
1139,277615.9591887667
1140,277615.9591887667
1141,277615.9591887667
1142,277615.9591887667
1143,277615.9591887667
1144,277615.9591887667
1145,277615.9591887667
1146,277615.9591887667
1147,277615.9591887666
1148,277615.9591887666
1149,277615.9591887666
1150,277615.9591887666
1151,277615.9591887666
1152,277615.9591887666
1153,277615.9591887666
1154,277615.9591887666
1155,277615.9591887666
1156,277615.9591887666
1157,277615.9591887666
1158,277615.9591887666
1159,277615.9591887666
1160,277615.9591887666
1161,277615.9591887666
1162,277615.9591887666
1163,277615.9591887666
1164,277615.9591887666
1165,277615.9591887666
1166,277615.9591887666
1167,277615.9591887666
1168,277615.9591887666
1169,277615.9591887666
1170,277615.9591887666
1171,277615.9591887666
1172,277615.9591887666
1173,277615.9591887666
1174,277615.9591887666
1175,277615.9591887666
1176,277615.9591887666
1177,277615.9591887666
1178,276389.95736391784
1179,276389.95736391784
1180,276389.95736391784
1181,276389.95736391784
1182,276389.95736391784
1183,276389.95736391784
1184,276389.95736391784
1185,276389.95736391784
1186,276389.95736391784
1187,276389.95736391784
1188,276389.95736391784
1189,276389.95736391784
1190,276389.95736391784
1191,276389.95736391784
1192,276389.95736391784
1193,276389.95736391784
1194,276389.95736391784
1195,276389.95736391784
1196,276389.95736391784
1197,276389.95736391784
1198,276389.95736391784
1199,276389.95736391784
1200,276389.95736391784
1201,276389.95736391784
1202,276389.95736391784
1203,276389.95736391784
1204,276389.95736391784
1205,276389.95736391784
1206,276389.95736391784
1207,276389.95736391784
1208,276389.95736391784
1209,276389.95736391784
1210,276389.95736391784
1211,276389.95736391784
1212,276389.95736391784
1213,276389.95736391784
1214,276389.95736391784
1215,276389.95736391784
1216,276389.95736391784
1217,276389.95736391784
1218,276389.95736391784
1219,276389.95736391784
1220,276389.95736391784
1221,218944.77214163775
1222,218944.77214163775
1223,218944.77214163775
1224,218944.77214163775
1225,218944.77214163775
1226,218944.77214163775
1227,218944.77214163775
1228,218581.28754978708
1229,218581.28754978708
1230,218581.28754978708
1231,218581.28754978708
1232,218581.28754978708
1233,218581.28754978708
1234,218581.28754978708
1235,218581.28754978708
1236,218581.28754978708
1237,218581.28754978708
1238,218581.28754978708
1239,218581.28754978708
1240,218581.28754978708
1241,218581.28754978708
1242,218581.28754978708
1243,218581.28754978708
1244,218581.28754978708
1245,218581.28754978708
1246,218581.28754978708
1247,218581.28754978708
1248,218581.28754978708
1249,218581.28754978708
1250,218581.28754978708
1251,218581.28754978708
1252,218581.28754978708
1253,218581.28754978708
1254,218581.28754978708
1255,218581.28754978708
1256,218581.28754978708
1257,218581.28754978708
1258,218581.28754978708
1259,218581.28754978708
1260,218581.28754978708
1261,218581.28754978708
1262,218581.28754978708
1263,218581.28754978708
1264,218581.28754978708
1265,218581.28754978708
1266,218581.28754978708
1267,218581.28754978708
1268,218581.28754978708
1269,218581.28754978708
1270,218581.28754978708
1271,218581.28754978708
1272,218581.28754978708
1273,218581.28754978708
1274,218581.28754978708
1275,218581.28754978708
1276,218581.28754978703
1277,218581.28754978703
1278,218581.28754978703
1279,218581.28754978703
1280,218581.28754978703
1281,218581.28754978703
1282,218581.28754978703
1283,218581.28754978703
1284,218581.28754978703
1285,218581.28754978703
1286,218581.28754978703
1287,218581.28754978703
1288,218581.28754978703
1289,218581.28754978703
1290,218581.28754978703
1291,218581.28754978703
1292,218581.28754978703
1293,218581.28754978703
1294,218581.28754978703
1295,218581.28754978703
1296,218581.28754978703
1297,218581.28754978703
1298,218581.28754978703
1299,218581.28754978703
1300,218581.28754978703
1301,218581.28754978703
1302,218581.28754978703
1303,218581.28754978703
1304,218581.28754978703
1305,218581.28754978703
1306,218581.28754978703
1307,218581.28754978703
1308,218581.28754978703
1309,218581.28754978703
1310,218581.28754978703
1311,218581.28754978703
1312,218581.28754978703
1313,218581.28754978703
1314,218581.28754978703
1315,218581.28754978703
1316,218581.28754978703
1317,218581.28754978703
1318,218581.28754978703
1319,218581.28754978703
1320,218581.28754978703
1321,218581.28754978703
1322,218581.28754978703
1323,218581.28754978703
1324,218581.28754978703
1325,218581.28754978703
1326,218581.28754978703
1327,218581.28754978703
1328,218581.28754978703
1329,218581.28754978703
1330,218581.28754978703
1331,218581.28754978703
1332,218581.28754978703
1333,218581.28754978703
1334,218581.28754978703
1335,218581.28754978703
1336,218581.28754978703
1337,218581.28754978703
1338,218581.28754978703
1339,218581.28754978703
1340,218581.28754978703
1341,218581.28754978703
1342,218581.28754978703
1343,218581.28754978703
1344,218581.28754978703
1345,218581.28754978703
1346,218581.28754978703
1347,218581.28754978703
1348,218581.28754978703
1349,218581.28754978703
1350,217999.50612754622
1351,217999.50612754622
1352,217999.50612754622
1353,217999.50612754622
1354,217999.50612754622
1355,217999.50612754622
1356,217999.50612754622
1357,217999.50612754622
1358,217999.50612754622
1359,217999.50612754622
1360,217999.50612754622
1361,217999.50612754622
1362,217999.50612754622
1363,217999.50612754622
1364,217999.50612754622
1365,217999.50612754622
1366,217999.50612754622
1367,217999.5061275462
1368,217999.5061275462
1369,217999.5061275462
1370,217999.5061275462
1371,213682.14077663605
1372,213682.14077663605
1373,213682.14077663605
1374,213682.14077663605
1375,213682.14077663605
1376,213682.14077663605
1377,213682.14077663605
1378,213682.14077663605
1379,213682.14077663605
1380,213682.14077663605
1381,213682.14077663605
1382,213682.14077663605
1383,213682.14077663605
1384,213682.14077663605
1385,213682.14077663605
1386,213682.14077663605
1387,213682.14077663605
1388,213682.14077663605
1389,213682.14077663605
1390,213682.14077663605
1391,213682.14077663605
1392,213682.14077663605
1393,213682.14077663605
1394,213682.14077663605
1395,213682.14077663605
1396,213682.14077663605
1397,213682.14077663605
1398,213682.14077663588
1399,213682.14077663588
1400,213682.14077663588
1401,213682.14077663588
1402,213682.14077663588
1403,213682.14077663588
1404,213682.14077663588
1405,213682.14077663588
1406,213682.14077663588
1407,213682.14077663588
1408,213682.14077663588
1409,213682.14077663588
1410,213682.14077663588
1411,213682.14077663588
1412,213682.14077663588
1413,213682.14077663588
1414,213682.14077663588
1415,213682.14077663588
1416,213682.14077663588
1417,213682.14077663588
1418,213682.14077663588
1419,213682.14077663588
1420,213682.14077663588
1421,213682.14077663588
1422,213682.14077663588
1423,213682.14077663588
1424,213682.14077663588
1425,213682.14077663588
1426,213682.14077663588
1427,213682.14077663588
1428,213682.14077663588
1429,213682.14077663588
1430,213682.14077663588
1431,213682.14077663588
1432,213682.14077663588
1433,213682.14077663588
1434,213682.14077663588
1435,213682.14077663588
1436,213682.14077663588
1437,213682.14077663588
1438,213682.14077663588
1439,213682.14077663588
1440,213682.14077663588
1441,213682.14077663588
1442,213682.14077663588
1443,213682.14077663588
1444,213682.14077663588
1445,213682.14077663588
1446,213682.14077663588
1447,213682.14077663588
1448,213682.14077663588
1449,213682.14077663588
1450,213682.14077663588
1451,213682.14077663588
1452,213682.14077663588
1453,213682.14077663588
1454,213682.14077663588
1455,213682.14077663588
1456,213682.14077663588
1457,213682.14077663588
1458,213682.14077663588
1459,213682.14077663588
1460,213682.14077663588
1461,213682.14077663588
1462,213682.14077663588
1463,213682.14077663588
1464,213682.14077663588
1465,213682.14077663588
1466,213682.14077663588
1467,213682.14077663588
1468,213682.14077663588
1469,213340.0052777763
1470,213340.0052777763
1471,213340.0052777763
1472,213340.0052777763
1473,213340.0052777763
1474,213340.0052777763
1475,213340.0052777763
1476,212117.03724739148
1477,212117.03724739148
1478,212117.03724739148
1479,212117.03724739148
1480,212117.03724739148
1481,212117.03724739148
1482,212117.03724739148
1483,212117.03724739148
1484,212117.03724739148
1485,212117.03724739148
1486,212117.03724739148
1487,212117.03724739148
1488,212117.03724739148
1489,212117.03724739148
1490,212117.03724739148
1491,212117.03724739148
1492,212117.03724739148
1493,212117.03724739148
1494,212117.03724739148
1495,212117.03724739148
1496,212117.03724739148
1497,212117.03724739148
1498,212117.03724739148
1499,212117.03724739148
1500,212117.03724739148
1501,212117.03724739148
1502,212117.03724739148
1503,212117.03724739148
1504,212117.03724739148
1505,212117.03724739148
1506,212117.03724739148
1507,212117.03724739148
1508,212117.03724739148
1509,212117.03724739148
1510,212117.03724739148
1511,212117.03724739148
1512,207741.30633325776
1513,207741.30633325776
1514,207741.30633325776
1515,207741.30633325776
1516,207741.30633325776
1517,207741.30633325776
1518,207741.30633325776
1519,207741.30633325776
1520,207741.30633325776
1521,207741.30633325776
1522,207741.30633325776
1523,207741.30633325776
1524,207741.30633325776
1525,207741.30633325776
1526,207741.30633325776
1527,207741.30633325776
1528,207741.30633325776
1529,207741.30633325776
1530,207741.30633325776
1531,207741.30633325776
1532,207741.30633325776
1533,207741.30633325776
1534,207741.30633325776
1535,207741.30633325776
1536,207741.30633325776
1537,207741.30633325776
1538,207741.30633325776
1539,207741.30633325776
1540,207741.30633325776
1541,207741.30633325776
1542,207741.30633325776
1543,207741.30633325776
1544,207741.30633325776
1545,207741.30633325776
1546,207741.30633325776
1547,207741.30633325776
1548,207741.30633325776
1549,207741.30633325776
1550,207741.30633325776
1551,207741.30633325776
1552,207741.30633325776
1553,207741.30633325776
1554,207741.30633325776
1555,207741.30633325776
1556,207741.30633325776
1557,207741.30633325776
1558,207741.30633325776
1559,207741.30633325776
1560,207741.30633325776
1561,207741.30633325776
1562,200884.32458890742
1563,200884.32458890742
1564,200884.32458890742
1565,200884.32458890742
1566,200884.32458890742
1567,200884.32458890742
1568,200884.32458890742
1569,200884.32458890742
1570,200884.32458890742
1571,200884.32458890742
1572,200884.32458890742
1573,200884.32458890742
1574,200884.32458890742
1575,200884.32458890742
1576,200884.32458890742
1577,200884.32458890742
1578,200884.32458890742
1579,200884.32458890742
1580,200884.32458890742
1581,200884.32458890742
1582,200884.32458890742
1583,200884.32458890742
1584,200884.32458890742
1585,200884.32458890742
1586,200884.32458890742
1587,200884.32458890742
1588,200884.32458890742
1589,200884.32458890742
1590,200884.32458890742
1591,200884.32458890742
1592,200884.32458890742
1593,200884.32458890742
1594,200884.32458890733
1595,200884.32458890733
1596,200884.32458890733
1597,200884.32458890733
1598,200884.32458890733
1599,200884.32458890733
1600,200884.32458890733
1601,200884.32458890733
1602,200884.32458890733
1603,200884.32458890733
1604,200884.3245889073
1605,200884.3245889073
1606,200884.3245889073
1607,200884.3245889073
1608,200884.3245889073
1609,200884.32458890727
1610,200884.32458890727
1611,200884.32458890727
1612,200884.32458890727
1613,200884.32458890727
1614,200884.32458890727
1615,200884.32458890727
1616,200884.32458890727
1617,200884.32458890727
1618,200884.32458890727
1619,200884.32458890727
1620,200884.32458890727
1621,200884.32458890727
1622,200884.32458890727
1623,200884.32458890727
1624,200884.32458890727
1625,200884.32458890727
1626,200884.32458890727
1627,200884.32458890727
1628,200884.32458890727
1629,200884.32458890727
1630,200884.32458890727
1631,200884.32458890727
1632,200884.32458890727
1633,200884.32458890727
1634,200884.32458890727
1635,200884.32458890727
1636,200884.32458890727
1637,200884.32458890727
1638,200884.32458890727
1639,200884.32458890727
1640,200884.32458890727
1641,200884.32458890727
1642,200884.32458890727
1643,200884.32458890727
1644,200884.32458890727
1645,200884.32458890727
1646,200884.32458890727
1647,200884.32458890727
1648,200884.32458890727
1649,200884.32458890727
1650,200884.32458890727
1651,200884.32458890727
1652,200884.32458890727
1653,200884.32458890727
1654,200884.32458890727
1655,200884.32458890727
1656,200884.32458890727
1657,200884.32458890727
1658,200884.32458890727
1659,200884.32458890727
1660,200884.32458890727
1661,200884.32458890727
1662,200884.32458890727
1663,200884.32458890727
1664,200884.32458890727
1665,200884.32458890727
1666,200884.32458890727
1667,200884.32458890727
1668,200884.32458890727
1669,200884.32458890727
1670,200884.32458890727
1671,200884.32458890727
1672,200884.32458890727
1673,200884.32458890727
1674,200884.32458890727
1675,200884.32458890727
1676,200884.32458890727
1677,200884.32458890727
1678,200884.32458890727
1679,200884.32458890727
1680,200884.32458890727
1681,200257.25557232287
1682,200257.25557232287
1683,200257.25557232287
1684,200257.25557232287
1685,200097.74281252341
1686,200097.74281252341
1687,200097.74281252341
1688,200097.74281252341
1689,200097.74281252341
1690,200097.74281252341
1691,200097.74281252341
1692,200097.74281252341
1693,200097.74281252341
1694,200097.74281252341
1695,200097.74281252341
1696,200097.74281252341
1697,200097.74281252341
1698,200097.74281252341
1699,200097.74281252341
1700,200097.74281252341
1701,194334.18413250856
1702,194334.18413250856
1703,194334.18413250856
1704,194334.18413250856
1705,194334.18413250856
1706,194334.18413250856
1707,194334.18413250856
1708,194334.18413250856
1709,194334.18413250856
1710,194334.18413250856
1711,194334.18413250856
1712,194334.18413250847
1713,194334.18413250847
1714,194334.18413250847
1715,194334.18413250847
1716,194334.18413250847
1717,194334.18413250847
1718,194334.18413250847
1719,194334.18413250847
1720,194334.18413250847
1721,194334.18413250847
1722,194334.18413250847
1723,194334.18413250847
1724,194334.18413250847
1725,194334.18413250847
1726,194334.18413250847
1727,194334.18413250847
1728,192301.3999694266
1729,192301.3999694266
1730,192301.3999694266
1731,192301.3999694266
1732,192301.3999694266
1733,192301.3999694266
1734,192301.3999694266
1735,192301.3999694266
1736,192301.3999694266
1737,192301.3999694266
1738,192301.3999694266
1739,192301.3999694266
1740,192301.3999694266
1741,192301.3999694266
1742,192301.3999694266
1743,192301.3999694266
1744,192301.3999694266
1745,192301.3999694266
1746,192301.3999694266
1747,192301.3999694266
1748,192301.3999694266
1749,192301.3999694266
1750,192301.3999694266
1751,192301.3999694266
1752,192301.3999694266
1753,192301.3999694266
1754,192301.3999694266
1755,192301.3999694266
1756,192301.3999694266
1757,192301.3999694266
1758,192301.3999694266
1759,192301.3999694266
1760,192301.3999694266
1761,192301.3999694266
1762,192301.3999694266
1763,192301.3999694266
1764,192301.3999694266
1765,192301.3999694266
1766,192301.3999694266
1767,192301.3999694266
1768,192301.3999694266
1769,192301.3999694266
1770,192301.3999694266
1771,192301.3999694266
1772,192301.3999694266
1773,192301.3999694266
1774,192301.3999694266
1775,192301.3999694266
1776,192301.3999694266
1777,192301.3999694266
1778,192301.3999694266
1779,192301.3999694266
1780,186535.31244631714
1781,185127.987966422
1782,185127.987966422
1783,185127.987966422
1784,185127.987966422
1785,185127.987966422
1786,185127.987966422
1787,185127.987966422
1788,185127.987966422
1789,185127.987966422
1790,185127.98796642193
1791,185127.98796642193
1792,185127.98796642193
1793,185127.98796642193
1794,185127.98796642193
1795,185127.98796642193
1796,185127.98796642193
1797,185127.98796642193
1798,185127.98796642193
1799,185127.98796642193
1800,185127.98796642193
1801,185127.98796642193
1802,185127.98796642193
1803,185127.98796642193
1804,185127.98796642193
1805,185127.98796642193
1806,160001.827629803
1807,160001.827629803
1808,160001.827629803
1809,160001.827629803
1810,160001.827629803
1811,160001.827629803
1812,160001.827629803
1813,160001.827629803
1814,160001.827629803
1815,160001.82762980295
1816,160001.82762980295
1817,160001.82762980295
1818,160001.82762980295
1819,160001.82762980295
1820,160001.82762980295
1821,160001.82762980295
1822,156271.0945023159
1823,156271.0945023159
1824,156271.0945023159
1825,156271.0945023159
1826,156271.0945023159
1827,156271.0945023159
1828,156271.0945023159
1829,156271.0945023159
1830,156271.0945023159
1831,156271.0945023159
1832,156271.0945023159
1833,156271.0945023159
1834,156271.0945023159
1835,156271.0945023159
1836,156271.0945023159
1837,156271.0945023159
1838,156271.0945023159
1839,156271.0945023159
1840,156271.0945023159
1841,156271.0945023159
1842,156271.0945023159
1843,156271.0945023159
1844,156271.0945023159
1845,156271.0945023159
1846,156271.0945023159
1847,156271.0945023159
1848,156271.0945023159
1849,151500.62432706868
1850,151500.62432706868
1851,151500.62432706868
1852,151500.62432706868
1853,151500.62432706868
1854,151500.62432706868
1855,151500.62432706868
1856,151500.62432706868
1857,148485.5279835462
1858,148485.5279835462
1859,148485.5279835462
1860,148485.5279835462
1861,148485.5279835462
1862,148485.5279835462
1863,148485.5279835462
1864,148485.5279835462
1865,148485.5279835462
1866,148485.5279835462
1867,148485.5279835462
1868,148485.5279835462
1869,148485.5279835462
1870,148485.5279835462
1871,148485.5279835462
1872,148485.5279835462
1873,148485.5279835462
1874,148485.5279835462
1875,148485.5279835462
1876,148485.5279835462
1877,148485.5279835462
1878,148485.5279835462
1879,148485.5279835462
1880,148485.5279835462
1881,148485.5279835462
1882,148485.5279835462
1883,148485.5279835462
1884,148485.5279835462
1885,148485.5279835462
1886,148485.5279835462
1887,148485.52798354617
1888,148485.52798354617
1889,148485.52798354617
1890,148485.5279835461
1891,148485.5279835461
1892,148485.5279835461
1893,148485.5279835461
1894,148485.5279835461
1895,148485.5279835461
1896,148485.5279835461
1897,148485.5279835461
1898,148485.5279835461
1899,148485.5279835461
1900,148485.5279835461
1901,148485.5279835461
1902,148485.5279835461
1903,148485.5279835461
1904,148485.5279835461
1905,148485.5279835461
1906,147191.66316725183
1907,147191.66316725183
1908,147191.66316725183
1909,147191.66316725183
1910,147191.66316725183
1911,145957.18344962792
1912,145957.18344962792
1913,145957.18344962792
1914,145957.18344962792
1915,145957.18344962792
1916,145097.1277112549
1917,145097.1277112549
1918,145097.1277112549
1919,145097.1277112549
1920,145097.1277112549
1921,145097.1277112549
1922,145097.1277112549
1923,145097.1277112549
1924,145097.1277112549
1925,145097.1277112549
1926,145097.1277112549
1927,145097.1277112549
1928,145097.1277112549
1929,145097.1277112549
1930,145097.1277112549
1931,145097.1277112549
1932,145097.1277112549
1933,145097.1277112549
1934,145097.1277112549
1935,145097.1277112549
1936,145097.1277112549
1937,145097.1277112549
1938,145097.1277112549
1939,145097.1277112549
1940,145097.1277112549
1941,145097.1277112549
1942,145097.1277112549
1943,145097.1277112549
1944,145097.1277112549
1945,145097.1277112549
1946,145097.1277112549
1947,145097.1277112549
1948,145097.1277112549
1949,145097.1277112549
1950,145097.1277112549
1951,145097.1277112549
1952,145097.1277112549
1953,145097.1277112549
1954,145097.1277112549
1955,145097.12771125484
1956,145097.12771125484
1957,145097.12771125484
1958,145097.12771125484
1959,145097.12771125484
1960,145097.12771125484
1961,145097.12771125484
1962,145097.12771125484
1963,145097.12771125484
1964,145097.12771125484
1965,145097.12771125484
1966,145097.12771125484
1967,145097.12771125484
1968,145097.12771125484
1969,145097.12771125484
1970,145097.12771125484
1971,145097.12771125484
1972,145097.12771125484
1973,145097.12771125484
1974,145097.12771125484
1975,145097.12771125484
1976,145097.12771125484
1977,145097.12771125484
1978,145097.12771125484
1979,145097.12771125484
1980,145097.12771125484
1981,145097.12771125484
1982,145097.12771125484
1983,145097.12771125484
1984,145097.12771125484
1985,145097.12771125484
1986,145097.12771125484
1987,145097.12771125484
1988,145097.12771125484
1989,145097.12771125484
1990,145097.12771125484
1991,145097.12771125484
1992,145097.12771125484
1993,145097.12771125484
1994,145097.12771125484
1995,145097.12771125484
1996,145097.12771125484
1997,145097.12771125484
1998,145097.12771125484
1999,145097.12771125484
2000,145097.12771125478
2001,145097.12771125478
2002,145097.12771125478
2003,145097.12771125478
2004,145097.12771125478
2005,145097.12771125478
2006,145097.12771125478
2007,145097.12771125478
2008,145097.12771125478
2009,145097.12771125478
2010,145097.12771125478
2011,145097.12771125478
2012,145097.12771125478
2013,145097.12771125478
2014,145097.12771125478
2015,145097.12771125478
2016,145097.12771125478
2017,145097.12771125478
2018,145097.12771125478
2019,145097.12771125478
2020,145097.12771125472
2021,145097.12771125472
2022,145097.12771125472
2023,145097.12771125472
2024,145097.12771125472
2025,145097.12771125472
2026,145097.12771125472
2027,145097.12771125472
2028,145097.12771125472
2029,145097.12771125472
2030,145097.12771125472
2031,145097.12771125472
2032,145097.12771125472
2033,145097.12771125472
2034,145097.12771125472
2035,145097.12771125472
2036,145097.12771125472
2037,145097.12771125472
2038,145097.12771125472
2039,145097.12771125472
2040,145097.12771125472
2041,145097.12771125472
2042,145097.12771125472
2043,145097.12771125472
2044,145097.12771125472
2045,145097.12771125472
2046,145097.12771125472
2047,145097.12771125472
2048,145097.12771125472
2049,145097.12771125472
2050,145097.12771125472
2051,145097.12771125472
2052,145097.12771125472
2053,145097.12771125472
2054,145097.12771125472
2055,145097.12771125472
2056,145097.12771125472
2057,145097.12771125472
2058,145097.12771125472
2059,145097.12771125472
2060,145097.12771125472
2061,145097.12771125472
2062,145097.12771125472
2063,145097.12771125472
2064,145097.12771125472
2065,145097.12771125472
2066,145097.12771125472
2067,145097.12771125472
2068,145097.12771125472
2069,145097.12771125472
2070,145097.12771125472
2071,145097.12771125472
2072,145097.12771125472
2073,145097.12771125472
2074,145097.12771125472
2075,145097.12771125472
2076,145097.12771125472
2077,143506.79398785933
2078,143506.79398785933
2079,143506.79398785933
2080,143506.79398785933
2081,143506.79398785933
2082,143506.79398785933
2083,143506.79398785933
2084,143506.79398785933
2085,143506.79398785933
2086,143506.79398785933
2087,143506.79398785933
2088,143506.79398785933
2089,143506.79398785933
2090,143506.79398785933
2091,143506.79398785933
2092,143506.79398785933
2093,143506.79398785933
2094,143506.79398785922
2095,143506.79398785922
2096,143506.79398785922
2097,143506.79398785922
2098,143506.79398785922
2099,143506.79398785922
2100,143506.79398785922
2101,143506.79398785922
2102,143506.7939878592
2103,143506.7939878592
2104,143506.7939878592
2105,143506.7939878592
2106,143506.7939878592
2107,143506.7939878592
2108,143506.7939878592
2109,143506.7939878592
2110,143506.7939878592
2111,143506.7939878592
2112,143506.7939878592
2113,143506.7939878592
2114,143506.7939878592
2115,143506.7939878592
2116,143506.7939878592
2117,143506.7939878592
2118,143506.7939878592
2119,143506.7939878592
2120,143506.7939878592
2121,143506.7939878592
2122,143506.7939878592
2123,143506.7939878592
2124,143506.7939878592
2125,143506.7939878592
2126,143506.7939878592
2127,143506.7939878592
2128,143506.7939878592
2129,143506.7939878592
2130,143506.7939878592
2131,143506.7939878592
2132,143506.7939878592
2133,143506.7939878592
2134,143506.7939878592
2135,143506.7939878592
2136,143506.7939878592
2137,143506.7939878592
2138,143506.7939878592
2139,143506.7939878592
2140,143506.7939878592
2141,143506.7939878592
2142,143506.7939878592
2143,143506.7939878592
2144,143506.7939878592
2145,143506.7939878592
2146,143506.7939878592
2147,143506.7939878592
2148,143506.7939878592
2149,143506.7939878592
2150,143506.7939878592
2151,143506.7939878592
2152,143506.7939878592
2153,143506.7939878592
2154,143506.7939878592
2155,143506.7939878592
2156,142272.5011583809
2157,142272.5011583809
2158,142272.5011583809
2159,142272.5011583809
2160,142272.5011583809
2161,142272.5011583809
2162,142272.5011583809
2163,142272.5011583809
2164,142272.5011583809
2165,142272.5011583809
2166,142272.5011583809
2167,142272.5011583809
2168,142272.5011583809
2169,142272.5011583809
2170,142272.5011583809
2171,142272.5011583809
2172,142272.5011583809
2173,142272.5011583809
2174,142272.5011583809
2175,142272.5011583809
2176,142272.5011583809
2177,142272.5011583809
2178,142272.5011583809
2179,142272.5011583809
2180,142272.5011583809
2181,142272.5011583809
2182,142272.5011583809
2183,142272.5011583809
2184,142272.5011583809
2185,142272.5011583809
2186,142272.5011583809
2187,142272.5011583809
2188,142272.5011583809
2189,142272.5011583809
2190,142272.5011583809
2191,142272.5011583809
2192,142272.5011583809
2193,142272.5011583809
2194,142272.5011583809
2195,142272.5011583809
2196,142272.5011583809
2197,142272.5011583809
2198,142272.5011583809
2199,142272.5011583809
2200,142272.5011583809
2201,142272.5011583809
2202,142272.5011583809
2203,142272.5011583809
2204,142272.5011583809
2205,142272.5011583809
2206,142272.5011583809
2207,142272.5011583809
2208,142272.5011583809
2209,142272.5011583809
2210,142272.5011583809
2211,142272.5011583809
2212,142272.5011583809
2213,142272.5011583809
2214,142272.5011583809
2215,142272.5011583809
2216,142272.5011583809
2217,142272.5011583809
2218,142272.5011583809
2219,142272.5011583809
2220,142272.5011583809
2221,142272.5011583809
2222,142272.5011583809
2223,142272.5011583809
2224,142272.5011583809
2225,142272.5011583809
2226,142272.5011583809
2227,142272.5011583809
2228,142272.5011583809
2229,142272.5011583809
2230,142272.5011583809
2231,142272.5011583809
2232,142272.5011583809
2233,142272.5011583809
2234,142272.5011583809
2235,142272.5011583809
2236,142272.5011583809
2237,142272.5011583809
2238,142272.5011583809
2239,142272.5011583809
2240,142272.5011583809
2241,142272.5011583809
2242,142272.5011583809
2243,142272.5011583809
2244,142272.5011583809
2245,142272.50115838085
2246,142272.50115838085
2247,142272.50115838085
2248,142272.50115838085
2249,142272.50115838085
2250,142272.50115838085
2251,142272.50115838085
2252,142272.50115838085
2253,142272.50115838085
2254,142272.50115838085
2255,142272.50115838085
2256,142272.50115838085
2257,142272.50115838085
2258,142272.50115838085
2259,142272.50115838085
2260,142272.50115838085
2261,142272.50115838085
2262,142272.50115838085
2263,142272.50115838085
2264,142272.50115838085
2265,142272.50115838085
2266,142272.50115838085
2267,142272.50115838085
2268,142272.50115838085
2269,142272.50115838085
2270,142272.50115838085
2271,142272.50115838085
2272,142272.50115838085
2273,142272.50115838085
2274,142272.50115838085
2275,142272.50115838085
2276,142272.50115838085
2277,142272.50115838085
2278,142272.50115838085
2279,142272.50115838085
2280,142272.50115838085
2281,142272.50115838085
2282,142272.50115838085
2283,142272.50115838085
2284,142272.50115838085
2285,142272.50115838085
2286,142272.50115838085
2287,142272.50115838085
2288,142272.50115838085
2289,142272.50115838085
2290,142272.50115838085
2291,142272.50115838085
2292,142272.50115838085
2293,142272.50115838085
2294,142272.50115838085
2295,142272.50115838085
2296,142272.50115838085
2297,142272.50115838085
2298,142272.50115838085
2299,142272.50115838085
2300,142272.50115838085
2301,142272.50115838085
2302,142272.50115838085
2303,142272.50115838085
2304,142272.50115838085
2305,142272.50115838085
2306,142272.50115838085
2307,142272.50115838085
2308,142272.50115838085
2309,142272.50115838085
2310,142272.50115838085
2311,142272.50115838085
2312,142272.50115838085
2313,142272.50115838085
2314,142272.50115838085
2315,142272.50115838085
2316,142272.50115838085
2317,142272.50115838085
2318,142272.50115838085
2319,142272.50115838085
2320,142272.50115838085
2321,142272.50115838085
2322,142272.50115838085
2323,142272.50115838085
2324,142272.50115838085
2325,142272.50115838085
2326,142272.50115838085
2327,142272.50115838085
2328,142272.50115838085
2329,142272.50115838085
2330,142272.50115838085
2331,142272.50115838085
2332,142272.50115838085
2333,142272.50115838085
2334,142272.50115838085
2335,142272.50115838085
2336,141456.71686675792
2337,141456.71686675792
2338,141456.71686675792
2339,141456.71686675792
2340,141456.71686675792
2341,141456.71686675792
2342,141456.71686675792
2343,141456.71686675792
2344,141456.71686675792
2345,141456.71686675792
2346,141456.71686675792
2347,141456.71686675792
2348,141456.71686675792
2349,141456.71686675792
2350,141456.71686675792
2351,141456.71686675792
2352,141456.71686675792
2353,141456.71686675792
2354,141456.71686675792
2355,141456.71686675792
2356,141456.71686675792
2357,134947.13769790044
2358,134947.13769790044
2359,134947.13769790044
2360,134947.13769790044
2361,134947.13769790044
2362,134947.13769790044
2363,134947.13769790044
2364,134947.1376979004
2365,134947.1376979004
2366,134947.1376979004
2367,134947.1376979004
2368,134947.1376979004
2369,134947.1376979004
2370,134947.13769790035
2371,134947.13769790033
2372,134947.13769790033
2373,134947.13769790033
2374,134947.13769790033
2375,133681.83086130556
2376,133681.83086130556
2377,133681.83086130556
2378,133681.83086130556
2379,133681.83086130556
2380,133681.83086130556
2381,133681.83086130556
2382,133681.83086130556
2383,133681.83086130556
2384,133681.83086130556
2385,133681.83086130556
2386,133681.83086130556
2387,133681.83086130553
2388,133681.83086130553
2389,133681.83086130553
2390,133681.83086130553
2391,133681.83086130553
2392,133681.83086130553
2393,133681.83086130553
2394,130929.35167574228
2395,130929.35167574228
2396,130929.35167574228
2397,130929.35167574228
2398,130929.35167574228
2399,130929.35167574228
2400,130929.35167574228
2401,130929.35167574228
2402,130929.35167574219
2403,130929.35167574219
2404,130929.35167574219
2405,130929.35167574219
2406,130929.35167574219
2407,130929.35167574219
2408,130929.35167574219
2409,130929.35167574219
2410,130929.35167574219
2411,130929.35167574219
2412,130929.35167574219
2413,130929.35167574219
2414,130486.80242192406
2415,130486.80242192406
2416,130486.80242192406
2417,130486.80242192406
2418,130486.80242192406
2419,130486.80242192406
2420,130486.80242192406
2421,130486.80242192406
2422,130486.80242192384
2423,130486.80242192384
2424,130486.80242192384
2425,130486.80242192384
2426,130486.80242192384
2427,130486.80242192384
2428,130486.80242192384
2429,130486.80242192384
2430,130486.80242192384
2431,130486.80242192384
2432,130486.80242192384
2433,130486.80242192384
2434,130486.80242192384
2435,130486.80242192384
2436,130486.80242192384
2437,130486.80242192384
2438,130486.80242192384
2439,130486.80242192384
2440,130486.80242192384
2441,130486.80242192384
2442,130486.80242192384
2443,130486.80242192384
2444,129282.75227128966
2445,129282.75227128966
2446,129282.75227128966
2447,129282.75227128966
2448,129282.75227128966
2449,129282.75227128966
2450,129282.75227128966
2451,129282.75227128966
2452,129282.75227128966
2453,129282.75227128966
2454,129282.75227128966
2455,129282.75227128963
2456,129282.75227128963
2457,129282.75227128963
2458,129282.75227128963
2459,129282.75227128963
2460,129282.75227128963
2461,129282.75227128963
2462,129282.75227128963
2463,129282.75227128963
2464,129282.75227128963
2465,129282.75227128963
2466,129282.75227128963
2467,129014.22908749859
2468,129014.22908749859
2469,129014.22908749859
2470,129014.22908749859
2471,129014.22908749859
2472,129014.22908749859
2473,129014.22908749859
2474,129014.22908749859
2475,129014.22908749859
2476,129014.22908749859
2477,129014.22908749859
2478,129014.22908749859
2479,129014.22908749859
2480,128081.67683501156
2481,128081.67683501156
2482,128081.67683501156
2483,128081.67683501156
2484,128081.67683501156
2485,128081.67683501143
2486,128081.67683501143
2487,128081.67683501143
2488,128081.67683501143
2489,128081.67683501143
2490,128081.67683501143
2491,128081.67683501143
2492,128081.67683501143
2493,128081.67683501143
2494,128081.67683501143
2495,128081.67683501143
2496,128081.67683501143
2497,128081.67683501143
2498,128081.67683501143
2499,128081.67683501143
