iteracion,valor_coste
0,1678956.6642668264
1,1678956.6642668264
2,1341564.8606941248
3,1338927.5035549551
4,1313342.4007894536
5,1313342.4007894536
6,1313342.4007894536
7,1313342.4007894536
8,1313342.4007894536
9,1313342.4007894536
10,1313342.4007894536
11,1313342.4007894536
12,1313342.4007894536
13,1313342.4007894536
14,1313342.4007894536
15,1313342.4007894536
16,1269984.0551183035
17,1269984.0551183035
18,1207157.7105297006
19,1207157.7105297006
20,1207157.7105297006
21,1207157.7105297006
22,1207157.7105297006
23,1207157.7105297006
24,1181422.879553362
25,1176529.9258915833
26,1176529.9258915833
27,1176529.9258915833
28,1176529.9258915833
29,1176529.9258915833
30,1176529.9258915833
31,1176529.9258915833
32,1174253.9535781385
33,1174253.9535781385
34,1174253.9535781385
35,1174253.9535781385
36,1174253.9535781385
37,1174253.9535781385
38,1174253.9535781385
39,1100909.931323054
40,1100909.931323054
41,1100909.931323054
42,1100909.931323054
43,1078315.8398828204
44,1078315.8398828204
45,1078315.8398828204
46,1078315.8398828204
47,1078315.8398828204
48,1078315.8398828204
49,1008860.2893716337
50,1008860.2893716337
51,1008860.2893716337
52,1008860.2893716337
53,1008860.2893716337
54,1008860.2893716337
55,1008860.2893716337
56,1008860.2893716337
57,1008860.2893716337
58,1008860.2893716337
59,1008860.2893716337
60,1008860.2893716337
61,1008860.2893716337
62,1008860.2893716337
63,1008860.2893716337
64,1008860.2893716337
65,1008860.2893716337
66,1008860.2893716337
67,1008860.2893716337
68,1008860.2893716337
69,1008860.2893716337
70,1008860.2893716337
71,1008860.2893716336
72,1008860.2893716336
73,1000065.6909188423
74,1000065.6909188423
75,1000065.6909188423
76,649295.3902358983
77,649295.3902358983
78,649295.3902358983
79,649295.3902358983
80,649295.3902358983
81,649295.3902358983
82,649295.390235898
83,649295.390235898
84,624631.6970438369
85,624631.6970438369
86,624631.6970438369
87,624631.6970438369
88,624631.6970438369
89,624631.6970438369
90,624631.6970438369
91,624631.6970438369
92,624631.6970438369
93,624631.6970438369
94,624631.6970438369
95,624631.6970438369
96,624631.6970438369
97,624631.6970438369
98,624631.6970438369
99,624631.6970438369
100,624631.6970438369
101,624631.6970438369
102,624631.6970438369
103,624631.6970438369
104,624631.6970438369
105,624631.6970438369
106,624631.6970438369
107,624631.6970438369
108,624631.6970438369
109,624631.6970438369
110,624631.6970438369
111,624631.6970438369
112,624631.6970438369
113,624631.6970438369
114,624631.6970438369
115,624631.6970438369
116,624631.6970438369
117,624631.6970438369
118,624631.6970438369
119,624631.6970438369
120,624631.6970438369
121,624631.6970438369
122,624631.6970438369
123,624631.6970438369
124,624631.6970438369
125,624631.6970438369
126,624631.6970438369
127,624631.6970438369
128,624631.6970438369
129,595624.0231513453
130,595624.0231513453
131,595624.0231513453
132,595624.0231513453
133,595624.0231513453
134,595624.0231513453
135,595624.0231513453
136,595624.0231513453
137,595624.0231513453
138,595624.0231513453
139,579955.9151737344
140,579955.9151737344
141,579955.9151737344
142,579955.9151737344
143,579955.9151737344
144,579955.9151737344
145,569675.5003321648
146,569675.5003321648
147,569675.5003321648
148,569675.5003321648
149,569675.5003321648
150,569675.5003321648
151,569675.5003321648
152,569675.5003321648
153,544739.8433001754
154,544739.8433001754
155,544739.8433001754
156,544739.8433001754
157,544739.8433001754
158,544739.8433001753
159,544739.8433001753
160,544739.8433001753
161,544739.8433001753
162,544739.8433001753
163,544739.8433001753
164,544739.8433001753
165,544739.8433001753
166,544739.8433001753
167,544739.8433001753
168,544739.8433001753
169,544739.8433001753
170,544739.8433001753
171,544739.8433001753
172,544739.8433001753
173,544739.8433001753
174,544739.8433001753
175,544739.8433001753
176,544739.8433001753
177,544739.8433001753
178,544739.8433001753
179,544739.8433001753
180,544739.8433001753
181,544739.8433001753
182,544739.8433001753
183,544739.8433001753
184,544739.8433001753
185,544739.8433001753
186,544739.8433001753
187,544739.8433001753
188,544739.8433001753
189,544739.8433001753
190,544739.8433001753
191,544739.8433001753
192,544739.8433001753
193,544739.8433001753
194,544739.8433001753
195,544739.8433001753
196,544739.8433001753
197,544739.8433001753
198,544739.8433001753
199,544739.8433001753
200,544739.8433001753
201,544739.8433001753
202,544739.8433001753
203,544739.8433001753
204,544739.8433001753
205,544739.8433001753
206,544739.8433001753
207,544739.8433001753
208,544739.8433001753
209,544739.8433001753
210,544739.8433001753
211,544739.8433001753
212,544739.8433001753
213,544739.8433001753
214,544739.8433001753
215,544739.8433001753
216,544739.8433001753
217,544739.8433001753
218,544739.8433001753
219,544739.8433001753
220,544739.8433001753
221,544739.8433001753
222,544739.8433001753
223,544739.8433001753
224,544739.8433001753
225,544739.8433001753
226,544739.8433001753
227,544739.8433001753
228,544739.8433001753
229,544739.8433001753
230,544739.8433001753
231,544739.8433001753
232,544739.843300175
233,544739.843300175
234,544739.843300175
235,544739.843300175
236,544739.843300175
237,544739.843300175
238,544739.843300175
239,544739.843300175
240,544739.843300175
241,544739.843300175
242,544739.843300175
243,544739.843300175
244,544739.843300175
245,544739.843300175
246,544739.843300175
247,544739.843300175
248,544739.843300175
249,544739.843300175
250,544739.843300175
251,544739.843300175
252,544739.843300175
253,544739.8433001749
254,544739.8433001749
255,544739.8433001749
256,544739.8433001749
257,544739.8433001749
258,544739.8433001749
259,544739.8433001749
260,544739.8433001748
261,544739.8433001748
262,544739.8433001748
263,544739.8433001748
264,544739.8433001748
265,544739.8433001748
266,544739.8433001748
267,544739.8433001748
268,544739.8433001748
269,544739.8433001748
270,544739.8433001748
271,544739.8433001748
272,544739.8433001748
273,544739.8433001748
274,544739.8433001748
275,544739.8433001748
276,499470.48367742484
277,499470.48367742484
278,499470.48367742484
279,499470.48367742484
280,499470.48367742484
281,499470.48367742484
282,499470.48367742484
283,499470.48367742484
284,499470.48367742484
285,499470.48367742484
286,499470.48367742484
287,499470.48367742484
288,499470.48367742484
289,499470.48367742484
290,499470.48367742484
291,499470.48367742484
292,499470.48367742484
293,499470.48367742484
294,499470.48367742484
295,499470.48367742484
296,499470.48367742484
297,499470.48367742484
298,499470.48367742484
299,499470.48367742426
300,499470.48367742426
301,499470.48367742426
302,499470.48367742426
303,499470.48367742426
304,499470.48367742426
305,499470.48367742426
306,499470.48367742426
307,499470.48367742426
308,499470.48367742426
309,499470.48367742426
310,499470.48367742426
311,499470.48367742426
312,499470.48367742426
313,499470.48367742426
314,499470.48367742426
315,499470.48367742426
316,499470.48367742426
317,499470.48367742426
318,499470.48367742426
319,499470.48367742426
320,499470.48367742426
321,499470.48367742426
322,499470.48367742426
323,499470.48367742426
324,499470.48367742426
325,499470.48367742426
326,499470.48367742426
327,499470.48367742426
328,499470.48367742426
329,499470.48367742426
330,499470.48367742426
331,499470.48367742426
332,499470.48367742426
333,499470.48367742426
334,499470.48367742426
335,499470.48367742426
336,499470.48367742426
337,499470.48367742426
338,499470.48367742426
339,499470.48367742426
340,499470.48367742426
341,499470.48367742426
342,499470.48367742426
343,499470.48367742426
344,499470.48367742426
345,499470.48367742426
346,499470.48367742426
347,499470.48367742426
348,499470.48367742426
349,499470.48367742426
350,499470.48367742426
351,499470.48367742426
352,499470.48367742426
353,499470.48367742426
354,499470.48367742426
355,499470.48367742426
356,499470.48367742426
357,499470.48367742426
358,499470.48367742426
359,499470.48367742426
360,499470.48367742426
361,499470.48367742426
362,499470.48367742426
363,499470.48367742426
364,499470.48367742426
365,499470.48367742426
366,499470.48367742426
367,499470.48367742426
368,499470.48367742426
369,499470.48367742426
370,499470.48367742426
371,499470.48367742426
372,499470.48367742426
373,499470.48367742426
374,499470.48367742426
375,499470.48367742426
376,499470.48367742426
377,499470.48367742426
378,499470.48367742426
379,499470.48367742426
380,499470.48367742426
381,499470.48367742426
382,499470.48367742426
383,499470.48367742426
384,499470.48367742426
385,499470.48367742426
386,499470.48367742426
387,499470.48367742426
388,499470.48367742426
389,499470.48367742426
390,499470.48367742426
391,499470.48367742426
392,499470.48367742426
393,499470.48367742426
394,499470.48367742426
395,499470.48367742426
396,499470.48367742426
397,499470.48367742426
398,499470.48367742426
399,499470.48367742426
400,499470.48367742426
401,499470.48367742426
402,499470.48367742426
403,499470.48367742426
404,499470.48367742426
405,499470.48367742426
406,499470.48367742426
407,499470.48367742426
408,499470.48367742426
409,499470.48367742426
410,499470.48367742426
411,499470.48367742426
412,499470.48367742426
413,499470.48367742426
414,499470.48367742426
415,499470.48367742426
416,499470.48367742426
417,499470.48367742426
418,499470.48367742426
419,499470.48367742426
420,499470.48367742426
421,499470.48367742426
422,499470.48367742426
423,499470.48367742426
424,499470.48367742426
425,499470.48367742426
426,499470.48367742426
427,499470.48367742426
428,499470.48367742426
429,499470.48367742426
430,499470.48367742426
431,499470.48367742426
432,499470.48367742426
433,499470.48367742426
434,499470.48367742426
435,499470.48367742426
436,499470.48367742426
437,499470.48367742426
438,499470.48367742426
439,499470.48367742426
440,499470.48367742426
441,499470.48367742426
442,499470.48367742426
443,499470.48367742426
444,499470.48367742426
445,499470.48367742426
446,499470.48367742426
447,499470.48367742426
448,499470.48367742426
449,499470.48367742426
450,499470.48367742426
451,499470.48367742426
452,499470.48367742426
453,499470.48367742426
454,499470.48367742426
455,499470.48367742426
456,499470.48367742426
457,499470.48367742426
458,499470.48367742426
459,499470.48367742426
460,499470.48367742426
461,499470.48367742426
462,499470.48367742426
463,499470.48367742426
464,499470.48367742426
465,499470.48367742426
466,499470.48367742426
467,499470.48367742426
468,499470.48367742426
469,499470.48367742426
470,499470.48367742426
471,499470.48367742426
472,499470.48367742426
473,499470.48367742426
474,499470.48367742426
475,499470.48367742426
476,499470.48367742426
477,499470.48367742426
478,499470.48367742426
479,499470.48367742426
480,499470.48367742426
481,499470.48367742426
482,499470.48367742426
483,499470.48367742426
484,499470.48367742426
485,499470.48367742426
486,499470.48367742426
487,499470.48367742426
488,499470.48367742426
489,499470.48367742426
490,499470.48367742426
491,499470.48367742426
492,499470.48367742426
493,499470.48367742426
494,499470.48367742426
495,499470.48367742426
496,499470.48367742426
497,499470.48367742426
498,499470.48367742426
499,499470.48367742426
500,499470.48367742426
501,499470.48367742426
502,499470.48367742426
503,496292.0730692709
504,496292.0730692709
505,496292.0730692709
506,496292.0730692709
507,496292.0730692709
508,496292.0730692709
509,496292.0730692709
510,496292.0730692709
511,496292.0730692708
512,496292.0730692708
513,496292.0730692708
514,496292.0730692708
515,496292.0730692708
516,496292.0730692708
517,496292.0730692708
518,496292.0730692708
519,496292.0730692708
520,496292.0730692708
521,496292.0730692708
522,496292.0730692708
523,496292.0730692708
524,496292.0730692708
525,496292.0730692708
526,496292.0730692708
527,496292.0730692708
528,496292.0730692708
529,496292.0730692708
530,496292.0730692708
531,496292.0730692708
532,496292.0730692708
533,496292.0730692708
534,496292.0730692708
535,496292.0730692708
536,496292.0730692708
537,496292.0730692708
538,496292.0730692708
539,496292.0730692708
540,496292.0730692708
541,496292.0730692708
542,496292.0730692708
543,494822.7781869577
544,494822.7781869577
545,494822.7781869577
546,494822.7781869577
547,494822.7781869577
548,494822.7781869577
549,494822.7781869577
550,494822.7781869577
551,494822.7781869577
552,494822.7781869577
553,494822.7781869577
554,494822.7781869577
555,473769.5525645129
556,473769.5525645129
557,473769.5525645129
558,473769.5525645129
559,473769.5525645129
560,473769.5525645129
561,473769.5525645129
562,473769.5525645129
563,473769.5525645129
564,473769.5525645129
565,473769.5525645129
566,473769.5525645129
567,473769.5525645129
568,473769.5525645129
569,473769.5525645129
570,473769.5525645129
571,473769.5525645129
572,473769.5525645129
573,473769.5525645129
574,473769.5525645129
575,473769.5525645129
576,473769.5525645127
577,473769.5525645127
578,473769.5525645127
579,473769.5525645127
580,473769.5525645127
581,473769.5525645127
582,473769.5525645127
583,473769.5525645127
584,473769.5525645127
585,473769.5525645127
586,473769.5525645127
587,473769.5525645127
588,473769.5525645127
589,473769.5525645127
590,473769.5525645127
591,473769.5525645127
592,473769.5525645127
593,473769.5525645127
594,473769.5525645127
595,473769.5525645127
596,473769.5525645127
597,473769.5525645127
598,473769.5525645127
599,473769.5525645127
600,473769.5525645127
601,473769.5525645127
602,473769.5525645127
603,473769.5525645127
604,473769.5525645127
605,473769.5525645127
606,473769.5525645127
607,473769.5525645127
608,473769.5525645127
609,473769.5525645127
610,473769.5525645127
611,473769.5525645127
612,473769.5525645127
613,473769.5525645127
614,473769.5525645127
615,473769.5525645127
616,473769.5525645127
617,473769.5525645127
618,473769.5525645127
619,473769.5525645127
620,473769.5525645127
621,394588.7399527456
622,394588.7399527456
623,394588.7399527456
624,394588.7399527456
625,394588.7399527456
626,394588.7399527456
627,394588.7399527456
628,394588.7399527456
629,394588.7399527456
630,394588.7399527456
631,394588.7399527456
632,346046.38357355644
633,346046.38357355644
634,346046.38357355644
635,346046.38357355644
636,346046.38357355644
637,346046.38357355644
638,346046.38357355644
639,346046.38357355644
640,346046.38357355644
641,346046.38357355644
642,346046.38357355644
643,346046.38357355644
644,346046.38357355644
645,346046.38357355644
646,346046.38357355644
647,346046.38357355644
648,346046.38357355644
649,346046.38357355644
650,346046.38357355644
651,346046.38357355644
652,346046.38357355644
653,346046.38357355644
654,346046.38357355644
655,346046.38357355644
656,346046.38357355644
657,346046.38357355644
658,346046.38357355644
659,346046.38357355644
660,346046.38357355644
661,346046.38357355644
662,346046.38357355644
663,346046.38357355644
664,346046.38357355644
665,346046.38357355644
666,346046.38357355644
667,346046.38357355644
668,346046.38357355644
669,346046.38357355644
670,324922.81718802976
671,324922.81718802976
672,324922.81718802976
673,324922.81718802976
674,324922.8171880295
675,324922.8171880295
676,324922.8171880295
677,324922.8171880295
678,324922.8171880295
679,324922.8171880295
680,305179.6608611461
681,305179.6608611461
682,305179.6608611461
683,305179.6608611461
684,305179.6608611461
685,305179.6608611461
686,305179.6608611461
687,305179.6608611461
688,305179.6608611461
689,305179.6608611461
690,305179.6608611461
691,305179.6608611461
692,305179.6608611461
693,305179.6608611461
694,305179.6608611461
695,305179.6608611461
696,305179.6608611461
697,305179.6608611461
698,305179.6608611461
699,305179.6608611461
700,305179.6608611461
701,305179.6608611461
702,305179.6608611461
703,305179.6608611461
704,305179.6608611461
705,305179.6608611461
706,305179.6608611461
707,289753.5983772628
708,289753.5983772628
709,289753.5983772628
710,289753.5983772628
711,289753.5983772628
712,289753.5983772628
713,289753.5983772628
714,289753.5983772628
715,289753.5983772628
716,289753.5983772628
717,289753.5983772628
718,289753.5983772628
719,289753.5983772628
720,289753.5983772628
721,289753.5983772628
722,289753.5983772628
723,289753.5983772628
724,289753.5983772628
725,289753.5983772628
726,289753.5983772628
727,289753.5983772628
728,289753.5983772628
729,289753.5983772628
730,289753.5983772628
731,289753.5983772628
732,289753.5983772628
733,289753.5983772628
734,289753.5983772628
735,289753.5983772628
736,289753.5983772628
737,289753.5983772628
738,289753.5983772628
739,289753.5983772628
740,289753.5983772628
741,289753.5983772628
742,260041.82909652105
743,260041.82909652102
744,260041.82909652102
745,260041.82909652102
746,260041.82909652102
747,260041.82909652102
748,260041.82909652102
749,260041.82909652102
750,260041.82909652102
751,260041.82909652102
752,260041.82909652102
753,260041.82909652102
754,260041.82909652102
755,260041.82909652102
756,260041.82909652102
757,260041.82909652102
758,260041.82909652102
759,260041.82909652102
760,260041.82909652102
761,260041.82909652102
762,260041.82909652102
763,260041.82909652102
764,260041.82909652102
765,260041.82909652102
766,260041.82909652102
767,260041.82909652102
768,260041.82909652102
769,260041.82909652102
770,260041.82909652102
771,260041.82909652102
772,260041.82909652102
773,260041.82909652102
774,260041.82909652102
775,260041.82909652102
776,260041.82909652102
777,260041.82909652102
778,260041.82909652102
779,260041.82909652102
780,260041.82909652102
781,260041.82909652102
782,260041.82909652102
783,260041.82909652102
784,260041.82909652102
785,260041.82909652102
786,260041.82909652102
787,260041.82909652102
788,260041.82909652102
789,249221.64742838906
790,249221.64742838906
791,249221.64742838906
792,249221.64742838906
793,249221.64742838906
794,249221.64742838906
795,249221.64742838906
796,249221.64742838906
797,249221.64742838906
798,249221.64742838906
799,249221.64742838906
800,249221.64742838906
801,249221.64742838906
802,249221.64742838906
803,249221.64742838906
804,249221.64742838906
805,245485.62619587942
806,245485.62619587942
807,245485.62619587942
808,245485.62619587942
809,245485.62619587942
810,245485.62619587942
811,245485.62619587942
812,245485.6261958793
813,245485.6261958793
814,245485.6261958793
815,245485.6261958793
816,245485.6261958793
817,245485.6261958793
818,245485.6261958793
819,245485.6261958793
820,245485.6261958793
821,245485.6261958793
822,245485.6261958793
823,245485.6261958793
824,245485.6261958793
825,245485.6261958793
826,245485.6261958793
827,245485.6261958793
828,245485.6261958793
829,245485.6261958793
830,241831.6672710491
831,241831.6672710491
832,241831.6672710491
833,241831.6672710491
834,241831.6672710491
835,241831.6672710491
836,241831.6672710491
837,241831.6672710491
838,241831.6672710491
839,241831.6672710491
840,241831.6672710491
841,241831.6672710491
842,241831.6672710491
843,241831.6672710491
844,241831.6672710491
845,241831.6672710491
846,241831.6672710491
847,241831.6672710491
848,241831.6672710491
849,241831.6672710491
850,241831.6672710491
851,241831.6672710491
852,241831.6672710491
853,241831.66727104897
854,241831.66727104897
855,241831.66727104897
856,241831.66727104897
857,241831.66727104897
858,241831.66727104897
859,241831.66727104897
860,241831.66727104897
861,241831.66727104897
862,241831.66727104897
863,241831.66727104897
864,241831.66727104897
865,241831.66727104897
866,241831.66727104897
867,241831.66727104897
868,241831.66727104897
869,241831.66727104897
870,241831.66727104897
871,241831.66727104897
872,241831.66727104897
873,241831.66727104897
874,241831.66727104897
875,241831.66727104897
876,241831.66727104897
877,241831.66727104897
878,234991.56343956004
879,234991.56343956004
880,234991.56343956004
881,234991.56343955998
882,234991.56343955998
883,234991.56343955998
884,234991.56343955998
885,234991.56343955998
886,234991.56343955998
887,234991.56343955998
888,234991.56343955998
889,234991.56343955998
890,234991.56343955998
891,234991.56343955998
892,234991.56343955998
893,234991.56343955998
894,234991.56343955998
895,234991.56343955998
896,234991.56343955998
897,234991.56343955998
898,234991.56343955998
899,234991.56343955998
900,234991.56343955998
901,234991.56343955998
902,234991.56343955998
903,234991.56343955998
904,234991.56343955998
905,234991.56343955998
906,234991.56343955998
907,234991.56343955998
908,234991.56343955998
909,234991.56343955998
910,234991.56343955998
911,234991.56343955998
912,234991.56343955998
913,234991.56343955998
914,234991.56343955998
915,234991.56343955998
916,234991.56343955998
917,234991.56343955998
918,234991.56343955998
919,234991.56343955998
920,234991.56343955998
921,234991.56343955998
922,234991.56343955998
923,234991.56343955998
924,234991.56343955998
925,234991.56343955998
926,234991.56343955998
927,234991.56343955998
928,234991.5634395599
929,234991.5634395599
930,234991.5634395599
931,234991.5634395599
932,234991.5634395599
933,234991.5634395599
934,234991.5634395599
935,234991.5634395599
936,234991.5634395599
937,234991.5634395599
938,234991.5634395599
939,234991.5634395599
940,234991.5634395599
941,234991.5634395599
942,234991.5634395599
943,234991.5634395599
944,234991.5634395599
945,234991.5634395599
946,234991.5634395599
947,234991.5634395599
948,234991.5634395599
949,234991.5634395599
950,234991.5634395599
951,234991.5634395599
952,234991.5634395599
953,234991.5634395599
954,234991.5634395599
955,234991.5634395599
956,234810.38268131806
957,234810.38268131806
958,234810.38268131806
959,234810.38268131806
960,234810.38268131806
961,234810.38268131806
962,234810.38268131806
963,234810.38268131806
964,234810.38268131806
965,234810.38268131806
966,234810.38268131806
967,234810.38268131806
968,234810.38268131806
969,216317.261264296
970,216317.261264296
971,216317.261264296
972,216317.261264296
973,216317.261264296
974,216317.261264296
975,216317.261264296
976,216317.261264296
977,216317.261264296
978,216317.261264296
979,216317.261264296
980,216317.261264296
981,216317.261264296
982,216317.261264296
983,216317.261264296
984,216317.261264296
985,216317.261264296
986,216317.261264296
987,216317.261264296
988,216317.261264296
989,216317.261264296
990,216317.261264296
991,216317.261264296
992,216317.261264296
993,216317.261264296
994,216317.261264296
995,216317.261264296
996,216317.261264296
997,216317.261264296
998,216317.261264296
999,216317.261264296
1000,216317.261264296
1001,216317.261264296
1002,216317.261264296
1003,216317.261264296
1004,216317.261264296
1005,216317.261264296
1006,216317.261264296
1007,216317.261264296
1008,216317.261264296
1009,216317.261264296
1010,216317.261264296
1011,216317.261264296
1012,216317.261264296
1013,216317.261264296
1014,216317.261264296
1015,216317.261264296
1016,216317.261264296
1017,216317.261264296
1018,216317.261264296
1019,216317.261264296
1020,216317.261264296
1021,216317.261264296
1022,216317.261264296
1023,216317.261264296
1024,216317.261264296
1025,216317.261264296
1026,216317.261264296
1027,216317.261264296
1028,216317.261264296
1029,216317.261264296
1030,216317.261264296
1031,216317.261264296
1032,216317.261264296
1033,216317.261264296
1034,216317.261264296
1035,216317.261264296
1036,216317.261264296
1037,216317.261264296
1038,216317.261264296
1039,216317.261264296
1040,216317.261264296
1041,216317.261264296
1042,216317.261264296
1043,216317.261264296
1044,216317.261264296
1045,216317.261264296
1046,216317.261264296
1047,216317.261264296
1048,216317.261264296
1049,216317.261264296
1050,216317.261264296
1051,216317.261264296
1052,216317.261264296
1053,216317.261264296
1054,216317.261264296
1055,216317.261264296
1056,216317.261264296
1057,216317.261264296
1058,216317.261264296
1059,216317.261264296
1060,216317.261264296
1061,216317.261264296
1062,216317.261264296
1063,216317.261264296
1064,216317.261264296
1065,216317.261264296
1066,216317.261264296
1067,216317.261264296
1068,216317.261264296
1069,216317.261264296
1070,216317.261264296
1071,216317.261264296
1072,216317.261264296
1073,216317.261264296
1074,216317.261264296
1075,216317.261264296
1076,216317.26126429593
1077,216317.26126429593
1078,216317.26126429593
1079,216317.26126429593
1080,216317.26126429593
1081,216317.26126429593
1082,216317.26126429593
1083,216317.26126429593
1084,216317.26126429593
1085,216317.26126429593
1086,216317.26126429593
1087,216317.26126429593
1088,216317.26126429593
1089,216317.26126429593
1090,216317.26126429593
1091,216317.26126429593
1092,216317.26126429587
1093,216317.26126429587
1094,216317.26126429587
1095,216317.26126429587
1096,216317.26126429587
1097,216317.26126429587
1098,216317.26126429587
1099,216317.26126429587
1100,216317.26126429587
1101,216317.26126429587
1102,216317.26126429587
1103,216317.26126429587
1104,216317.26126429587
1105,216317.26126429587
1106,216317.26126429587
1107,216317.26126429587
1108,216317.26126429587
1109,216317.26126429587
1110,216317.26126429587
1111,216317.26126429587
1112,216317.26126429587
1113,216317.26126429587
1114,216317.26126429587
1115,216317.26126429587
1116,216317.26126429587
1117,216317.26126429587
1118,216317.26126429587
1119,216317.26126429587
1120,216317.26126429587
1121,216317.26126429587
1122,216317.26126429587
1123,216317.26126429587
1124,216317.26126429587
1125,216317.26126429587
1126,216317.26126429587
1127,216317.26126429587
1128,216317.26126429587
1129,216317.26126429587
1130,216317.26126429587
1131,216317.26126429587
1132,216317.26126429587
1133,216317.26126429587
1134,216317.26126429587
1135,216317.26126429587
1136,216317.26126429587
1137,216317.26126429587
1138,216317.26126429587
1139,216317.26126429587
1140,216317.26126429587
1141,216317.26126429587
1142,216317.26126429587
1143,216317.26126429587
1144,216317.26126429587
1145,216317.26126429587
1146,216317.26126429587
1147,216317.26126429587
1148,216317.26126429587
1149,216317.26126429587
1150,216317.26126429587
1151,216317.26126429587
1152,216317.26126429587
1153,216317.26126429587
1154,216317.26126429587
1155,216317.26126429587
1156,216317.26126429587
1157,216317.26126429587
1158,216317.26126429587
1159,216317.26126429587
1160,216317.26126429587
1161,216317.26126429587
1162,216317.26126429587
1163,216317.26126429587
1164,216317.26126429587
1165,216317.26126429587
1166,216317.26126429587
1167,216317.26126429587
1168,216317.26126429587
1169,216317.26126429587
1170,216317.26126429587
1171,216317.26126429587
1172,216317.26126429587
1173,216317.26126429587
1174,216317.26126429587
1175,216317.26126429587
1176,216317.26126429587
1177,216317.26126429587
1178,216317.26126429587
1179,216317.26126429587
1180,216317.26126429587
1181,216317.26126429587
1182,216317.26126429587
1183,216317.26126429587
1184,216317.26126429587
1185,216317.26126429587
1186,216317.26126429587
1187,216317.26126429587
1188,216317.26126429587
1189,216317.26126429587
1190,216317.26126429587
1191,216317.26126429587
1192,216317.26126429587
1193,216317.26126429587
1194,216317.26126429587
1195,216317.26126429587
1196,216317.26126429587
1197,216317.26126429587
1198,216317.26126429587
1199,216317.26126429587
1200,216317.26126429587
1201,216317.26126429587
1202,216317.26126429587
1203,216317.26126429587
1204,216317.26126429587
1205,216317.26126429587
1206,216317.26126429587
1207,216317.26126429587
1208,216317.26126429587
1209,216317.26126429587
1210,216317.26126429587
1211,216317.26126429587
1212,216317.26126429587
1213,216317.26126429587
1214,216317.26126429587
1215,216317.26126429587
1216,216317.26126429587
1217,216317.26126429587
1218,216317.26126429587
1219,216317.26126429587
1220,216317.26126429587
1221,216317.26126429587
1222,216317.26126429587
1223,216317.26126429587
1224,216317.26126429587
1225,216317.26126429587
1226,216317.26126429587
1227,216317.26126429587
1228,216317.26126429587
1229,216317.26126429587
1230,216317.26126429587
1231,216317.26126429587
1232,216317.26126429587
1233,216317.26126429587
1234,216317.26126429587
1235,216317.26126429587
1236,216317.26126429587
1237,216317.26126429587
1238,216317.26126429587
1239,216317.26126429587
1240,216317.26126429587
1241,216317.26126429587
1242,216317.26126429587
1243,216317.26126429587
1244,216317.26126429587
1245,216317.26126429587
1246,216317.26126429587
1247,216317.26126429587
1248,216317.26126429587
1249,216317.26126429587
1250,216317.26126429587
1251,216317.26126429587
1252,216317.26126429587
1253,216317.26126429587
1254,216317.26126429584
1255,216317.26126429584
1256,216317.26126429584
1257,216317.26126429584
1258,216317.26126429584
1259,216317.26126429584
1260,216317.26126429584
1261,216317.26126429584
1262,216317.26126429584
1263,216317.26126429584
1264,216317.26126429584
1265,216317.26126429584
1266,216317.26126429584
1267,216317.26126429584
1268,216317.26126429584
1269,212340.5339309605
1270,212340.5339309605
1271,212340.5339309605
1272,212340.5339309605
1273,212340.5339309605
1274,212340.5339309605
1275,212340.5339309605
1276,212340.5339309605
1277,212340.5339309605
1278,212340.5339309605
1279,212340.5339309605
1280,212340.5339309605
1281,188722.25667221143
1282,188722.25667221143
1283,188722.25667221143
1284,188722.25667221143
1285,188722.25667221143
1286,188722.25667221143
1287,188722.25667221143
1288,188722.25667221143
1289,188722.25667221143
1290,188722.25667221143
1291,188722.25667221143
1292,188722.25667221143
1293,188722.25667221143
1294,188722.25667221143
1295,188722.25667221143
1296,188722.25667221143
1297,188722.25667221143
1298,188722.25667221143
1299,188722.25667221143
1300,188722.25667221143
1301,188722.25667221143
1302,188722.25667221143
1303,188722.25667221143
1304,188722.25667221143
1305,188722.25667221143
1306,188722.25667221143
1307,188722.25667221143
1308,188722.25667221143
1309,188722.25667221143
1310,188722.25667221143
1311,188722.25667221143
1312,188722.25667221143
1313,188722.25667221125
1314,188722.25667221125
1315,188722.25667221125
1316,188722.25667221125
1317,188722.25667221125
1318,188722.25667221125
1319,188722.25667221125
1320,188722.25667221125
1321,188722.25667221125
1322,188722.25667221125
1323,188722.25667221125
1324,188722.25667221125
1325,188722.25667221125
1326,188722.25667221125
1327,188722.25667221125
1328,188722.25667221125
1329,188722.25667221125
1330,188722.25667221125
1331,188722.25667221125
1332,188722.25667221125
1333,188722.25667221125
1334,188722.25667221125
1335,188722.25667221125
1336,188722.25667221125
1337,188722.25667221125
1338,188722.25667221125
1339,188722.25667221125
1340,188722.25667221125
1341,188722.25667221125
1342,188722.25667221125
1343,188722.25667221125
1344,188722.25667221125
1345,188722.25667221125
1346,188722.25667221125
1347,188722.25667221125
1348,188722.25667221125
1349,188722.25667221125
1350,188722.25667221125
1351,188722.25667221125
1352,188722.25667221125
1353,188722.25667221125
1354,188722.25667221125
1355,188722.25667221125
1356,188722.25667221125
1357,188722.25667221125
1358,188722.25667221125
1359,188722.25667221125
1360,188722.25667221125
1361,188722.25667221125
1362,188722.25667221125
1363,182189.15106371557
1364,182189.15106371557
1365,182189.15106371557
1366,182189.15106371557
1367,182189.15106371557
1368,182189.15106371557
1369,182189.15106371557
1370,182189.15106371557
1371,182189.15106371557
1372,182189.15106371557
1373,182189.15106371557
1374,182189.15106371557
1375,182189.15106371557
1376,182189.15106371557
1377,182189.15106371557
1378,182189.15106371557
1379,182189.15106371557
1380,182189.15106371557
1381,182189.15106371557
1382,182189.15106371557
1383,182189.15106371557
1384,182189.15106371557
1385,182189.15106371557
1386,182189.15106371557
1387,182189.15106371557
1388,182189.15106371557
1389,182189.15106371557
1390,182189.15106371557
1391,182189.15106371557
1392,182189.15106371557
1393,182189.15106371557
1394,182189.15106371557
1395,182189.15106371557
1396,182189.15106371557
1397,182189.15106371557
1398,182189.15106371557
1399,182189.15106371557
1400,182189.15106371557
1401,182189.15106371557
1402,182189.15106371557
1403,182189.15106371557
1404,182189.15106371557
1405,182189.15106371557
1406,182189.15106371557
1407,182189.15106371557
1408,182189.15106371557
1409,182189.15106371557
1410,182189.15106371557
1411,182189.15106371557
1412,182189.15106371557
1413,182189.15106371557
1414,182189.15106371557
1415,182189.15106371557
1416,182189.15106371557
1417,182189.15106371557
1418,182189.15106371557
1419,182189.15106371557
1420,182189.15106371557
1421,182189.15106371557
1422,182189.15106371557
1423,182189.15106371557
1424,182189.15106371557
1425,182189.15106371557
1426,182189.15106371557
1427,182189.15106371557
1428,182189.15106371557
1429,182189.15106371557
1430,182189.15106371557
1431,182189.15106371557
1432,182189.15106371557
1433,182189.15106371557
1434,182189.15106371557
1435,182189.15106371557
1436,182189.15106371557
1437,182189.15106371557
1438,180809.99663140674
1439,180809.99663140674
1440,180809.99663140674
1441,180809.99663140674
1442,180809.99663140674
1443,180809.99663140674
1444,180809.99663140674
1445,180809.99663140674
1446,180809.99663140674
1447,180809.99663140674
1448,180809.99663140674
1449,180809.99663140674
1450,180809.99663140674
1451,180809.99663140674
1452,180809.99663140674
1453,180809.99663140674
1454,180809.99663140674
1455,176973.242108424
1456,176973.242108424
1457,176973.242108424
1458,176973.242108424
1459,176973.242108424
1460,176973.242108424
1461,176973.242108424
1462,176973.242108424
1463,176973.242108424
1464,176973.242108424
1465,176973.242108424
1466,176973.242108424
1467,176973.242108424
1468,176973.242108424
1469,176973.242108424
1470,176973.242108424
1471,176973.242108424
1472,176973.242108424
1473,176973.242108424
1474,176973.242108424
1475,176973.242108424
1476,176973.242108424
1477,176973.242108424
1478,176973.242108424
1479,176973.242108424
1480,176973.242108424
1481,176973.242108424
1482,176973.242108424
1483,176973.242108424
1484,176973.242108424
1485,176973.242108424
1486,176973.242108424
1487,176973.242108424
1488,176973.242108424
1489,176973.242108424
1490,176973.242108424
1491,176973.242108424
1492,176973.242108424
1493,176973.242108424
1494,176973.242108424
1495,176973.242108424
1496,176973.242108424
1497,176973.242108424
1498,176973.242108424
1499,176973.242108424
1500,176973.242108424
1501,176973.242108424
1502,176973.242108424
1503,176973.242108424
1504,176973.242108424
1505,176973.242108424
1506,176973.242108424
1507,176973.242108424
1508,176973.242108424
1509,176973.242108424
1510,176973.242108424
1511,176973.242108424
1512,176973.242108424
1513,176973.242108424
1514,176973.242108424
1515,176973.242108424
1516,176973.242108424
1517,176973.242108424
1518,176973.242108424
1519,176973.242108424
1520,176973.242108424
1521,176973.242108424
1522,176973.242108424
1523,176973.242108424
1524,176973.242108424
1525,176973.242108424
1526,176973.242108424
1527,176973.242108424
1528,176973.242108424
1529,176973.242108424
1530,176973.242108424
1531,176973.242108424
1532,176973.242108424
1533,176973.242108424
1534,176973.242108424
1535,176973.242108424
1536,176973.242108424
1537,176973.242108424
1538,176973.242108424
1539,176973.242108424
1540,176973.242108424
1541,176973.242108424
1542,176973.242108424
1543,176973.242108424
1544,176973.242108424
1545,176973.242108424
1546,176973.242108424
1547,176973.242108424
1548,176973.242108424
1549,176973.242108424
1550,176973.242108424
1551,176973.242108424
1552,176973.242108424
1553,176973.242108424
1554,176973.242108424
1555,176973.242108424
1556,176973.242108424
1557,176973.242108424
1558,176973.242108424
1559,176973.242108424
1560,176973.242108424
1561,176973.242108424
1562,176973.242108424
1563,176973.242108424
1564,176973.242108424
1565,176973.242108424
1566,176973.24210842393
1567,176973.24210842393
1568,176973.24210842393
1569,176973.24210842393
1570,176973.24210842393
1571,176973.24210842393
1572,176973.24210842393
1573,176973.24210842393
1574,176973.24210842393
1575,176973.24210842393
1576,176973.24210842393
1577,176973.24210842393
1578,176973.24210842393
1579,176973.24210842393
1580,176973.24210842393
1581,176973.24210842393
1582,176973.24210842393
1583,176973.24210842393
1584,176973.24210842393
1585,176973.24210842393
1586,176973.24210842393
1587,176973.24210842393
1588,176973.24210842393
1589,176973.24210842393
1590,176973.24210842393
1591,176973.24210842393
1592,176973.24210842393
1593,176973.24210842393
1594,176973.24210842393
1595,176973.24210842393
1596,176973.24210842393
1597,176973.24210842393
1598,176973.24210842393
1599,176973.24210842393
1600,176973.24210842393
1601,176973.24210842393
1602,176973.24210842393
1603,176973.24210842393
1604,176973.24210842393
1605,176973.24210842393
1606,176973.24210842393
1607,176973.24210842393
1608,176973.24210842393
1609,176973.24210842393
1610,176973.24210842393
1611,176973.24210842393
1612,176973.24210842393
1613,176973.24210842393
1614,176973.24210842393
1615,176973.24210842393
1616,176973.24210842393
1617,176973.24210842393
1618,176973.24210842393
1619,176973.24210842393
1620,176973.24210842393
1621,176973.24210842393
1622,176973.24210842393
1623,176973.24210842393
1624,176973.24210842393
1625,176973.2421084239
1626,176973.2421084239
1627,176973.2421084239
1628,176973.2421084239
1629,176973.2421084239
1630,176973.2421084239
1631,176973.2421084239
1632,176973.2421084239
1633,176973.2421084239
1634,176973.2421084239
1635,176973.2421084239
1636,176973.2421084239
1637,176973.2421084239
1638,176973.2421084239
1639,176973.2421084239
1640,176973.2421084239
1641,176973.2421084239
1642,176973.2421084239
1643,176973.2421084239
1644,176973.2421084239
1645,176973.2421084239
1646,176973.2421084239
1647,176973.2421084239
1648,176973.2421084239
1649,176973.2421084239
1650,176973.2421084239
1651,176973.2421084239
1652,176973.2421084239
1653,176973.2421084239
1654,176973.2421084239
1655,176973.2421084239
1656,176973.2421084239
1657,176973.2421084239
1658,176973.2421084239
1659,176973.2421084239
1660,176973.2421084239
1661,176973.2421084239
1662,176973.2421084239
1663,176973.2421084239
1664,171901.11976191125
1665,171901.11976191125
1666,171901.11976191125
1667,171901.11976191125
1668,171901.11976191125
1669,171901.11976191125
1670,171901.11976191125
1671,171901.11976191125
1672,171901.11976191125
1673,171901.11976191125
1674,171901.11976191125
1675,171901.11976191125
1676,171901.11976191125
1677,171901.11976191125
1678,171901.11976191125
1679,171901.11976191125
1680,171901.11976191125
1681,171901.11976191125
1682,171901.11976191125
1683,171901.11976191125
1684,171901.11976191125
1685,171901.11976191125
1686,171901.11976191125
1687,171901.11976191125
1688,171901.11976191125
1689,171901.11976191125
1690,171901.11976191125
1691,171901.11976191125
1692,171901.11976191125
1693,171901.11976191125
1694,171901.11976191125
1695,171901.11976191125
1696,171901.11976191125
1697,171901.11976191125
1698,171901.11976191125
1699,171901.11976191125
1700,171901.11976191125
1701,171901.11976191125
1702,171901.11976191125
1703,171901.11976191125
1704,171901.11976191125
1705,171901.11976191125
1706,171901.11976191125
1707,171901.11976191125
1708,171901.11976191125
1709,171901.11976191125
1710,171901.11976191125
1711,169651.13145676002
1712,169651.13145676002
1713,169651.13145676002
1714,169651.13145676002
1715,169651.13145676002
1716,169651.13145676002
1717,169651.13145676002
1718,169651.13145676002
1719,169651.13145676002
1720,169651.13145676002
1721,169651.13145676002
1722,169651.13145676002
1723,169651.13145676002
1724,169651.13145676002
1725,169651.13145676002
1726,169651.13145676002
1727,169651.13145676002
1728,169651.13145676002
1729,169651.13145676002
1730,169651.13145676002
1731,169651.13145676002
1732,169651.13145676002
1733,169651.13145676002
1734,169651.13145676002
1735,169651.13145676002
1736,169651.13145676002
1737,169651.13145675985
1738,169651.13145675985
1739,169651.13145675985
1740,169651.13145675985
1741,169651.13145675985
1742,169651.13145675985
1743,169651.13145675985
1744,169651.13145675985
1745,169651.13145675985
1746,169651.13145675985
1747,169651.13145675985
1748,169651.13145675985
1749,169651.13145675985
1750,169651.13145675985
1751,169651.13145675985
1752,169651.13145675985
1753,169651.13145675985
1754,169651.13145675985
1755,169651.13145675985
1756,169651.13145675985
1757,169651.13145675985
1758,169651.13145675985
1759,169651.13145675985
1760,169651.13145675985
1761,169651.13145675985
1762,169651.13145675985
1763,169651.13145675985
1764,169651.13145675985
1765,169651.13145675985
1766,169651.13145675985
1767,169651.13145675985
1768,169651.13145675985
1769,169651.13145675985
1770,163597.10739347865
1771,163597.10739347865
1772,163597.10739347865
1773,163597.10739347865
1774,163597.10739347865
1775,163597.10739347865
1776,163597.10739347865
1777,163597.10739347865
1778,163597.10739347865
1779,163597.10739347865
1780,163597.10739347865
1781,163597.10739347865
1782,163597.10739347865
1783,163597.10739347865
1784,163597.10739347865
1785,163597.10739347865
1786,163597.10739347865
1787,163597.10739347865
1788,163597.10739347865
1789,163597.10739347865
1790,163597.10739347865
1791,163597.10739347865
1792,163597.10739347865
1793,163597.10739347865
1794,163597.10739347865
1795,163597.10739347865
1796,163597.10739347865
1797,163597.10739347865
1798,163597.10739347865
1799,163597.10739347865
1800,163597.10739347865
1801,163597.10739347865
1802,163597.10739347865
1803,163597.10739347865
1804,163597.10739347865
1805,163597.10739347865
1806,163597.10739347865
1807,163597.10739347865
1808,163597.10739347865
1809,163597.10739347865
1810,163597.10739347865
1811,163597.10739347865
1812,163597.10739347865
1813,163597.10739347865
1814,163597.10739347865
1815,163597.10739347865
1816,163597.10739347865
1817,163597.10739347865
1818,163597.10739347865
1819,163597.10739347865
1820,162335.59830607293
1821,162335.59830607293
1822,162335.59830607293
1823,162335.59830607293
1824,162335.59830607293
1825,162335.59830607293
1826,162335.59830607293
1827,162335.59830607293
1828,162335.59830607293
1829,159519.70981134954
1830,159519.70981134954
1831,159519.70981134954
1832,159519.70981134954
1833,159519.70981134954
1834,159519.70981134954
1835,159519.70981134954
1836,159519.70981134952
1837,159519.70981134952
1838,159519.70981134952
1839,159519.70981134952
1840,159519.70981134952
1841,159519.70981134952
1842,159519.70981134952
1843,159519.70981134952
1844,159519.70981134952
1845,159519.70981134952
1846,159519.70981134952
1847,159519.70981134952
1848,159519.70981134952
1849,159519.70981134952
1850,159519.70981134952
1851,159519.70981134952
1852,159519.70981134952
1853,159519.70981134952
1854,159519.70981134952
1855,159519.70981134952
1856,159519.70981134952
1857,159519.70981134952
1858,159519.70981134952
1859,159519.70981134952
1860,159519.70981134952
1861,157293.9446088407
1862,157293.9446088407
1863,157293.9446088407
1864,157293.9446088407
1865,157293.9446088407
1866,157293.9446088407
1867,157293.9446088407
1868,157293.9446088407
1869,157293.9446088407
1870,157293.9446088407
1871,157293.9446088407
1872,157293.9446088407
1873,157293.9446088407
1874,157293.9446088407
1875,157293.9446088407
1876,157293.9446088407
1877,157293.9446088407
1878,157293.9446088407
1879,157293.9446088407
1880,157293.9446088407
1881,157293.9446088407
1882,157293.9446088407
1883,157293.9446088407
1884,157293.9446088407
1885,157293.9446088407
1886,157293.9446088407
1887,157293.9446088407
1888,157293.9446088407
1889,157293.9446088407
1890,157293.9446088407
1891,157293.9446088407
1892,157293.9446088407
1893,157293.9446088407
1894,157293.9446088407
1895,157293.9446088407
1896,157293.9446088407
1897,157293.9446088407
1898,157293.9446088407
1899,157293.9446088407
1900,157293.9446088407
1901,157293.9446088407
1902,157293.9446088407
1903,157293.9446088407
1904,157293.9446088407
1905,157293.9446088407
1906,157293.9446088407
1907,157293.9446088407
1908,157293.9446088407
1909,157293.9446088407
1910,157293.9446088407
1911,157293.9446088406
1912,157293.9446088406
1913,157293.9446088406
1914,157293.9446088406
1915,157293.9446088406
1916,157293.9446088406
1917,157293.9446088406
1918,157293.9446088406
1919,157293.9446088406
1920,157293.9446088406
1921,157293.9446088406
1922,157293.9446088406
1923,157293.9446088406
1924,157293.9446088406
1925,157293.9446088406
1926,157293.9446088406
1927,157293.9446088406
1928,157293.9446088406
1929,157293.9446088406
1930,157293.94460884057
1931,157293.94460884057
1932,157293.94460884057
1933,157293.94460884057
1934,157293.94460884057
1935,157293.94460884057
1936,157293.94460884057
1937,157293.94460884057
1938,157293.94460884057
1939,157293.94460884057
1940,157293.94460884057
1941,157293.94460884057
1942,157293.94460884057
1943,157293.94460884057
1944,139436.38982193178
1945,139436.38982193178
1946,139436.38982193178
1947,139436.38982193178
1948,139436.38982193175
1949,139436.38982193175
1950,139436.38982193175
1951,139436.38982193175
1952,139436.38982193175
1953,139436.38982193175
1954,139436.38982193175
1955,139436.38982193175
1956,139436.38982193175
1957,139436.38982193175
1958,139436.38982193175
1959,139436.38982193175
1960,139436.38982193175
1961,139436.38982193175
1962,139436.38982193175
1963,139436.38982193175
1964,139436.38982193175
1965,139436.38982193175
1966,139436.38982193175
1967,139436.38982193175
1968,139436.38982193175
1969,139436.38982193175
1970,139436.38982193175
1971,139436.38982193175
1972,139436.38982193175
1973,139436.38982193175
1974,139436.38982193175
1975,139436.38982193175
1976,139436.38982193175
1977,139436.38982193175
1978,139436.38982193175
1979,139436.38982193175
1980,139436.38982193175
1981,139436.38982193175
1982,139436.38982193175
1983,139436.38982193175
1984,139436.38982193175
1985,139436.38982193175
1986,139436.38982193175
1987,139436.38982193175
1988,139436.38982193175
1989,139436.38982193175
1990,139436.38982193175
1991,139436.38982193175
1992,139436.38982193175
1993,139436.38982193175
1994,139436.38982193175
1995,139436.38982193175
1996,139436.38982193175
1997,139436.38982193175
1998,139436.38982193175
1999,139436.38982193175
2000,139436.38982193175
2001,139436.38982193175
2002,139436.38982193175
2003,139436.38982193175
2004,139436.38982193175
2005,139436.38982193175
2006,139436.38982193175
2007,139436.38982193175
2008,139436.38982193166
2009,139436.38982193166
2010,139436.38982193166
2011,139436.38982193166
2012,139436.38982193166
2013,139436.38982193166
2014,139436.38982193166
2015,139436.38982193166
2016,139436.38982193166
2017,139436.38982193166
2018,139436.38982193166
2019,139436.38982193166
2020,139436.38982193166
2021,139436.38982193166
2022,139436.38982193166
2023,139436.38982193166
2024,139436.38982193166
2025,139436.38982193166
2026,139436.38982193166
2027,139436.38982193166
2028,139436.38982193166
2029,139436.38982193166
2030,139436.38982193166
2031,139436.38982193166
2032,139436.38982193166
2033,139436.38982193166
2034,139436.38982193166
2035,139436.38982193166
2036,139436.38982193166
2037,139436.38982193166
2038,139436.38982193166
2039,139436.38982193166
2040,139436.38982193166
2041,139436.38982193166
2042,139436.38982193166
2043,139436.38982193166
2044,139436.38982193166
2045,139436.38982193166
2046,139436.38982193166
2047,139436.38982193166
2048,139436.3898219316
2049,139436.3898219316
2050,139436.3898219316
2051,139436.3898219316
2052,139436.3898219316
2053,139226.79897577097
2054,139226.79897577097
2055,139226.79897577097
2056,139226.79897577097
2057,139226.79897577097
2058,139226.79897577097
2059,139226.79897577097
2060,139226.79897577097
2061,139226.79897577097
2062,138612.7176826052
2063,138612.7176826052
2064,138612.7176826052
2065,138612.7176826052
2066,138612.7176826052
2067,138612.7176826052
2068,138612.7176826052
2069,138612.7176826052
2070,138612.7176826052
2071,138612.7176826052
2072,138612.7176826052
2073,138612.7176826052
2074,138612.7176826052
2075,138612.7176826052
2076,138612.7176826052
2077,138612.7176826052
2078,138612.7176826052
2079,138612.7176826052
2080,138612.7176826052
2081,138612.71768260517
2082,138612.71768260517
2083,138612.71768260517
2084,138612.71768260517
2085,138612.71768260517
2086,138612.71768260517
2087,138612.71768260517
2088,138612.71768260517
2089,138612.71768260517
2090,138612.71768260517
2091,138612.71768260517
2092,138612.71768260517
2093,138612.71768260517
2094,138612.71768260517
2095,138163.49065261468
2096,138163.49065261468
2097,138163.49065261468
2098,138163.49065261468
2099,138163.49065261468
2100,138163.49065261468
2101,138163.49065261468
2102,138163.49065261468
2103,138163.49065261468
2104,138163.49065261468
2105,138163.49065261468
2106,138163.49065261468
2107,138163.49065261468
2108,138163.49065261468
2109,138163.49065261468
2110,138163.49065261468
2111,138163.49065261468
2112,138163.49065261468
2113,138163.49065261468
2114,138163.49065261468
2115,138163.49065261468
2116,138163.49065261468
2117,138163.49065261468
2118,138163.49065261468
2119,138163.49065261468
2120,138163.49065261468
2121,136921.19005413618
2122,136921.19005413618
2123,136921.19005413618
2124,136921.19005413598
2125,136921.19005413598
2126,136921.19005413598
2127,136921.19005413598
2128,136921.19005413598
2129,136921.19005413598
2130,136921.19005413598
2131,136921.19005413598
2132,136921.19005413598
2133,136921.19005413598
2134,136921.19005413598
2135,136921.19005413598
2136,136921.19005413598
2137,136921.19005413598
2138,136921.19005413598
2139,136921.19005413598
2140,136921.19005413598
2141,136921.19005413598
2142,136921.19005413598
2143,136921.19005413598
2144,136921.19005413598
2145,136921.19005413598
2146,136921.19005413598
2147,136921.19005413598
2148,136921.19005413598
2149,136921.19005413598
2150,136921.19005413598
2151,136921.19005413598
2152,136921.19005413598
2153,136921.19005413598
2154,136921.19005413598
2155,136921.19005413598
2156,136921.19005413598
2157,136921.19005413598
2158,136921.19005413598
2159,136921.19005413598
2160,136921.19005413598
2161,136921.19005413598
2162,136921.19005413598
2163,136921.19005413598
2164,136921.19005413598
2165,136921.19005413598
2166,136921.19005413598
2167,136921.19005413598
2168,136921.19005413598
2169,136921.19005413598
2170,136921.19005413598
2171,136921.19005413598
2172,136921.19005413598
2173,136921.19005413598
2174,136921.19005413598
2175,136921.19005413598
2176,136921.19005413598
2177,136921.19005413598
2178,136921.19005413598
2179,136921.19005413598
2180,136921.19005413598
2181,136921.19005413598
2182,136921.19005413598
2183,136921.19005413598
2184,136921.19005413598
2185,136921.19005413598
2186,136921.19005413598
2187,136921.19005413598
2188,136921.19005413598
2189,136921.19005413598
2190,136921.19005413598
2191,136921.19005413598
2192,136921.19005413598
2193,136921.19005413598
2194,136921.19005413598
2195,136921.19005413598
2196,136921.19005413598
2197,136921.19005413598
2198,136921.19005413598
2199,136921.19005413598
2200,136921.19005413598
2201,136921.19005413598
2202,136921.19005413598
2203,133483.5114043803
2204,133483.5114043803
2205,133483.5114043803
2206,133483.5114043803
2207,133483.5114043803
2208,133483.5114043803
2209,133483.5114043803
2210,133483.5114043803
2211,133483.5114043803
2212,133483.5114043803
2213,133483.5114043803
2214,133483.5114043803
2215,133483.5114043803
2216,133483.5114043803
2217,133483.5114043803
2218,133483.5114043803
2219,133483.5114043803
2220,133483.5114043803
2221,133483.5114043803
2222,133483.5114043803
2223,133483.5114043803
2224,133483.5114043803
2225,133483.5114043803
2226,133483.5114043803
2227,133483.5114043803
2228,133483.5114043803
2229,133483.5114043803
2230,133483.5114043803
2231,133483.5114043803
2232,133483.5114043803
2233,133483.5114043803
2234,133483.5114043803
2235,133483.5114043803
2236,133483.5114043803
2237,133483.5114043803
2238,133483.5114043803
2239,133483.5114043803
2240,133483.5114043803
2241,133483.5114043803
2242,133483.5114043803
2243,133483.5114043803
2244,133483.5114043803
2245,133483.5114043803
2246,133483.5114043803
2247,128646.1387406381
2248,128646.1387406381
2249,128646.1387406381
2250,128646.1387406381
2251,128646.1387406381
2252,128646.1387406381
2253,128646.1387406381
2254,128646.1387406381
2255,128646.1387406381
2256,128646.1387406381
2257,128646.1387406381
2258,128646.1387406381
2259,128646.1387406381
2260,128646.1387406381
2261,128646.1387406381
2262,128646.1387406381
2263,128646.1387406381
2264,128646.1387406381
2265,128646.1387406381
2266,128646.13874063798
2267,128646.13874063798
2268,128646.13874063798
2269,128646.13874063798
2270,128646.13874063798
2271,128646.13874063798
2272,128646.13874063798
2273,128646.13874063798
2274,128646.13874063798
2275,128646.13874063798
2276,128646.13874063798
2277,128646.13874063798
2278,128646.13874063798
2279,128646.13874063798
2280,128646.13874063798
2281,128646.13874063798
2282,128646.13874063798
2283,128646.13874063798
2284,128646.13874063798
2285,128646.13874063798
2286,128646.13874063798
2287,128646.13874063798
2288,128646.13874063798
2289,128646.13874063798
2290,128646.13874063798
2291,128646.13874063798
2292,128646.13874063798
2293,128646.13874063798
2294,128646.13874063795
2295,128646.13874063795
2296,128646.13874063795
2297,128646.13874063795
2298,128646.13874063795
2299,128646.13874063795
2300,128646.13874063795
2301,128646.13874063795
2302,124753.66505436682
2303,124753.66505436682
2304,124753.66505436682
2305,124753.66505436682
2306,124753.66505436682
2307,124753.66505436682
2308,124753.66505436682
2309,124753.66505436682
2310,124753.66505436682
2311,124753.66505436682
2312,124753.66505436682
2313,124753.66505436682
2314,124753.66505436682
2315,124753.66505436682
2316,124753.66505436682
2317,124753.66505436682
2318,124753.66505436682
2319,124753.66505436682
2320,124610.30833342623
2321,124610.30833342623
2322,124610.30833342623
2323,124610.30833342623
2324,124610.30833342623
2325,124610.30833342623
2326,124610.30833342623
2327,124610.30833342623
2328,124610.30833342623
2329,124610.30833342623
2330,124610.30833342623
2331,124610.30833342623
2332,124610.30833342623
2333,124610.30833342623
2334,124610.30833342623
2335,124610.30833342623
2336,124610.30833342623
2337,124610.30833342623
2338,124610.30833342618
2339,124610.30833342618
2340,124610.30833342618
2341,124610.30833342618
2342,124610.30833342618
2343,124610.30833342618
2344,124610.30833342618
2345,124610.30833342618
2346,124610.30833342618
2347,124610.30833342618
2348,124610.30833342618
2349,124610.30833342618
2350,124610.30833342618
2351,124610.30833342618
2352,124610.30833342618
2353,124610.30833342618
2354,124610.30833342618
2355,124610.30833342618
2356,124610.30833342618
2357,124610.30833342618
2358,124610.30833342618
2359,124610.30833342618
2360,124610.30833342618
2361,124610.30833342618
2362,124610.30833342618
2363,124610.30833342618
2364,124610.30833342618
2365,124610.30833342618
2366,124610.30833342618
2367,124610.30833342618
2368,124610.30833342618
2369,124610.30833342618
2370,124610.30833342618
2371,124610.30833342618
2372,124610.30833342618
2373,124610.30833342618
2374,124610.30833342618
2375,124610.30833342618
2376,124610.30833342618
2377,124610.30833342618
2378,124610.30833342618
2379,124610.30833342618
2380,124610.30833342618
2381,124610.30833342615
2382,124610.30833342615
2383,124610.30833342615
2384,124610.30833342615
2385,124610.30833342615
2386,124610.30833342615
2387,124610.30833342615
2388,124610.30833342615
2389,124610.30833342615
2390,124610.30833342615
2391,124610.30833342615
2392,124610.30833342615
2393,124610.30833342615
2394,124610.30833342615
2395,124610.30833342615
2396,124610.30833342615
2397,124610.30833342615
2398,124610.30833342615
2399,124610.30833342615
2400,124610.30833342615
2401,124610.30833342615
2402,124610.30833342615
2403,124610.30833342615
2404,124610.30833342615
2405,124610.30833342615
2406,124610.30833342615
2407,124610.30833342615
2408,124610.30833342615
2409,124610.30833342615
2410,124610.30833342615
2411,124610.30833342615
2412,124610.30833342615
2413,124610.30833342615
2414,124610.30833342615
2415,124610.30833342615
2416,124610.30833342615
2417,124610.30833342615
2418,124610.30833342615
2419,124610.30833342615
2420,124610.30833342615
2421,124610.30833342615
2422,124610.30833342615
2423,124610.30833342615
2424,124610.30833342615
2425,124610.30833342615
2426,124610.30833342615
2427,124610.30833342615
2428,124610.30833342615
2429,124610.30833342615
2430,124610.30833342615
2431,124610.30833342615
2432,124610.30833342615
2433,124610.30833342615
2434,124610.30833342615
2435,124610.30833342615
2436,124610.30833342615
2437,124610.30833342615
2438,124610.30833342615
2439,124610.30833342615
2440,124610.30833342615
2441,124610.30833342615
2442,124610.30833342615
2443,124610.30833342615
2444,124610.30833342615
2445,124610.30833342615
2446,124610.30833342615
2447,124610.30833342615
2448,124610.30833342615
2449,122849.51317238792
2450,122849.51317238792
2451,122849.51317238792
2452,122849.51317238792
2453,122849.51317238792
2454,122849.51317238792
2455,122849.51317238792
2456,122849.51317238792
2457,122849.51317238792
2458,122849.51317238792
2459,122849.51317238792
2460,122849.51317238792
2461,122849.51317238792
2462,122849.51317238792
2463,122849.51317238792
2464,122849.51317238792
2465,122849.51317238792
2466,122849.51317238792
2467,122849.51317238792
2468,122849.51317238792
2469,122849.51317238792
2470,122849.51317238792
2471,122849.51317238792
2472,122849.51317238792
2473,122849.51317238792
2474,122849.51317238792
2475,122849.51317238792
2476,122849.51317238792
2477,122849.51317238792
2478,122849.51317238792
2479,122849.51317238792
2480,122849.51317238792
2481,122849.51317238792
2482,122849.51317238792
2483,122849.51317238792
2484,122849.51317238792
2485,122849.51317238792
2486,122849.51317238792
2487,122849.51317238792
2488,122849.51317238792
2489,122849.51317238792
2490,122849.51317238792
2491,122849.51317238792
2492,122849.51317238792
2493,122849.51317238792
2494,122849.51317238792
2495,122849.51317238792
2496,122849.51317238792
2497,122849.51317238792
2498,122849.51317238792
2499,122849.51317238792
