iteracion,valor_coste
0,1026178.7609676188
1,1026178.7609676188
2,1026178.7609676188
3,1026178.7609676188
4,1026178.7609676188
5,1026178.7609676188
6,1026178.7609676188
7,938625.4323415752
8,938625.4323415752
9,938625.4323415752
10,938625.4323415752
11,938625.4323415752
12,938625.4323415752
13,938625.4323415752
14,922879.1076366608
15,922879.1076366608
16,922879.1076366603
17,922879.1076366603
18,922879.1076366603
19,922879.1076366603
20,903750.3211139821
21,903750.3211139821
22,903750.3211139821
23,903750.3211139821
24,903750.3211139821
25,903750.3211139821
26,903750.3211139821
27,903750.3211139821
28,903750.3211139821
29,893342.4086382586
30,893342.4086382586
31,865512.9973681836
32,865512.9973681836
33,865512.9973681836
34,823941.2955311723
35,823941.2955311723
36,823941.2955311723
37,823941.2955311723
38,823941.2955311723
39,823941.2955311723
40,823941.2955311723
41,823941.2955311723
42,823941.2955311723
43,823941.2955311723
44,823941.2955311723
45,732262.6224202869
46,732262.6224202869
47,732262.6224202869
48,732262.6224202869
49,732262.6224202869
50,732262.6224202869
51,732262.6224202869
52,732262.6224202869
53,732262.6224202869
54,708984.8695813233
55,708984.8695813233
56,708984.8695813233
57,708984.8695813233
58,708984.8695813233
59,708984.8695813233
60,708984.8695813233
61,708984.8695813233
62,708984.8695813232
63,708984.8695813232
64,708984.8695813232
65,700131.8607432602
66,700131.8607432602
67,700131.86074326
68,700131.86074326
69,700131.86074326
70,700131.86074326
71,700131.86074326
72,700131.86074326
73,700131.86074326
74,700131.86074326
75,700131.8607432599
76,700131.8607432599
77,700131.8607432599
78,700131.8607432598
79,700131.8607432598
80,700131.8607432598
81,700131.8607432598
82,700131.8607432598
83,700131.8607432598
84,700131.8607432598
85,700131.8607432598
86,700131.8607432598
87,700131.8607432598
88,700131.8607432598
89,700131.8607432598
90,700131.8607432598
91,700131.8607432598
92,700131.8607432598
93,700131.8607432598
94,700131.8607432598
95,700131.8607432598
96,700131.8607432598
97,700131.8607432598
98,700131.8607432598
99,700131.8607432598
100,700131.8607432598
101,700131.8607432598
102,700131.8607432598
103,700131.8607432598
104,700131.8607432598
105,700131.8607432598
106,700131.8607432598
107,700131.8607432598
108,700131.8607432598
109,670694.3331649224
110,670694.3331649224
111,670694.3331649224
112,670694.3331649224
113,670694.3331649224
114,670694.3331649224
115,670694.3331649224
116,670694.3331649223
117,670694.3331649223
118,670694.3331649223
119,670694.3331649223
120,670694.3331649223
121,670694.3331649223
122,670694.3331649223
123,670694.3331649223
124,670694.3331649223
125,670694.3331649223
126,670694.3331649223
127,670694.3331649223
128,670694.3331649223
129,670694.3331649223
130,670694.3331649223
131,670694.3331649223
132,670694.3331649222
133,670694.3331649222
134,670694.3331649222
135,670694.3331649222
136,664138.3875373063
137,664138.3875373063
138,664138.3875373063
139,664138.3875373063
140,614734.8537046933
141,614734.8537046933
142,614734.8537046933
143,614734.8537046933
144,614734.8537046933
145,614734.8537046933
146,614734.8537046933
147,614734.8537046933
148,614734.8537046933
149,614734.8537046933
150,614734.8537046933
151,614734.8537046933
152,614734.8537046933
153,614734.8537046933
154,614734.8537046933
155,614734.8537046933
156,614734.8537046933
157,614734.8537046933
158,614734.8537046933
159,614734.8537046933
160,614734.8537046933
161,614734.8537046933
162,614734.8537046933
163,613244.7156792826
164,613244.7156792826
165,613244.7156792823
166,613244.7156792823
167,613244.7156792823
168,613244.7156792823
169,613244.7156792823
170,613244.7156792823
171,613244.7156792823
172,613244.7156792823
173,613244.7156792823
174,613244.7156792823
175,613244.7156792823
176,613244.7156792822
177,613244.7156792822
178,613244.7156792822
179,613244.7156792822
180,613244.7156792822
181,613244.7156792822
182,613244.7156792822
183,613244.7156792822
184,613244.7156792822
185,613244.7156792822
186,561022.2130566032
187,561022.2130566032
188,561022.2130566032
189,561022.2130566032
190,561022.2130566032
191,561022.2130566032
192,561022.2130566032
193,561022.2130566032
194,561022.2130566032
195,561022.2130566032
196,561022.2130566032
197,561022.2130566032
198,561022.2130566032
199,561022.2130566032
200,561022.2130566032
201,561022.2130566032
202,561022.2130566032
203,561022.2130566032
204,561022.2130566032
205,561022.2130566032
206,561022.2130566032
207,561022.2130566032
208,561022.2130566032
209,561022.2130566032
210,561022.2130566032
211,561022.2130566032
212,561022.2130566032
213,561022.2130566032
214,561022.2130566032
215,561022.2130566032
216,561022.2130566032
217,561022.2130566032
218,561022.2130566032
219,561022.2130566032
220,561022.2130566032
221,561022.2130566032
222,561022.2130566032
223,561022.2130566031
224,561022.2130566031
225,561022.2130566031
226,561022.2130566031
227,561022.2130566031
228,561022.2130566031
229,561022.2130566031
230,561022.2130566031
231,561022.2130566031
232,561022.2130566031
233,561022.2130566031
234,561022.2130566031
235,561022.2130566031
236,561022.2130566031
237,561022.2130566031
238,561022.2130566031
239,559157.9476396344
240,559157.9476396344
241,559157.9476396344
242,559157.9476396344
243,559157.9476396344
244,559157.9476396344
245,559157.9476396344
246,559157.9476396344
247,559157.9476396344
248,559157.9476396344
249,559157.9476396344
250,559157.9476396344
251,559157.9476396344
252,559157.9476396344
253,559157.9476396344
254,559157.9476396344
255,559157.9476396344
256,559157.9476396344
257,559157.9476396344
258,559157.9476396344
259,559157.9476396344
260,559157.9476396344
261,559157.9476396344
262,559157.9476396343
263,559157.9476396343
264,559157.9476396343
265,559157.9476396343
266,559157.9476396343
267,559157.9476396343
268,559157.9476396343
269,548597.5581181493
270,548597.5581181493
271,548597.5581181493
272,539315.0431874784
273,539315.0431874784
274,539315.0431874784
275,539315.0431874784
276,539315.0431874784
277,539315.0431874784
278,539315.0431874784
279,539011.7625525136
280,539011.7625525136
281,539011.7625525136
282,539011.7625525134
283,539011.7625525134
284,539011.7625525134
285,539011.7625525134
286,539011.7625525134
287,539011.7625525134
288,539011.7625525134
289,539011.7625525134
290,539011.7625525134
291,539011.7625525134
292,539011.7625525134
293,539011.7625525133
294,524045.488662705
295,524045.488662705
296,524045.488662705
297,522012.6986568788
298,522012.6986568788
299,522012.6986568788
300,522012.6986568788
301,522012.6986568788
302,522012.6986568788
303,522012.6986568788
304,522012.6986568788
305,522012.6986568788
306,522012.6986568788
307,522012.6986568788
308,522012.6986568788
309,522012.6986568788
310,522012.6986568788
311,522012.6986568788
312,522012.6986568788
313,522012.6986568788
314,522012.6986568788
315,522012.6986568788
316,522012.6986568788
317,522012.6986568788
318,522012.6986568788
319,522012.6986568788
320,522012.6986568788
321,522012.6986568788
322,522012.6986568788
323,522012.6986568788
324,522012.6986568788
325,522012.6986568788
326,522012.6986568788
327,522012.6986568788
328,522012.6986568788
329,522012.6986568788
330,522012.6986568788
331,522012.6986568788
332,522012.6986568788
333,522012.6986568788
334,522012.6986568788
335,522012.6986568788
336,522012.6986568788
337,522012.6986568788
338,522012.6986568788
339,522012.6986568788
340,522012.6986568788
341,522012.6986568788
342,522012.6986568788
343,522012.6986568788
344,522012.6986568788
345,522012.6986568788
346,522012.6986568788
347,382104.18100415193
348,382104.18100415193
349,382104.18100415193
350,382104.18100415193
351,382104.18100415193
352,382104.18100415193
353,382104.18100415193
354,382104.18100415193
355,382104.18100415193
356,382104.18100415193
357,382104.18100415193
358,382104.18100415193
359,382104.18100415193
360,382104.18100415193
361,382104.18100415193
362,382104.18100415193
363,382104.18100415193
364,382104.18100415193
365,382104.18100415193
366,382104.18100415193
367,382046.534616533
368,382046.534616533
369,382046.534616533
370,376133.3978234914
371,376133.3978234914
372,376133.3978234914
373,376133.3978234914
374,376133.3978234914
375,376133.3978234914
376,376133.3978234914
377,376133.3978234914
378,376133.3978234914
379,376133.3978234914
380,376133.3978234914
381,376133.3978234914
382,376133.3978234914
383,376133.3978234914
384,376133.3978234914
385,376133.3978234914
386,376133.3978234914
387,376133.3978234914
388,376133.3978234914
389,376133.3978234914
390,376133.3978234914
391,376133.3978234914
392,376133.3978234914
393,376133.3978234914
394,376133.3978234914
395,376133.3978234914
396,376133.3978234914
397,376133.3978234914
398,376133.3978234914
399,376133.3978234914
400,376133.3978234914
401,376133.3978234914
402,376133.3978234914
403,376133.3978234914
404,376133.3978234914
405,376133.3978234914
406,376133.3978234914
407,376133.3978234914
408,376133.3978234913
409,376133.3978234913
410,376133.3978234913
411,376133.3978234913
412,376133.3978234913
413,376133.3978234913
414,376133.3978234913
415,376133.3978234913
416,376133.3978234913
417,376133.3978234913
418,376133.3978234913
419,376133.3978234913
420,376133.3978234913
421,376133.3978234913
422,376133.3978234913
423,376133.3978234913
424,376133.3978234913
425,376133.3978234913
426,374973.3042455524
427,374973.3042455524
428,374973.3042455524
429,374973.3042455524
430,374973.3042455524
431,374973.3042455524
432,374973.3042455524
433,374973.3042455524
434,299316.9441076232
435,299316.9441076232
436,299316.9441076232
437,299316.9441076232
438,299316.9441076232
439,299316.9441076228
440,299316.9441076228
441,299316.9441076228
442,299316.9441076228
443,299316.9441076228
444,299316.9441076228
445,299316.9441076228
446,299316.9441076228
447,299316.9441076228
448,299316.9441076228
449,299316.9441076228
450,299316.9441076228
451,299316.9441076228
452,299316.9441076228
453,299316.9441076228
454,299316.9441076228
455,299316.9441076228
456,299316.9441076228
457,295712.01040774956
458,295712.01040774956
459,295712.01040774956
460,295712.01040774956
461,295712.01040774956
462,295712.01040774956
463,295712.01040774956
464,295712.01040774956
465,295712.01040774956
466,295712.01040774956
467,295712.01040774956
468,295712.01040774956
469,295712.01040774956
470,295712.01040774956
471,295712.01040774956
472,291621.40655736614
473,291621.40655736614
474,291621.40655736614
475,291621.40655736614
476,291621.40655736614
477,291621.40655736614
478,291621.40655736614
479,291621.40655736614
480,291621.40655736614
481,291621.40655736614
482,291621.40655736614
483,291621.40655736614
484,291621.40655736614
485,291621.40655736614
486,291621.40655736614
487,291621.40655736614
488,291621.40655736614
489,291621.40655736614
490,291621.40655736614
491,291621.40655736614
492,291621.40655736614
493,291621.40655736614
494,291621.40655736614
495,291621.40655736614
496,291621.40655736614
497,291621.40655736614
498,291621.40655736614
499,287510.1428186577
500,287510.1428186577
501,287510.1428186577
502,287510.1428186577
503,287510.1428186577
504,287510.1428186577
505,287510.1428186577
506,287510.1428186577
507,287510.1428186577
508,287510.1428186577
509,287510.1428186577
510,281932.0380795868
511,281932.0380795868
512,281932.0380795868
513,281932.0380795868
514,281932.0380795868
515,281932.0380795868
516,281932.0380795868
517,281932.0380795868
518,281932.0380795868
519,281932.0380795868
520,281932.0380795868
521,281932.0380795868
522,281932.0380795868
523,281932.0380795868
524,281932.0380795868
525,281932.0380795868
526,279341.4005941102
527,279341.4005941102
528,279341.4005941102
529,279341.4005941102
530,279341.40059411013
531,279341.40059411013
532,279341.40059411013
533,279341.40059411013
534,279341.40059411013
535,279341.40059411013
536,279341.40059411013
537,279341.40059411013
538,279341.40059411013
539,279341.40059411013
540,279341.40059411013
541,279341.40059411013
542,279341.40059411013
543,279341.40059411013
544,279341.40059411013
545,279341.40059411013
546,279341.40059411013
547,279341.40059411013
548,279341.40059411013
549,279341.40059411013
550,279341.40059411013
551,279341.4005941101
552,279341.4005941101
553,279341.4005941101
554,279341.4005941101
555,279341.4005941101
556,279341.4005941101
557,279341.4005941101
558,279341.4005941101
559,279341.4005941101
560,279341.4005941101
561,279341.4005941101
562,279341.4005941101
563,277475.19661529275
564,277475.19661529263
565,277475.19661529263
566,277475.19661529263
567,277475.19661529263
568,277475.19661529263
569,277475.19661529263
570,277475.19661529263
571,277475.19661529263
572,277475.19661529263
573,277475.19661529263
574,277475.19661529263
575,277475.19661529263
576,277475.19661529263
577,277475.19661529263
578,277475.19661529263
579,276594.52828104625
580,276594.52828104625
581,276594.52828104625
582,276594.52828104625
583,276594.52828104625
584,276594.52828104625
585,276594.52828104625
586,276594.52828104625
587,276594.52828104625
588,276594.52828104625
589,276594.52828104625
590,276594.52828104625
591,276594.52828104625
592,276594.52828104625
593,276594.52828104625
594,276594.52828104625
595,276594.52828104625
596,276594.52828104625
597,276594.52828104625
598,276594.52828104625
599,276594.52828104625
600,276594.52828104625
601,276594.52828104625
602,276594.52828104625
603,276594.52828104625
604,276594.52828104625
605,276594.52828104625
606,276594.52828104625
607,276594.52828104625
608,276594.52828104625
609,276594.52828104625
610,276594.52828104625
611,276594.52828104625
612,276594.52828104625
613,276594.52828104625
614,276594.52828104625
615,276594.52828104625
616,276594.52828104625
617,276594.52828104625
618,276594.52828104625
619,276594.52828104625
620,276594.52828104625
621,276594.52828104625
622,276594.5282810462
623,276594.5282810462
624,276594.5282810462
625,276594.5282810462
626,276594.5282810462
627,276594.5282810462
628,276594.5282810462
629,276594.5282810462
630,276594.52828104614
631,276594.52828104614
632,276594.52828104614
633,268445.1319911987
634,268445.1319911987
635,268445.1319911987
636,268445.1319911987
637,268445.1319911987
638,268445.1319911987
639,267510.86651103164
640,267510.86651103164
641,267510.86651103164
642,267510.86651103164
643,267510.86651103164
644,267510.8665110316
645,267510.8665110316
646,267510.86651103146
647,267510.86651103146
648,267510.86651103146
649,267510.86651103146
650,267510.86651103146
651,267510.86651103146
652,267510.86651103146
653,267510.86651103146
654,267510.86651103146
655,267510.86651103146
656,267510.86651103146
657,267510.86651103146
658,267510.86651103146
659,267510.86651103146
660,267510.86651103146
661,267510.86651103146
662,267510.86651103146
663,267510.86651103146
664,267510.86651103146
665,267510.86651103146
666,267510.86651103146
667,267510.86651103146
668,267510.86651103146
669,267510.86651103146
670,267510.86651103146
671,267510.86651103146
672,267510.86651103146
673,267510.86651103146
674,267510.86651103146
675,267510.86651103146
676,267510.86651103146
677,262670.8779449722
678,262670.8779449722
679,262670.8779449722
680,262670.8779449722
681,262670.8779449722
682,262670.8779449722
683,262670.8779449722
684,262670.8779449722
685,262670.8779449722
686,262670.8779449722
687,262670.8779449722
688,262670.8779449722
689,262670.8779449722
690,262670.8779449722
691,262670.8779449722
692,262670.8779449722
693,254721.02120956438
694,254721.02120956438
695,254721.02120956438
696,254721.02120956438
697,254721.02120956438
698,254721.02120956438
699,254721.02120956438
700,254721.02120956438
701,254721.02120956438
702,254721.02120956438
703,254721.02120956438
704,254721.02120956438
705,254721.02120956438
706,254721.02120956438
707,254721.02120956438
708,254721.02120956438
709,254721.02120956438
710,254721.02120956438
711,254721.02120956438
712,254721.02120956438
713,254721.02120956438
714,254721.02120956438
715,254721.02120956438
716,254721.02120956438
717,254721.02120956438
718,254721.02120956438
719,254721.02120956438
720,254721.02120956438
721,254721.02120956438
722,254721.02120956438
723,254721.02120956438
724,254721.02120956438
725,254721.02120956438
726,250727.21633318163
727,250727.21633318163
728,250727.21633318163
729,250727.21633318163
730,250727.21633318163
731,250727.21633318163
732,247188.81111074035
733,247188.81111074035
734,247188.81111074035
735,247188.81111074035
736,247188.81111074035
737,247188.81111074035
738,247188.81111074035
739,247188.81111074035
740,247188.81111074035
741,247188.81111074035
742,247188.81111074035
743,247188.81111074035
744,247188.81111074035
745,247188.81111074035
746,247188.81111074035
747,247188.81111074035
748,247188.81111074035
749,247188.81111074035
750,247188.81111074035
751,247188.81111074035
752,247188.81111074035
753,247188.81111074035
754,247188.81111074035
755,247188.81111074035
756,247188.81111074035
757,247188.81111074035
758,247188.81111074035
759,247188.81111074035
760,247188.81111074035
761,247188.81111074035
762,247188.81111074035
763,247188.81111074035
764,247188.81111074035
765,247188.81111074035
766,247188.81111074035
767,247188.81111074035
768,247188.81111074035
769,247188.81111074035
770,247188.81111074035
771,247188.81111074035
772,247188.81111074035
773,247188.81111074035
774,247188.81111074035
775,247188.81111074035
776,247188.81111074035
777,247188.81111074035
778,247188.81111074035
779,247188.81111074035
780,247188.81111074035
781,247188.81111074035
782,247188.81111074035
783,247188.81111074035
784,247188.81111074035
785,247188.81111074035
786,247188.81111074035
787,247188.81111074035
788,247188.81111074035
789,247188.81111074035
790,247188.81111074035
791,247188.81111074035
792,247188.81111074035
793,247188.81111074035
794,247188.81111074035
795,247188.81111074035
796,247188.81111074035
797,246474.1491015997
798,246474.1491015997
799,246474.1491015997
800,246474.1491015997
801,246474.1491015997
802,246474.1491015997
803,246474.1491015997
804,246474.1491015997
805,246474.1491015997
806,246474.1491015997
807,246474.1491015997
808,246474.1491015997
809,246474.1491015997
810,246474.1491015997
811,246474.1491015997
812,246474.1491015997
813,246474.1491015997
814,245442.52884314428
815,245442.52884314428
816,245442.52884314428
817,245442.52884314428
818,245442.52884314416
819,245442.52884314416
820,245442.52884314416
821,245442.52884314416
822,245442.52884314416
823,245442.52884314416
824,245442.52884314416
825,245442.52884314416
826,245442.52884314416
827,245442.52884314416
828,245442.52884314416
829,245442.52884314416
830,245442.52884314416
831,245442.52884314416
832,245442.5288431441
833,245442.5288431441
834,245442.5288431441
835,245442.5288431441
836,245442.5288431441
837,245442.5288431441
838,245442.5288431441
839,245442.5288431441
840,245442.5288431441
841,245442.5288431441
842,245442.5288431441
843,245442.5288431441
844,245442.5288431441
845,245442.5288431441
846,245442.5288431441
847,245442.5288431441
848,245442.5288431441
849,245442.5288431441
850,245442.5288431441
851,245442.5288431441
852,245442.5288431441
853,245442.5288431441
854,245442.5288431441
855,245442.5288431441
856,245442.5288431441
857,245442.5288431441
858,245442.5288431441
859,245442.5288431441
860,245442.5288431441
861,245442.5288431441
862,245442.5288431441
863,245442.5288431441
864,245442.5288431441
865,245442.5288431441
866,245442.5288431441
867,245442.5288431441
868,245442.5288431441
869,245442.5288431441
870,245442.5288431441
871,245442.5288431441
872,245442.5288431441
873,245442.5288431441
874,245442.5288431441
875,245442.5288431441
876,245442.5288431441
877,245442.5288431441
878,245442.5288431441
879,245442.5288431441
880,245442.5288431441
881,245442.5288431441
882,245442.5288431441
883,245442.5288431441
884,245442.5288431441
885,245442.5288431441
886,245442.5288431441
887,245442.5288431441
888,245442.5288431441
889,245442.5288431441
890,245442.5288431441
891,245442.5288431441
892,245442.5288431441
893,245442.5288431441
894,245442.5288431441
895,245442.5288431441
896,245442.5288431441
897,245442.5288431441
898,245442.5288431441
899,245442.5288431441
900,245442.5288431441
901,245442.5288431441
902,245442.5288431441
903,245442.5288431441
904,245442.5288431441
905,245442.5288431441
906,245442.5288431441
907,245442.5288431441
908,245442.5288431441
909,245442.5288431441
910,245442.5288431441
911,245442.5288431441
912,245442.5288431441
913,245442.5288431441
914,245442.5288431441
915,245442.5288431441
916,245442.5288431441
917,245442.5288431441
918,245442.5288431441
919,245442.5288431441
920,245442.5288431441
921,245442.5288431441
922,245442.5288431441
923,245442.5288431441
924,245442.5288431441
925,245442.5288431441
926,245442.5288431441
927,245442.5288431441
928,245442.5288431441
929,245442.5288431441
930,245442.5288431441
931,245442.5288431441
932,245442.5288431441
933,245442.5288431441
934,245442.5288431441
935,245442.5288431441
936,245442.5288431441
937,245442.5288431441
938,245442.5288431441
939,245442.5288431441
940,245442.5288431441
941,245442.5288431441
942,245442.5288431441
943,245442.5288431441
944,245442.5288431441
945,245442.5288431441
946,245442.5288431441
947,245442.5288431441
948,245442.5288431441
949,245442.5288431441
950,245442.5288431441
951,245442.5288431441
952,245442.5288431441
953,245442.5288431441
954,245442.52884314407
955,245442.52884314407
956,245442.52884314407
957,245442.52884314407
958,245442.52884314407
959,245442.52884314407
960,245442.52884314407
961,245442.52884314407
962,245442.52884314407
963,245442.52884314407
964,245442.52884314407
965,245442.52884314407
966,245442.52884314407
967,245442.52884314407
968,245442.52884314407
969,245442.52884314407
970,245442.52884314407
971,245442.52884314407
972,245442.52884314407
973,245442.52884314407
974,245442.52884314407
975,245442.52884314407
976,245442.52884314407
977,245442.52884314407
978,245442.52884314407
979,245442.52884314407
980,245442.52884314407
981,245442.52884314407
982,245442.52884314407
983,245442.52884314407
984,245442.52884314407
985,245442.52884314407
986,245442.52884314407
987,245442.52884314407
988,245442.52884314407
989,245442.52884314407
990,245442.52884314407
991,245442.52884314407
992,245442.52884314407
993,245442.52884314407
994,245442.52884314407
995,245442.52884314407
996,245442.52884314407
997,245442.52884314407
998,245442.52884314407
999,245442.52884314407
1000,245442.52884314407
1001,245442.52884314407
1002,245442.52884314407
1003,245442.52884314407
1004,245442.52884314407
1005,245442.52884314407
1006,245442.52884314407
1007,245442.52884314407
1008,245442.52884314407
1009,245442.52884314407
1010,245442.52884314407
1011,245442.52884314407
1012,245442.52884314407
1013,245442.52884314407
1014,245442.52884314407
1015,245442.52884314407
1016,245442.52884314407
1017,245442.52884314407
1018,244181.40907915522
1019,244181.40907915522
1020,244181.40907915522
1021,244181.40907915522
1022,244181.40907915522
1023,244181.40907915522
1024,244181.40907915522
1025,244181.40907915522
1026,244181.40907915522
1027,244181.40907915522
1028,242878.19242320457
1029,242878.19242320457
1030,242878.19242320457
1031,242878.19242320457
1032,242878.19242320457
1033,242878.19242320457
1034,242878.19242320457
1035,242878.19242320457
1036,242878.19242320457
1037,242878.19242320457
1038,242878.19242320457
1039,242878.19242320457
1040,242878.19242320457
1041,242878.19242320457
1042,242878.19242320457
1043,242878.19242320457
1044,242878.19242320457
1045,242878.19242320445
1046,242878.19242320445
1047,242878.19242320445
1048,242878.19242320445
1049,242878.19242320445
1050,242878.19242320445
1051,242878.19242320445
1052,242878.19242320445
1053,242878.19242320445
1054,242878.19242320445
1055,242878.19242320445
1056,242878.19242320445
1057,242878.19242320445
1058,242878.19242320445
1059,242878.19242320445
1060,242878.19242320445
1061,242878.19242320445
1062,242878.19242320445
1063,242878.19242320445
1064,242878.19242320445
1065,242878.19242320445
1066,242878.19242320445
1067,242878.19242320445
1068,242878.19242320445
1069,242878.19242320445
1070,242878.19242320445
1071,242878.19242320445
1072,242878.19242320445
1073,242878.19242320445
1074,242878.19242320445
1075,242878.19242320445
1076,242878.19242320445
1077,242878.19242320445
1078,242878.19242320445
1079,242878.19242320445
1080,242878.19242320445
1081,242878.19242320445
1082,242878.19242320445
1083,242878.19242320445
1084,242878.19242320445
1085,242878.19242320445
1086,242878.19242320445
1087,242878.19242320445
1088,242878.19242320445
1089,242878.19242320445
1090,242878.19242320445
1091,242878.19242320445
1092,242878.19242320445
1093,242878.19242320445
1094,242878.19242320445
1095,242878.19242320445
1096,242878.19242320445
1097,242878.19242320445
1098,242878.19242320445
1099,242878.19242320445
1100,242878.19242320445
1101,242878.19242320445
1102,242878.19242320445
1103,242878.19242320445
1104,242878.19242320445
1105,242878.19242320445
1106,242878.19242320445
1107,242878.19242320445
1108,242878.1924232044
1109,242878.1924232044
1110,242878.1924232044
1111,242878.1924232044
1112,242878.1924232044
1113,242878.1924232044
1114,242878.1924232044
1115,242878.1924232044
1116,242878.1924232044
1117,242878.1924232044
1118,242878.1924232044
1119,242878.1924232044
1120,242878.1924232044
1121,242878.1924232044
1122,242878.1924232044
1123,242825.15434474198
1124,242825.15434474198
1125,242825.15434474198
1126,242825.15434474198
1127,242825.15434474198
1128,242825.15434474198
1129,242825.15434474198
1130,242825.15434474198
1131,242825.15434474198
1132,242825.15434474195
1133,242825.15434474195
1134,242825.15434474195
1135,242825.15434474195
1136,242825.15434474195
1137,242825.15434474195
1138,242825.15434474195
1139,242825.1543447418
1140,242825.1543447418
1141,242825.1543447418
1142,242825.1543447418
1143,242825.1543447418
1144,242825.1543447418
1145,242825.1543447418
1146,242825.1543447418
1147,242825.1543447418
1148,242825.1543447418
1149,242825.1543447418
1150,242825.1543447418
1151,242825.1543447418
1152,242825.1543447418
1153,242825.1543447418
1154,242825.1543447418
1155,242825.1543447418
1156,242825.1543447418
1157,242825.1543447418
1158,242825.1543447418
1159,242825.1543447418
1160,242825.1543447418
1161,242825.1543447418
1162,242825.1543447418
1163,242825.1543447418
1164,242825.1543447418
1165,242825.1543447418
1166,242825.1543447418
1167,239697.9300396862
1168,239697.9300396862
1169,239697.9300396862
1170,239697.9300396862
1171,239697.9300396862
1172,239697.9300396862
1173,239697.9300396862
1174,239697.9300396862
1175,239697.9300396862
1176,239697.9300396862
1177,239697.9300396862
1178,239697.9300396862
1179,239697.9300396862
1180,239697.9300396862
1181,239697.9300396862
1182,239697.9300396862
1183,239697.9300396862
1184,239210.2204778165
1185,239210.2204778165
1186,239210.2204778165
1187,239210.2204778165
1188,239210.2204778165
1189,239210.2204778165
1190,239210.2204778165
1191,239210.2204778165
1192,239210.2204778165
1193,220600.58994500875
1194,220600.58994500875
1195,220600.58994500875
1196,220600.58994500875
1197,220600.58994500875
1198,220600.58994500875
1199,220600.58994500875
1200,220600.58994500875
1201,220600.58994500875
1202,220600.58994500875
1203,220600.58994500872
1204,220600.58994500872
1205,220600.58994500872
1206,220600.58994500872
1207,220600.58994500872
1208,220600.58994500872
1209,220600.58994500872
1210,220600.58994500872
1211,220600.58994500872
1212,220600.58994500872
1213,220600.58994500872
1214,220600.58994500872
1215,220600.58994500872
1216,220600.58994500872
1217,220600.58994500866
1218,220600.58994500866
1219,220600.58994500866
1220,220600.58994500866
1221,220600.58994500866
1222,220600.58994500866
1223,220600.58994500866
1224,220600.58994500866
1225,220600.58994500866
1226,220600.58994500866
1227,220600.58994500866
1228,220600.58994500866
1229,220600.58994500866
1230,220600.58994500866
1231,220600.58994500866
1232,220600.58994500863
1233,220600.58994500863
1234,220600.58994500863
1235,220600.58994500863
1236,220600.58994500863
1237,220600.58994500863
1238,220600.58994500863
1239,220600.58994500863
1240,220600.58994500863
1241,220600.58994500863
1242,220600.58994500863
1243,220600.58994500863
1244,220600.58994500863
1245,220600.58994500863
1246,220600.58994500863
1247,220600.58994500863
1248,220600.58994500863
1249,220600.58994500863
1250,220600.58994500863
1251,220600.58994500863
1252,220600.58994500863
1253,220600.58994500863
1254,220600.58994500863
1255,220600.58994500863
1256,220600.58994500863
1257,220600.58994500863
1258,220600.58994500863
1259,220600.58994500863
1260,220600.58994500863
1261,220600.58994500863
1262,220600.58994500863
1263,220600.58994500863
1264,220600.58994500863
1265,220600.58994500863
1266,220600.58994500863
1267,220600.58994500863
1268,220600.58994500863
1269,220600.58994500863
1270,220600.58994500863
1271,220600.58994500863
1272,220600.58994500863
1273,220600.58994500863
1274,220600.58994500863
1275,220600.5899450086
1276,220600.5899450086
1277,220600.5899450086
1278,220600.5899450086
1279,220600.5899450086
1280,220600.5899450086
1281,220600.5899450086
1282,220600.5899450086
1283,220600.5899450086
1284,220600.5899450086
1285,220600.5899450086
1286,220600.5899450086
1287,220600.5899450086
1288,212154.5757484047
1289,212154.5757484047
1290,212154.5757484047
1291,212154.5757484047
1292,212154.5757484047
1293,212154.5757484047
1294,212154.5757484047
1295,212154.57574840463
1296,212154.57574840463
1297,212154.57574840458
1298,211680.76338514918
1299,211680.76338514918
1300,211680.76338514918
1301,211680.76338514918
1302,211680.76338514918
1303,211680.76338514918
1304,211680.76338514918
1305,211680.76338514918
1306,211680.76338514918
1307,211680.76338514918
1308,211680.76338514918
1309,211680.76338514918
1310,211680.76338514918
1311,211680.76338514918
1312,211680.76338514918
1313,211680.76338514918
1314,211680.76338514918
1315,211680.76338514918
1316,211680.76338514918
1317,211680.76338514918
1318,211680.76338514918
1319,211680.76338514918
1320,211680.76338514918
1321,211680.76338514918
1322,211680.76338514918
1323,211680.76338514918
1324,211680.76338514918
1325,211680.76338514918
1326,211680.76338514918
1327,211680.76338514918
1328,211680.76338514918
1329,211680.76338514918
1330,211680.76338514918
1331,211680.76338514918
1332,211680.76338514918
1333,211680.76338514918
1334,211680.76338514918
1335,211680.76338514918
1336,211680.76338514918
1337,211680.76338514918
1338,211680.76338514918
1339,211680.76338514918
1340,211680.76338514918
1341,211680.76338514918
1342,211680.76338514918
1343,211680.76338514918
1344,211680.76338514918
1345,211680.76338514918
1346,211680.76338514918
1347,211680.76338514918
1348,211680.76338514918
1349,211680.76338514918
1350,211406.530013096
1351,211406.530013096
1352,211406.530013096
1353,211406.530013096
1354,211406.530013096
1355,211406.530013096
1356,211406.530013096
1357,211406.530013096
1358,211406.530013096
1359,211406.530013096
1360,209626.24638834523
1361,209626.24638834523
1362,209626.24638834523
1363,209626.24638834523
1364,209626.24638834523
1365,209626.24638834523
1366,209626.24638834523
1367,209626.24638834523
1368,209626.24638834523
1369,209626.24638834523
1370,209626.24638834523
1371,209626.24638834523
1372,209626.2463883451
1373,209626.2463883451
1374,209626.2463883451
1375,209626.2463883451
1376,209626.2463883451
1377,209626.2463883451
1378,209626.2463883451
1379,209626.2463883451
1380,209626.2463883451
1381,209626.2463883451
1382,209626.2463883451
1383,209626.2463883451
1384,209626.2463883451
1385,209626.2463883451
1386,209626.2463883451
1387,209626.2463883451
1388,209626.2463883451
1389,209626.2463883451
1390,209626.2463883451
1391,209626.2463883451
1392,209626.2463883451
1393,209626.2463883451
1394,209626.2463883451
1395,202657.38843552725
1396,202657.38843552725
1397,202657.38843552725
1398,202657.38843552725
1399,188558.5724181519
1400,188558.5724181519
1401,188558.5724181519
1402,188558.5724181519
1403,188558.5724181519
1404,188558.5724181519
1405,188558.5724181519
1406,188558.5724181519
1407,188558.5724181519
1408,188558.5724181519
1409,188558.5724181519
1410,188558.5724181519
1411,188558.5724181519
1412,188558.5724181519
1413,188558.5724181519
1414,188558.5724181519
1415,188558.5724181519
1416,188558.5724181519
1417,188558.5724181519
1418,188558.5724181519
1419,188558.5724181519
1420,188558.5724181519
1421,188558.5724181519
1422,188558.5724181519
1423,188558.5724181519
1424,188558.5724181519
1425,188558.5724181519
1426,188558.5724181519
1427,188558.5724181519
1428,188558.5724181519
1429,188558.5724181519
1430,188558.5724181519
1431,188558.5724181519
1432,188558.5724181519
1433,188558.5724181519
1434,188558.5724181519
1435,188558.5724181519
1436,188558.5724181519
1437,188558.5724181519
1438,188558.5724181519
1439,188558.5724181519
1440,188558.5724181519
1441,188558.5724181519
1442,188558.5724181519
1443,188558.5724181519
1444,170006.07395352967
1445,170006.07395352967
1446,170006.07395352967
1447,170006.07395352967
1448,170006.07395352967
1449,170006.07395352967
1450,170006.07395352967
1451,170006.07395352967
1452,170006.07395352967
1453,170006.07395352967
1454,170006.07395352967
1455,170006.07395352967
1456,170006.07395352967
1457,170006.07395352967
1458,169808.465956342
1459,169808.465956342
1460,169808.465956342
1461,169808.465956342
1462,169808.4659563418
1463,169808.4659563418
1464,169808.4659563418
1465,169808.4659563418
1466,169808.4659563418
1467,169808.4659563418
1468,169808.4659563418
1469,169808.4659563418
1470,169808.4659563418
1471,169808.4659563418
1472,169808.4659563418
1473,169808.4659563418
1474,169808.4659563418
1475,169808.4659563418
1476,169808.4659563418
1477,169808.4659563418
1478,169808.4659563418
1479,169808.4659563418
1480,169808.4659563418
1481,169808.4659563418
1482,169808.4659563418
1483,169808.4659563418
1484,169808.4659563418
1485,169808.4659563418
1486,169808.4659563418
1487,169808.4659563418
1488,169808.4659563418
1489,169808.4659563418
1490,169808.4659563418
1491,169808.4659563418
1492,169808.4659563418
1493,169808.4659563418
1494,169808.4659563418
1495,169808.4659563418
1496,169808.4659563418
1497,169808.4659563418
1498,169808.4659563418
1499,169808.4659563418
1500,169808.4659563418
1501,169808.4659563418
1502,169808.4659563418
1503,169808.4659563418
1504,169808.4659563418
1505,169808.4659563418
1506,169808.4659563418
1507,169808.4659563418
1508,169808.4659563418
1509,169808.4659563418
1510,169808.4659563418
1511,169808.4659563418
1512,169808.4659563418
1513,169808.4659563418
1514,169808.4659563418
1515,169808.4659563418
1516,169808.4659563418
1517,169808.4659563418
1518,169542.74984466465
1519,169542.74984466465
1520,169542.74984466465
1521,169542.74984466465
1522,169542.74984466465
1523,169542.74984466465
1524,169542.74984466465
1525,169542.74984466465
1526,169542.74984466465
1527,169542.74984466465
1528,169542.74984466465
1529,169542.74984466465
1530,169542.74984466465
1531,169542.74984466465
1532,169542.74984466465
1533,169542.74984466465
1534,169542.74984466465
1535,169542.74984466465
1536,169542.74984466465
1537,169542.74984466465
1538,169542.74984466465
1539,169542.74984466462
1540,169542.74984466462
1541,169542.74984466462
1542,169542.74984466462
1543,169542.74984466462
1544,169542.74984466462
1545,169542.74984466462
1546,169542.74984466462
1547,169542.74984466462
1548,169542.74984466462
1549,169542.74984466462
1550,169542.74984466462
1551,169542.74984466462
1552,169542.74984466462
1553,169542.74984466462
1554,169542.74984466462
1555,169542.74984466462
1556,169542.74984466462
1557,169542.74984466462
1558,169542.74984466462
1559,169542.74984466462
1560,169542.74984466462
1561,169542.74984466462
1562,169542.74984466462
1563,169542.74984466462
1564,169542.74984466462
1565,169542.74984466462
1566,169542.74984466462
1567,169542.74984466462
1568,169542.74984466462
1569,169542.74984466462
1570,169542.74984466462
1571,169542.7498446646
1572,169542.7498446646
1573,169542.7498446646
1574,169542.7498446646
1575,169542.7498446646
1576,169542.7498446646
1577,169542.7498446646
1578,169542.7498446646
1579,169542.7498446646
1580,169542.7498446646
1581,169542.7498446646
1582,169542.7498446646
1583,169542.7498446646
1584,169542.7498446646
1585,169542.7498446646
1586,169542.7498446646
1587,169542.7498446646
1588,169542.7498446646
1589,169542.7498446646
1590,169542.7498446646
1591,169542.7498446646
1592,169542.7498446646
1593,169542.7498446646
1594,169542.7498446646
1595,169542.7498446646
1596,169542.7498446646
1597,169542.7498446646
1598,169542.7498446646
1599,169542.7498446646
1600,169542.7498446646
1601,169542.7498446646
1602,169542.7498446646
1603,169542.7498446646
1604,169542.7498446646
1605,169542.7498446646
1606,169542.7498446646
1607,169542.7498446646
1608,169542.7498446646
1609,169542.7498446646
1610,169542.7498446646
1611,169542.7498446646
1612,169542.7498446646
1613,169542.7498446646
1614,169542.7498446646
1615,169542.7498446646
1616,169542.7498446646
1617,169542.7498446646
1618,169542.7498446646
1619,169542.7498446646
1620,169542.7498446646
1621,169542.74984466453
1622,169542.74984466453
1623,169542.74984466453
1624,169542.74984466453
1625,169542.74984466453
1626,169542.74984466453
1627,169542.74984466453
1628,169542.74984466453
1629,169542.74984466453
1630,169542.74984466453
1631,169542.74984466453
1632,169542.74984466453
1633,169542.74984466453
1634,169542.74984466453
1635,169542.74984466453
1636,169542.74984466453
1637,169542.74984466453
1638,169542.74984466453
1639,169542.74984466453
1640,169542.74984466453
1641,169542.74984466453
1642,169542.74984466453
1643,169542.74984466453
1644,169542.74984466453
1645,169542.74984466453
1646,169542.74984466453
1647,169542.74984466453
1648,169542.74984466453
1649,169542.74984466453
1650,169542.74984466453
1651,169542.74984466453
1652,169542.74984466453
1653,169542.74984466453
1654,169542.74984466453
1655,169542.74984466453
1656,169542.74984466453
1657,169542.74984466453
1658,169542.74984466453
1659,169542.74984466453
1660,169542.74984466453
1661,169542.74984466453
1662,169542.74984466453
1663,169542.74984466453
1664,169542.74984466453
1665,169542.74984466453
1666,169542.74984466453
1667,169542.74984466453
1668,169542.74984466453
1669,169542.74984466453
1670,169542.74984466453
1671,169542.74984466453
1672,169542.74984466453
1673,169542.74984466453
1674,169542.74984466453
1675,169542.74984466453
1676,169542.74984466453
1677,169542.74984466453
1678,169542.74984466453
1679,169542.74984466453
1680,169542.74984466453
1681,169542.74984466453
1682,161216.61601888985
1683,161216.61601888985
1684,161216.61601888985
1685,161216.61601888985
1686,161216.61601888985
1687,161216.61601888985
1688,161216.61601888985
1689,161216.61601888985
1690,161216.61601888985
1691,161216.61601888985
1692,161216.61601888985
1693,161216.61601888985
1694,161216.61601888985
1695,161216.61601888985
1696,161216.61601888985
1697,161216.61601888985
1698,161216.61601888985
1699,161216.61601888985
1700,161216.61601888985
1701,161216.61601888985
1702,161216.61601888985
1703,161216.61601888985
1704,161216.61601888985
1705,161216.61601888985
1706,161216.61601888985
1707,161216.61601888985
1708,161216.61601888985
1709,161216.61601888985
1710,161216.61601888985
1711,161216.61601888985
1712,161216.61601888985
1713,161216.61601888985
1714,161216.61601888985
1715,161216.61601888985
1716,161216.61601888982
1717,161216.61601888982
1718,161216.61601888982
1719,161216.61601888982
1720,161216.61601888982
1721,161216.61601888982
1722,161216.61601888976
1723,161216.61601888976
1724,161216.61601888976
1725,161216.61601888976
1726,161216.61601888976
1727,161216.61601888976
1728,161216.61601888976
1729,161216.61601888976
1730,161216.61601888976
1731,161216.61601888976
1732,161216.61601888976
1733,161216.61601888976
1734,161216.61601888976
1735,161216.61601888976
1736,156607.03564285467
1737,156607.03564285467
1738,156607.03564285467
1739,156607.03564285467
1740,156607.03564285467
1741,156607.0356428546
1742,156607.0356428546
1743,156607.0356428546
1744,156607.0356428546
1745,156607.0356428546
1746,156607.0356428546
1747,156607.0356428546
1748,156607.0356428546
1749,156607.0356428546
1750,156607.0356428546
1751,156607.0356428546
1752,156607.0356428546
1753,156607.0356428546
1754,156607.0356428546
1755,156607.0356428546
1756,156607.0356428546
1757,156607.0356428546
1758,156607.0356428546
1759,156607.0356428546
1760,156607.0356428546
1761,156607.0356428546
1762,156607.0356428546
1763,156607.0356428546
1764,156607.0356428546
1765,156607.0356428546
1766,156607.0356428546
1767,156607.0356428546
1768,156607.0356428546
1769,156607.0356428546
1770,156607.0356428546
1771,156607.0356428546
1772,156607.0356428546
1773,156607.0356428546
1774,156607.0356428546
1775,156607.0356428546
1776,156607.0356428546
1777,156607.0356428546
1778,156031.02223036598
1779,156031.02223036598
1780,156031.02223036598
1781,156031.02223036598
1782,156031.02223036598
1783,156031.02223036598
1784,156031.02223036598
1785,156031.02223036598
1786,156031.02223036598
1787,156031.02223036598
1788,156031.02223036598
1789,156031.02223036598
1790,156031.02223036598
1791,156031.02223036598
1792,156031.02223036598
1793,156031.02223036598
1794,156031.02223036598
1795,156031.02223036598
1796,156031.02223036598
1797,156031.02223036598
1798,156031.02223036598
1799,156031.02223036598
1800,156031.02223036598
1801,156031.02223036598
1802,155665.1917021244
1803,155665.1917021244
1804,155665.1917021244
1805,155665.19170212428
1806,155665.19170212428
1807,155665.19170212428
1808,155665.19170212428
1809,155665.19170212428
1810,155665.19170212428
1811,155665.19170212428
1812,155665.19170212428
1813,155665.19170212428
1814,155665.19170212428
1815,155665.19170212428
1816,155665.19170212428
1817,155665.19170212428
1818,155665.19170212428
1819,155665.19170212428
1820,155665.19170212428
1821,155665.19170212428
1822,155665.19170212428
1823,155665.19170212428
1824,155665.19170212428
1825,155665.19170212428
1826,155665.19170212428
1827,155665.19170212428
1828,155665.19170212428
1829,155665.19170212428
1830,155665.19170212428
1831,155586.9075086169
1832,155586.9075086169
1833,155586.9075086169
1834,155586.9075086169
1835,155586.9075086169
1836,155586.9075086169
1837,155586.9075086169
1838,155586.9075086169
1839,155586.9075086169
1840,155586.9075086169
1841,155586.9075086169
1842,155586.9075086169
1843,155586.9075086169
1844,155586.9075086169
1845,155586.9075086169
1846,155586.9075086169
1847,155586.9075086169
1848,155586.9075086169
1849,155586.9075086169
1850,155586.9075086169
1851,155586.9075086169
1852,155586.9075086169
1853,155586.9075086169
1854,155586.9075086169
1855,155586.9075086169
1856,155586.9075086168
1857,155586.9075086168
1858,155586.9075086168
1859,155586.9075086168
1860,155586.9075086168
1861,155586.9075086168
1862,155586.9075086168
1863,155586.9075086168
1864,155586.9075086168
1865,155586.9075086168
1866,155586.9075086168
1867,155586.9075086168
1868,155586.9075086168
1869,155586.9075086168
1870,155586.9075086168
1871,155586.9075086168
1872,155586.9075086168
1873,155586.9075086168
1874,155586.9075086168
1875,155586.9075086168
1876,155586.9075086168
1877,155586.9075086168
1878,155586.9075086168
1879,155586.9075086168
1880,155586.9075086168
1881,155586.9075086168
1882,155586.9075086168
1883,155586.9075086168
1884,155586.9075086168
1885,155586.9075086168
1886,155586.9075086168
1887,155586.9075086168
1888,155586.9075086168
1889,155586.9075086168
1890,154255.219034829
1891,154255.219034829
1892,154255.219034829
1893,154255.219034829
1894,154255.219034829
1895,154255.219034829
1896,154255.219034829
1897,154255.219034829
1898,154255.219034829
1899,154255.219034829
1900,154255.219034829
1901,154255.219034829
1902,154255.219034829
1903,146921.49094851932
1904,146921.49094851932
1905,146921.49094851932
1906,146921.49094851932
1907,146921.49094851932
1908,146921.49094851932
1909,146921.49094851932
1910,146921.49094851932
1911,146921.49094851932
1912,146921.49094851932
1913,146921.49094851932
1914,146921.49094851932
1915,146921.49094851932
1916,146921.49094851932
1917,146921.49094851932
1918,146921.49094851932
1919,146921.49094851932
1920,146921.49094851932
1921,146921.49094851932
1922,146921.49094851932
1923,146921.49094851932
1924,146921.49094851926
1925,146921.49094851926
1926,146921.49094851926
1927,146921.49094851926
1928,146921.49094851926
1929,146921.49094851926
1930,146921.49094851926
1931,146921.49094851926
1932,146921.49094851926
1933,146921.49094851926
1934,146921.49094851926
1935,146921.49094851926
1936,146921.49094851926
1937,146921.49094851926
1938,146921.49094851926
1939,146921.49094851926
1940,146921.49094851926
1941,146921.49094851926
1942,146921.49094851926
1943,146921.49094851926
1944,146921.49094851926
1945,146921.49094851926
1946,146921.49094851926
1947,146921.49094851926
1948,146921.49094851926
1949,146921.49094851926
1950,146921.49094851926
1951,146921.49094851926
1952,146921.49094851926
1953,146921.49094851926
1954,146921.49094851926
1955,146921.49094851926
1956,146921.49094851926
1957,146921.49094851926
1958,146921.49094851926
1959,146921.49094851926
1960,146921.49094851926
1961,146921.49094851926
1962,146921.49094851926
1963,146921.49094851926
1964,146921.49094851926
1965,146921.49094851923
1966,146921.49094851923
1967,146921.49094851923
1968,146921.49094851923
1969,146921.49094851923
1970,146921.49094851923
1971,146921.49094851923
1972,146921.49094851923
1973,146921.49094851923
1974,146921.49094851923
1975,146921.49094851923
1976,146921.49094851923
1977,146921.49094851923
1978,146921.49094851923
1979,146921.49094851923
1980,146921.49094851923
1981,146921.49094851923
1982,146627.32645635837
1983,146627.32645635837
1984,146627.32645635837
1985,146627.32645635837
1986,146627.32645635837
1987,146627.32645635837
1988,146627.32645635837
1989,146627.32645635837
1990,146627.32645635837
1991,146627.32645635837
1992,146627.32645635837
1993,146627.32645635837
1994,146627.32645635837
1995,146627.32645635837
1996,146627.32645635837
1997,146627.32645635837
1998,146627.32645635837
1999,146627.32645635837
2000,146627.32645635837
2001,146627.32645635837
2002,146627.32645635837
2003,146627.32645635837
2004,146627.32645635825
2005,146627.32645635825
2006,146627.32645635825
2007,146627.32645635825
2008,146627.32645635825
2009,146627.32645635825
2010,146627.32645635825
2011,146627.32645635825
2012,146627.32645635825
2013,146627.32645635825
2014,146627.32645635825
2015,146627.32645635825
2016,146627.32645635825
2017,146627.32645635825
2018,146627.32645635825
2019,146627.32645635825
2020,146627.32645635825
2021,146627.32645635825
2022,146627.32645635825
2023,146627.32645635825
2024,146627.32645635825
2025,146627.32645635825
2026,146627.32645635825
2027,146627.32645635825
2028,146627.32645635825
2029,146627.32645635825
2030,146627.32645635825
2031,146627.32645635825
2032,146627.32645635825
2033,146627.32645635825
2034,146627.32645635825
2035,146627.32645635825
2036,146627.32645635825
2037,146627.32645635825
2038,146627.32645635825
2039,146627.32645635825
2040,146627.32645635825
2041,146627.32645635825
2042,146627.32645635825
2043,146627.32645635825
2044,146627.32645635825
2045,146627.32645635825
2046,146627.32645635825
2047,146627.32645635825
2048,146627.32645635825
2049,146627.32645635825
2050,146627.32645635825
2051,146627.32645635825
2052,146627.32645635825
2053,146627.32645635825
2054,146627.32645635825
2055,146627.32645635825
2056,146627.32645635825
2057,146627.32645635825
2058,146627.32645635825
2059,146627.32645635825
2060,146627.32645635825
2061,146627.32645635825
2062,146627.32645635825
2063,146627.32645635825
2064,146627.32645635825
2065,146627.32645635825
2066,146627.32645635825
2067,146627.32645635825
2068,146627.32645635825
2069,146627.32645635825
2070,146627.32645635825
2071,146627.32645635825
2072,146627.32645635825
2073,146627.32645635825
2074,146627.32645635825
2075,146627.32645635825
2076,146627.32645635825
2077,146627.32645635825
2078,146627.32645635825
2079,146627.32645635825
2080,146627.32645635825
2081,146627.32645635825
2082,146627.32645635825
2083,146627.32645635825
2084,146627.32645635825
2085,146627.32645635825
2086,146627.32645635825
2087,146627.32645635825
2088,146627.32645635825
2089,146627.32645635825
2090,146627.32645635825
2091,146627.32645635825
2092,146627.32645635825
2093,146627.32645635825
2094,146627.32645635825
2095,146627.32645635825
2096,146627.32645635825
2097,146627.32645635825
2098,146627.32645635825
2099,146627.32645635825
2100,146627.32645635825
2101,146627.32645635825
2102,146627.32645635825
2103,146627.32645635825
2104,146627.32645635825
2105,146627.32645635825
2106,146627.32645635825
2107,146627.32645635825
2108,146627.32645635825
2109,146627.32645635825
2110,146627.32645635825
2111,146627.32645635825
2112,146627.32645635825
2113,146627.32645635825
2114,146627.32645635825
2115,146627.32645635825
2116,146627.32645635825
2117,146627.3264563582
2118,146627.3264563582
2119,146627.3264563582
2120,146627.3264563582
2121,146627.3264563582
2122,146627.3264563582
2123,146627.3264563582
2124,146627.3264563582
2125,146627.3264563582
2126,146627.3264563582
2127,146627.3264563582
2128,146627.3264563582
2129,142842.46699359268
2130,142842.46699359268
2131,142842.46699359268
2132,142842.46699359268
2133,142842.46699359268
2134,142842.46699359268
2135,142842.46699359268
2136,142842.46699359268
2137,142842.46699359268
2138,142842.46699359268
2139,142842.46699359268
2140,142842.46699359268
2141,142842.46699359268
2142,142842.46699359268
2143,142842.46699359268
2144,142842.46699359268
2145,142842.46699359262
2146,142842.46699359262
2147,142842.46699359262
2148,142842.46699359262
2149,142842.46699359262
2150,142842.46699359262
2151,142842.46699359262
2152,142842.46699359262
2153,142842.46699359262
2154,142842.46699359262
2155,142842.46699359262
2156,142842.46699359262
2157,142842.46699359262
2158,142842.46699359262
2159,142842.46699359262
2160,142842.46699359262
2161,142842.46699359262
2162,142842.46699359262
2163,142842.46699359262
2164,142842.46699359262
2165,142842.46699359262
2166,142842.46699359262
2167,142842.46699359262
2168,142842.46699359262
2169,142842.46699359262
2170,142842.46699359262
2171,142842.46699359262
2172,142842.46699359262
2173,142842.46699359262
2174,142842.46699359262
2175,142842.46699359262
2176,142842.46699359262
2177,142842.46699359262
2178,142842.46699359262
2179,142842.46699359262
2180,142842.46699359262
2181,142842.46699359262
2182,142842.46699359262
2183,142842.46699359262
2184,142842.46699359262
2185,142842.46699359262
2186,142842.46699359262
2187,142842.46699359262
2188,142842.46699359262
2189,142842.46699359262
2190,142842.46699359262
2191,142842.46699359262
2192,142842.46699359262
2193,142842.46699359262
2194,142842.46699359262
2195,142842.46699359262
2196,142842.46699359262
2197,142842.46699359262
2198,142842.46699359262
2199,142842.46699359262
2200,142842.46699359262
2201,142842.46699359262
2202,142842.46699359262
2203,142842.46699359262
2204,142842.46699359262
2205,142842.46699359262
2206,142842.46699359262
2207,142842.46699359262
2208,142842.46699359262
2209,142842.46699359262
2210,142842.46699359262
2211,142842.46699359262
2212,142842.46699359262
2213,142842.46699359262
2214,142842.46699359262
2215,142842.46699359262
2216,142842.46699359262
2217,142842.46699359262
2218,142842.46699359262
2219,142842.46699359262
2220,142842.46699359262
2221,142842.46699359262
2222,142842.46699359262
2223,142842.4669935926
2224,142842.4669935926
2225,142842.4669935926
2226,142842.4669935926
2227,142842.4669935926
2228,142842.4669935926
2229,142842.4669935926
2230,142842.4669935926
2231,142842.4669935926
2232,142842.4669935926
2233,142842.4669935926
2234,142842.4669935926
2235,142842.4669935926
2236,142842.4669935926
2237,142842.4669935926
2238,142842.4669935926
2239,142842.4669935926
2240,142842.4669935926
2241,142842.4669935926
2242,142842.4669935926
2243,142842.4669935926
2244,142842.4669935926
2245,142842.4669935926
2246,142842.4669935926
2247,142842.4669935926
2248,142842.4669935926
2249,142842.4669935926
2250,142842.4669935926
2251,142842.4669935926
2252,142842.4669935926
2253,142842.4669935926
2254,142842.4669935926
2255,142842.4669935926
2256,142842.4669935926
2257,142842.4669935926
2258,142842.4669935926
2259,142842.4669935926
2260,142842.4669935926
2261,142842.4669935926
2262,142842.4669935926
2263,142842.4669935926
2264,142842.4669935926
2265,142842.4669935926
2266,142842.46699359256
2267,142842.46699359256
2268,142842.46699359256
2269,142842.46699359256
2270,142842.46699359256
2271,142842.46699359256
2272,142842.46699359256
2273,142842.46699359256
2274,142842.46699359256
2275,142842.46699359256
2276,142842.46699359256
2277,142842.46699359256
2278,142842.46699359256
2279,142842.46699359256
2280,142842.46699359256
2281,142842.46699359256
2282,142842.46699359256
2283,142842.46699359256
2284,142842.46699359256
2285,142842.46699359256
2286,142842.46699359256
2287,142842.46699359256
2288,142842.46699359256
2289,142842.46699359256
2290,142842.46699359256
2291,142842.46699359256
2292,142842.46699359256
2293,142842.46699359256
2294,142842.46699359256
2295,142842.46699359256
2296,142842.46699359256
2297,142842.46699359256
2298,142842.46699359256
2299,142842.46699359256
2300,142842.46699359256
2301,142842.46699359256
2302,142842.46699359256
2303,142842.46699359256
2304,142842.46699359256
2305,142842.46699359256
2306,142842.46699359256
2307,142842.46699359256
2308,142842.46699359256
2309,142842.46699359256
2310,142842.46699359256
2311,142842.4669935925
2312,142842.4669935925
2313,142842.4669935925
2314,142842.4669935925
2315,142842.4669935925
2316,142842.4669935925
2317,142842.4669935925
2318,142842.4669935925
2319,142842.4669935925
2320,142842.4669935925
2321,142842.4669935925
2322,142842.4669935925
2323,142842.4669935925
2324,135310.14312445017
2325,135310.14312445017
2326,135310.14312445017
2327,135310.14312445017
2328,135310.14312445017
2329,135310.14312445014
2330,135310.14312445014
2331,135310.14312445014
2332,135310.14312445014
2333,135310.14312445014
2334,135310.14312445014
2335,135310.14312445014
2336,135310.14312445014
2337,135310.14312445014
2338,135310.14312445014
2339,135310.14312445014
2340,135310.14312445014
2341,135310.14312445014
2342,135310.14312445014
2343,135310.14312445014
2344,135310.14312445014
2345,135310.14312445014
2346,135310.14312445011
2347,135310.14312445011
2348,135310.14312445011
2349,135310.14312445011
2350,135310.14312445011
2351,135310.14312445011
2352,135310.14312445011
2353,135310.14312445011
2354,135310.14312445011
2355,135310.14312445011
2356,135310.14312445011
2357,135310.14312445011
2358,135310.14312445011
2359,135310.14312445011
2360,135310.14312445011
2361,135310.14312445011
2362,135310.14312445011
2363,135310.14312445011
2364,135310.14312445011
2365,135310.14312445011
2366,135310.14312445011
2367,135310.14312445011
2368,135310.14312445011
2369,135310.14312445011
2370,135310.14312445011
2371,135310.14312445011
2372,135310.14312445011
2373,135310.14312445011
2374,135310.14312445011
2375,135310.14312445011
2376,135310.14312445011
2377,131022.4239482889
2378,131022.4239482889
2379,131022.4239482889
2380,131022.4239482889
2381,131022.4239482889
2382,131022.4239482889
2383,131022.4239482889
2384,131022.4239482889
2385,131022.4239482889
2386,131022.4239482889
2387,131022.4239482889
2388,131022.4239482889
2389,131022.4239482889
2390,131022.4239482889
2391,131022.4239482889
2392,131022.4239482889
2393,131022.42394828874
2394,131022.42394828874
2395,131022.42394828874
2396,131022.42394828874
2397,131022.42394828874
2398,123583.8098561274
2399,123583.8098561274
2400,123583.8098561274
2401,123583.8098561274
2402,123583.8098561274
2403,123583.8098561274
2404,123583.8098561274
2405,123583.8098561274
2406,119465.99548627248
2407,119465.99548627248
2408,119465.99548627248
2409,119465.99548627248
2410,119465.99548627248
2411,119465.99548627248
2412,119465.99548627248
2413,119465.99548627248
2414,119465.99548627248
2415,119465.99548627248
2416,119465.99548627248
2417,119465.99548627248
2418,119465.99548627248
2419,119465.99548627248
2420,119465.99548627248
2421,119465.99548627248
2422,119465.99548627248
2423,119465.99548627248
2424,119465.99548627248
2425,119465.99548627248
2426,119465.99548627248
2427,119465.99548627248
2428,119465.99548627248
2429,119465.99548627248
2430,119465.99548627248
2431,119465.99548627248
2432,119465.99548627248
2433,119465.99548627248
2434,119465.99548627248
2435,119465.99548627248
2436,119465.99548627248
2437,119465.99548627248
2438,119465.99548627248
2439,119465.99548627248
2440,119465.99548627248
2441,119465.99548627248
2442,119465.99548627248
2443,119465.99548627238
2444,119465.99548627238
2445,119465.99548627238
2446,119465.99548627238
2447,119465.99548627238
2448,119465.99548627238
2449,119465.99548627238
2450,119465.99548627238
2451,119465.99548627238
2452,119465.99548627238
2453,119465.99548627238
2454,119465.99548627238
2455,119465.99548627238
2456,119465.99548627238
2457,119465.99548627238
2458,119465.99548627238
2459,119465.99548627238
2460,119465.99548627238
2461,119465.99548627238
2462,119465.99548627238
2463,119465.99548627238
2464,119465.99548627238
2465,119465.99548627238
2466,119465.99548627238
2467,119465.99548627238
2468,119465.99548627238
2469,119465.99548627238
2470,119465.99548627238
2471,119465.99548627238
2472,119465.99548627238
2473,119465.99548627238
2474,119465.99548627238
2475,119465.99548627238
2476,119465.99548627238
2477,119465.99548627238
2478,119465.99548627238
2479,119465.99548627238
2480,119465.99548627238
2481,119465.99548627238
2482,119465.99548627238
2483,119465.99548627238
2484,119465.99548627238
2485,119465.99548627238
2486,119465.99548627238
2487,119465.99548627238
2488,119465.99548627238
2489,119465.99548627238
2490,119465.99548627238
2491,119465.99548627238
2492,119465.99548627238
2493,119465.99548627238
2494,119465.99548627238
2495,119465.99548627238
2496,119465.99548627238
2497,119465.99548627238
2498,119465.99548627238
2499,119465.99548627238
