iteracion,valor_coste
0,1131234.6300146016
1,1131234.6300146016
2,1061453.093771461
3,1048600.0938542394
4,1048600.0938542394
5,1048600.0938542392
6,1048600.0938542392
7,1048600.0938542392
8,968889.054387497
9,779518.8789123208
10,779518.8789123208
11,779518.8789123208
12,779518.8789123208
13,779518.8789123208
14,779518.8789123208
15,779518.8789123208
16,779518.8789123208
17,779518.8789123208
18,779518.8789123208
19,779518.8789123208
20,779518.8789123208
21,779518.8789123208
22,779518.8789123208
23,779518.8789123208
24,779518.8789123208
25,779518.8789123208
26,779518.8789123208
27,779518.8789123208
28,779518.8789123208
29,779518.8789123208
30,779518.8789123208
31,779518.8789123208
32,779518.8789123208
33,779518.8789123208
34,779518.8789123208
35,768276.3251920128
36,768276.3251920128
37,768276.3251920128
38,768276.3251920128
39,768276.3251920128
40,768276.3251920128
41,734502.7868231201
42,734502.7868231201
43,734502.7868231201
44,734502.7868231201
45,734502.7868231201
46,734502.7868231201
47,734502.7868231201
48,734502.7868231201
49,734502.7868231201
50,734502.7868231201
51,734502.7868231201
52,734502.7868231201
53,734502.7868231201
54,734502.7868231201
55,734502.7868231201
56,734502.7868231201
57,734502.7868231201
58,734502.7868231201
59,734502.7868231201
60,734502.7868231201
61,734502.7868231201
62,734502.7868231201
63,734502.7868231201
64,734502.7868231201
65,717019.5468215073
66,717019.5468215073
67,706535.7959434334
68,706535.7959434334
69,647780.991306109
70,647780.991306109
71,647780.991306109
72,647780.991306109
73,647780.991306109
74,647780.991306109
75,647780.991306109
76,647780.991306109
77,647780.991306109
78,647780.991306109
79,647780.991306109
80,647780.991306109
81,647780.991306109
82,647780.991306109
83,647780.991306109
84,641774.7149034346
85,641774.7149034346
86,641774.7149034346
87,641774.7149034346
88,575754.4105376026
89,519419.47703837336
90,519419.47703837336
91,519419.47703837336
92,519419.47703837336
93,519419.47703837336
94,519419.47703837336
95,519419.47703837336
96,519419.47703837336
97,519419.47703837336
98,519419.47703837336
99,519419.47703837336
100,519419.47703837336
101,519419.47703837336
102,519419.47703837336
103,519419.47703837336
104,519419.47703837336
105,519419.47703837336
106,519419.47703837336
107,519419.47703837336
108,519419.47703837336
109,519419.47703837336
110,519419.47703837336
111,519419.47703837336
112,519419.47703837336
113,519419.47703837336
114,519419.47703837336
115,519419.47703837336
116,519419.47703837336
117,519419.47703837336
118,519419.47703837336
119,519419.477038373
120,519419.477038373
121,519419.477038373
122,519419.477038373
123,519419.477038373
124,519419.477038373
125,519419.477038373
126,519419.477038373
127,519419.477038373
128,519419.477038373
129,519419.477038373
130,519419.477038373
131,511141.215381767
132,511141.215381767
133,511141.215381767
134,511141.215381767
135,511141.215381767
136,511141.215381767
137,511141.215381767
138,511141.215381767
139,511141.215381767
140,511141.215381767
141,511141.215381767
142,511141.215381767
143,511141.215381767
144,471741.4140348438
145,471741.4140348438
146,471741.4140348438
147,471741.4140348438
148,471741.4140348438
149,471741.4140348438
150,471741.4140348438
151,471741.4140348438
152,471741.4140348438
153,471741.4140348438
154,471741.4140348438
155,471741.4140348438
156,471741.4140348438
157,471741.4140348437
158,471741.4140348437
159,471741.4140348437
160,471741.4140348437
161,471741.4140348437
162,471741.4140348437
163,471741.4140348437
164,471741.4140348437
165,471741.4140348437
166,471741.4140348437
167,471741.4140348437
168,471741.4140348437
169,471741.4140348437
170,471741.4140348437
171,471741.4140348437
172,471741.4140348437
173,471741.4140348437
174,471741.4140348437
175,449628.7448213616
176,449628.7448213616
177,449628.7448213616
178,449628.7448213616
179,449628.7448213616
180,449628.7448213616
181,449628.7448213614
182,449628.7448213614
183,449628.7448213614
184,449628.7448213614
185,449628.7448213614
186,449628.7448213614
187,449628.7448213614
188,449628.7448213614
189,449628.7448213614
190,449628.7448213614
191,449628.7448213614
192,449628.7448213614
193,449628.7448213614
194,449628.7448213614
195,449628.7448213614
196,449628.7448213614
197,449628.7448213614
198,449628.7448213614
199,449628.7448213614
200,449628.7448213614
201,449628.7448213614
202,449628.7448213614
203,449628.7448213614
204,449628.7448213614
205,449628.7448213614
206,449628.7448213614
207,449628.7448213614
208,449628.7448213614
209,449628.7448213614
210,449628.7448213614
211,449628.7448213614
212,449628.7448213614
213,449628.74482136103
214,449628.74482136103
215,449628.74482136103
216,449628.74482136103
217,449628.74482136103
218,449628.74482136103
219,449628.74482136103
220,449628.74482136103
221,449628.74482136103
222,449628.74482136103
223,449628.74482136103
224,449628.74482136103
225,449628.74482136103
226,449628.74482136103
227,449628.74482136103
228,449628.74482136103
229,449628.74482136103
230,449628.74482136103
231,449628.74482136103
232,449628.74482136103
233,449628.74482136103
234,449628.74482136103
235,449628.74482136103
236,449628.74482136103
237,449628.74482136103
238,449628.74482136103
239,449628.74482136103
240,449628.74482136103
241,449628.74482136103
242,449628.74482136103
243,449628.74482136103
244,449628.74482136103
245,449628.74482136103
246,449628.74482136103
247,449628.74482136103
248,449628.74482136103
249,449628.74482136103
250,449628.74482136103
251,449628.74482136103
252,449628.74482136103
253,449628.74482136103
254,449628.74482136103
255,449628.74482136103
256,449628.74482136103
257,449628.74482136103
258,435542.28142026346
259,435542.28142026346
260,435542.28142026346
261,435542.28142026346
262,435542.28142026346
263,435542.28142026346
264,435542.28142026335
265,435542.28142026335
266,435542.28142026335
267,435542.28142026335
268,435542.28142026335
269,435542.28142026335
270,435542.28142026335
271,401285.31205774966
272,401285.31205774966
273,401285.31205774966
274,401285.31205774966
275,401285.31205774966
276,401285.31205774966
277,401285.31205774954
278,401285.31205774954
279,401285.31205774954
280,401285.31205774954
281,401285.31205774954
282,401285.31205774954
283,401285.31205774954
284,401285.31205774954
285,401285.31205774954
286,401285.3120577494
287,401285.3120577494
288,401285.3120577494
289,401285.3120577494
290,401285.3120577494
291,401285.3120577493
292,401285.3120577493
293,401285.3120577493
294,401285.3120577493
295,401285.3120577493
296,390346.7822107029
297,390346.7822107029
298,390346.7822107029
299,390346.7822107029
300,390346.7822107029
301,390346.7822107029
302,390346.7822107029
303,390346.7822107029
304,390346.7822107029
305,390346.7822107029
306,390346.7822107029
307,390346.7822107029
308,390346.7822107029
309,341579.4885865953
310,341579.4885865953
311,341579.4885865953
312,341579.4885865953
313,341579.4885865953
314,341579.4885865953
315,335258.7664999922
316,335258.7664999922
317,335258.7664999922
318,335258.7664999921
319,335258.7664999921
320,335258.7664999921
321,335258.7664999921
322,335258.7664999921
323,335258.7664999921
324,335258.7664999921
325,335258.7664999921
326,335258.7664999921
327,335258.7664999921
328,335258.7664999921
329,335258.7664999921
330,335258.7664999921
331,335258.7664999921
332,335258.7664999921
333,335258.7664999921
334,335258.7664999921
335,335258.7664999921
336,335258.7664999921
337,335258.7664999921
338,335258.7664999921
339,335258.7664999921
340,335258.7664999921
341,335258.7664999921
342,335258.7664999921
343,335258.7664999921
344,335258.7664999921
345,335258.7664999921
346,335258.7664999921
347,335258.7664999921
348,335258.7664999921
349,335258.7664999921
350,335258.7664999921
351,335258.7664999921
352,335258.7664999921
353,335258.7664999921
354,335258.7664999921
355,335258.7664999921
356,335258.7664999921
357,335258.7664999921
358,335258.7664999921
359,335258.7664999921
360,335258.7664999921
361,335258.7664999921
362,335258.7664999921
363,335258.7664999921
364,335258.7664999921
365,335258.7664999921
366,335258.7664999921
367,335258.7664999921
368,335258.7664999921
369,335258.7664999921
370,335258.7664999921
371,335258.7664999921
372,335258.7664999921
373,335258.7664999921
374,335258.7664999921
375,335258.7664999921
376,335258.7664999921
377,335258.7664999921
378,335258.7664999921
379,335258.7664999921
380,335258.7664999921
381,335258.7664999921
382,335258.7664999921
383,335258.7664999921
384,335258.7664999921
385,335258.7664999921
386,335258.7664999921
387,335258.7664999921
388,335258.7664999921
389,335258.7664999921
390,335258.7664999921
391,335258.7664999921
392,335258.7664999921
393,335258.7664999921
394,335258.7664999921
395,335258.7664999921
396,335258.7664999921
397,335258.7664999921
398,335258.7664999921
399,335258.7664999921
400,335258.7664999921
401,335258.7664999921
402,335258.7664999921
403,335258.7664999921
404,335258.7664999921
405,335258.7664999921
406,335258.7664999921
407,335258.7664999921
408,335258.7664999921
409,335258.7664999921
410,335258.7664999921
411,335258.7664999921
412,335258.7664999921
413,335258.7664999921
414,335258.7664999921
415,335258.7664999921
416,335258.7664999921
417,335258.7664999921
418,335258.7664999921
419,335258.7664999921
420,335258.7664999921
421,335258.7664999921
422,335258.7664999921
423,335258.7664999921
424,335258.7664999921
425,335258.7664999921
426,335258.7664999921
427,330012.5542101406
428,330012.5542101406
429,330012.5542101406
430,330012.5542101406
431,330012.5542101406
432,330012.5542101406
433,327295.4405807816
434,327295.4405807816
435,327295.4405807816
436,327295.4405807816
437,327295.4405807816
438,327295.4405807816
439,327295.4405807816
440,327295.4405807816
441,327295.4405807816
442,327295.4405807816
443,327295.4405807816
444,327295.4405807816
445,327295.4405807816
446,327295.4405807816
447,327295.4405807816
448,327295.4405807816
449,327295.4405807816
450,327295.4405807816
451,327295.4405807816
452,327295.4405807816
453,327295.4405807816
454,327295.4405807816
455,327295.4405807816
456,327295.4405807816
457,327295.4405807816
458,327295.4405807816
459,327295.4405807816
460,327295.4405807816
461,327295.4405807816
462,327295.4405807816
463,327295.4405807816
464,327295.4405807816
465,327295.4405807816
466,327295.4405807816
467,327295.4405807816
468,327295.4405807816
469,327295.4405807816
470,327295.4405807816
471,327295.4405807816
472,327295.4405807816
473,327295.4405807816
474,327295.4405807816
475,327295.4405807816
476,327295.4405807816
477,327295.4405807816
478,327295.4405807816
479,327295.4405807816
480,327295.4405807816
481,327295.4405807816
482,327295.4405807816
483,327295.4405807816
484,327295.4405807816
485,327295.4405807816
486,327295.4405807816
487,327295.4405807816
488,327295.4405807816
489,327295.4405807816
490,327295.4405807816
491,327295.4405807816
492,327295.4405807816
493,327295.4405807816
494,327295.4405807816
495,327295.4405807816
496,327295.4405807816
497,327295.4405807816
498,327295.4405807816
499,327295.4405807816
500,327295.4405807816
501,327295.4405807816
502,327295.4405807816
503,327295.4405807816
504,327295.4405807816
505,327295.4405807816
506,327295.4405807816
507,327295.4405807816
508,327295.4405807816
509,327295.4405807816
510,327295.4405807816
511,327295.4405807816
512,327295.4405807816
513,327295.4405807816
514,327295.4405807816
515,327295.4405807816
516,327295.4405807816
517,327295.4405807816
518,327295.4405807816
519,327295.4405807816
520,327295.4405807816
521,327295.4405807816
522,327295.4405807816
523,327295.4405807816
524,327295.4405807816
525,327295.4405807816
526,327295.4405807816
527,327295.4405807816
528,327295.4405807816
529,327295.4405807816
530,327295.4405807816
531,323534.82719725865
532,323534.82719725824
533,323534.82719725824
534,323534.82719725824
535,323534.82719725824
536,323534.82719725824
537,323534.82719725824
538,323534.82719725824
539,323534.82719725824
540,323534.82719725824
541,323534.82719725824
542,323534.82719725824
543,323534.82719725824
544,323534.82719725824
545,323534.82719725824
546,323534.82719725824
547,323534.82719725824
548,323534.82719725824
549,323534.82719725824
550,323534.82719725824
551,323534.82719725824
552,323534.82719725824
553,323534.82719725824
554,323534.82719725824
555,323534.82719725824
556,323534.82719725824
557,323534.82719725824
558,323534.82719725824
559,323534.82719725824
560,323534.82719725824
561,323534.82719725824
562,323534.82719725824
563,323534.82719725824
564,323534.82719725824
565,323534.82719725824
566,323534.82719725824
567,323534.82719725824
568,323534.82719725824
569,323534.82719725824
570,323534.82719725824
571,323534.82719725824
572,323534.82719725824
573,323534.82719725824
574,323534.82719725824
575,323534.82719725824
576,323534.82719725824
577,323534.82719725824
578,323534.82719725824
579,323534.82719725824
580,323534.82719725824
581,323534.82719725824
582,323534.82719725824
583,323534.82719725824
584,323534.82719725824
585,323534.82719725824
586,323534.82719725824
587,323534.82719725824
588,323534.82719725824
589,323534.82719725824
590,323534.82719725824
591,323534.82719725824
592,323534.82719725824
593,323534.82719725824
594,323534.82719725824
595,323534.82719725824
596,323534.82719725824
597,323534.82719725824
598,323534.82719725824
599,323534.82719725824
600,316168.48196901375
601,316168.48196901375
602,316168.48196901375
603,316168.48196901375
604,304651.71322036063
605,304651.7132203606
606,304651.7132203606
607,304651.7132203606
608,304651.7132203606
609,304651.7132203606
610,304651.7132203606
611,304651.7132203606
612,304651.7132203606
613,304651.7132203606
614,304651.7132203606
615,304651.7132203606
616,304651.7132203606
617,304651.7132203606
618,304651.7132203606
619,260007.37560319132
620,260007.37560319132
621,260007.37560319132
622,260007.37560319132
623,260007.37560319132
624,260007.37560319132
625,260007.37560319132
626,260007.37560319132
627,260007.37560319132
628,204089.19772651407
629,204089.19772651407
630,204089.19772651407
631,204089.19772651407
632,204089.19772651407
633,204089.19772651402
634,204089.19772651402
635,204089.19772651402
636,204089.19772651402
637,204089.19772651396
638,204089.19772651396
639,204089.19772651396
640,204089.19772651384
641,204089.19772651384
642,204089.19772651384
643,204089.19772651384
644,204089.19772651384
645,204089.19772651384
646,204089.19772651384
647,204089.19772651384
648,204089.19772651384
649,204089.19772651384
650,204089.19772651384
651,204089.19772651384
652,204089.19772651384
653,204089.19772651384
654,204089.19772651384
655,204089.19772651384
656,204089.19772651384
657,204089.19772651384
658,204089.19772651384
659,204089.19772651384
660,204089.19772651384
661,204089.19772651384
662,204089.19772651384
663,204089.19772651384
664,204089.19772651384
665,204089.19772651384
666,204089.19772651384
667,204089.19772651384
668,204089.19772651384
669,204089.19772651384
670,204089.19772651384
671,204089.19772651384
672,204089.19772651384
673,204089.19772651384
674,204089.19772651384
675,204089.19772651384
676,204089.19772651384
677,204089.19772651384
678,204089.19772651384
679,204089.19772651384
680,204089.19772651384
681,204089.19772651384
682,204089.19772651384
683,204089.19772651384
684,204089.19772651384
685,204089.19772651384
686,204089.19772651384
687,204089.19772651384
688,204089.19772651384
689,204089.19772651384
690,204089.19772651384
691,204089.19772651384
692,204089.19772651384
693,204089.19772651384
694,204089.19772651384
695,204089.19772651384
696,204089.19772651384
697,204089.19772651384
698,204089.19772651384
699,204089.19772651384
700,204089.19772651384
701,204089.19772651384
702,204089.19772651384
703,204089.19772651384
704,204089.19772651384
705,204089.19772651384
706,203512.76325961397
707,203512.76325961397
708,203512.76325961397
709,203512.76325961397
710,203512.76325961397
711,203512.76325961397
712,203512.76325961397
713,203512.76325961397
714,203512.76325961397
715,203512.76325961397
716,203512.76325961397
717,203512.76325961397
718,203512.76325961397
719,203512.76325961397
720,203512.76325961397
721,203512.76325961397
722,203512.76325961397
723,203512.76325961397
724,203512.76325961397
725,203512.76325961397
726,203512.76325961397
727,203512.76325961386
728,203512.76325961386
729,203512.76325961386
730,203512.76325961386
731,203512.76325961386
732,203168.1881326958
733,203168.1881326958
734,203168.1881326958
735,203168.18813269565
736,203168.18813269565
737,203168.18813269565
738,203168.18813269565
739,203168.18813269565
740,203168.18813269565
741,203168.18813269565
742,203168.18813269565
743,203168.18813269565
744,203168.18813269565
745,203168.18813269565
746,203168.18813269565
747,203168.18813269565
748,203168.18813269565
749,203168.18813269565
750,203168.18813269565
751,203168.18813269565
752,203168.18813269565
753,203168.18813269565
754,203168.18813269565
755,203168.18813269565
756,203168.18813269565
757,203168.18813269565
758,203168.18813269565
759,203168.18813269565
760,203168.18813269565
761,203168.18813269565
762,203168.18813269565
763,203168.18813269565
764,203168.18813269565
765,203168.18813269565
766,203168.18813269565
767,203168.18813269565
768,203168.18813269565
769,203168.18813269565
770,203168.18813269565
771,203168.18813269565
772,203168.18813269565
773,203168.18813269565
774,203168.18813269565
775,203168.18813269565
776,203168.18813269565
777,203168.18813269565
778,203168.18813269565
779,203168.18813269565
780,201167.48992364644
781,201167.48992364644
782,201167.48992364644
783,201167.48992364644
784,201167.48992364644
785,201167.48992364644
786,201167.48992364644
787,201167.48992364644
788,201167.48992364644
789,201167.48992364644
790,201167.48992364644
791,201167.48992364644
792,201167.48992364644
793,201167.48992364644
794,201167.48992364644
795,201167.48992364612
796,201167.48992364612
797,201167.48992364612
798,201167.48992364612
799,201167.48992364612
800,201167.48992364612
801,201167.48992364612
802,201167.48992364612
803,201167.48992364612
804,201167.48992364612
805,201167.48992364612
806,201167.48992364612
807,201167.48992364612
808,201167.48992364612
809,201167.48992364612
810,201167.48992364612
811,201167.48992364612
812,201167.48992364612
813,201167.48992364612
814,201167.48992364612
815,201167.48992364612
816,201167.48992364612
817,201167.48992364612
818,201167.48992364612
819,201167.48992364612
820,201167.48992364612
821,201167.48992364612
822,201167.48992364612
823,201167.48992364612
824,201167.48992364612
825,201167.48992364612
826,201167.48992364612
827,201167.48992364612
828,201167.48992364612
829,201167.48992364612
830,197988.4340529092
831,197988.4340529092
832,197988.4340529092
833,197988.4340529092
834,197988.4340529092
835,197988.4340529092
836,197988.4340529092
837,197988.4340529092
838,197988.4340529092
839,197988.4340529092
840,197988.4340529092
841,197988.4340529092
842,197988.4340529092
843,197988.4340529092
844,197988.4340529092
845,197988.4340529092
846,197988.4340529092
847,197988.4340529092
848,197988.4340529092
849,197988.4340529092
850,197988.4340529092
851,197988.4340529092
852,197988.4340529092
853,197988.4340529092
854,197988.4340529092
855,197988.4340529092
856,197988.4340529092
857,197988.4340529092
858,197988.4340529092
859,197988.4340529092
860,197988.4340529092
861,197988.4340529092
862,197988.4340529092
863,197988.4340529092
864,197988.4340529092
865,197988.4340529092
866,197988.4340529092
867,197988.4340529092
868,197988.4340529092
869,197988.4340529092
870,197988.4340529092
871,197988.4340529092
872,197988.4340529092
873,197988.4340529092
874,197988.4340529092
875,197988.4340529092
876,197988.4340529092
877,197988.4340529092
878,197988.4340529092
879,197988.4340529092
880,197988.4340529092
881,197988.4340529092
882,197988.4340529092
883,197988.4340529092
884,197988.4340529092
885,197988.4340529092
886,197988.4340529092
887,197988.4340529092
888,197988.4340529092
889,197988.4340529092
890,197988.4340529092
891,197988.4340529092
892,197988.4340529092
893,197988.4340529092
894,197988.4340529092
895,197988.4340529092
896,197988.4340529092
897,197988.4340529092
898,197988.4340529092
899,197988.4340529092
900,197988.4340529092
901,197988.4340529092
902,197988.4340529092
903,197988.4340529092
904,197988.4340529092
905,197988.4340529092
906,197988.4340529092
907,197988.4340529092
908,197988.4340529092
909,197988.4340529092
910,197988.4340529092
911,197988.4340529092
912,197988.4340529092
913,197988.4340529092
914,197988.4340529092
915,197988.4340529092
916,197988.4340529092
917,197988.4340529092
918,197988.4340529092
919,197988.4340529092
920,197988.4340529091
921,197988.4340529091
922,197988.4340529091
923,197988.4340529091
924,197988.4340529091
925,197988.4340529091
926,197988.4340529091
927,197988.4340529091
928,197988.4340529091
929,197988.4340529091
930,197988.4340529091
931,197988.4340529091
932,197988.4340529091
933,197988.4340529091
934,197988.4340529091
935,197988.4340529091
936,197988.4340529091
937,197988.4340529091
938,197988.4340529091
939,197988.4340529091
940,197988.4340529091
941,197988.4340529091
942,197988.4340529091
943,197988.4340529091
944,197988.4340529091
945,197988.4340529091
946,197988.4340529091
947,197988.4340529091
948,197988.4340529091
949,197988.4340529091
950,197988.4340529091
951,197988.4340529091
952,197988.4340529091
953,197988.4340529091
954,197619.51402346586
955,197619.51402346586
956,197619.51402346586
957,197619.51402346586
958,197619.51402346586
959,197619.51402346586
960,197619.51402346586
961,197619.51402346586
962,197619.51402346586
963,197619.51402346586
964,197619.51402346586
965,197619.51402346586
966,197619.51402346586
967,197619.51402346586
968,197619.51402346586
969,197619.51402346586
970,197619.51402346586
971,197619.51402346586
972,197619.51402346586
973,197619.51402346586
974,197619.51402346586
975,197611.04292897985
976,197611.04292897985
977,197611.04292897985
978,197611.04292897985
979,197611.04292897985
980,197611.04292897985
981,197611.04292897985
982,197611.04292897985
983,197611.04292897985
984,197611.04292897985
985,197611.04292897985
986,197611.04292897985
987,197611.04292897985
988,197611.04292897985
989,197611.04292897973
990,197611.04292897973
991,197611.04292897973
992,197611.04292897973
993,197611.04292897973
994,197611.04292897973
995,197611.04292897973
996,197611.04292897973
997,197611.04292897973
998,197611.04292897973
999,197611.04292897973
1000,197611.04292897973
1001,197611.04292897973
1002,197611.04292897973
1003,197611.04292897973
1004,197611.04292897973
1005,197611.04292897973
1006,197611.04292897973
1007,197611.04292897973
1008,197611.04292897973
1009,197611.04292897973
1010,197611.04292897973
1011,197611.04292897973
1012,197611.04292897973
1013,197611.04292897973
1014,197611.04292897973
1015,197611.04292897973
1016,197611.04292897973
1017,197611.04292897973
1018,197611.04292897973
1019,197611.04292897973
1020,197611.04292897973
1021,197611.04292897973
1022,197611.04292897973
1023,197611.04292897973
1024,197611.04292897973
1025,197611.04292897973
1026,197611.04292897973
1027,197611.04292897973
1028,197611.04292897973
1029,197611.04292897973
1030,197611.04292897973
1031,197611.04292897973
1032,197611.04292897973
1033,197611.04292897973
1034,196704.52157496763
1035,196704.52157496763
1036,196704.52157496763
1037,196704.52157496763
1038,196704.52157496763
1039,196704.52157496763
1040,196704.52157496763
1041,196704.52157496763
1042,196704.52157496763
1043,196704.52157496763
1044,196704.52157496763
1045,196704.52157496763
1046,196704.52157496763
1047,196704.52157496763
1048,196704.52157496763
1049,196704.52157496763
1050,196704.52157496763
1051,196704.52157496754
1052,196704.52157496754
1053,196290.8825003056
1054,196290.8825003056
1055,196290.8825003056
1056,196290.8825003056
1057,196290.8825003056
1058,196290.8825003056
1059,196290.8825003056
1060,196290.8825003056
1061,196290.8825003056
1062,196290.8825003056
1063,196290.8825003056
1064,196290.8825003056
1065,196290.8825003056
1066,196290.8825003056
1067,196290.8825003056
1068,196290.8825003056
1069,196290.8825003056
1070,196290.8825003056
1071,196290.8825003056
1072,196290.8825003056
1073,196290.8825003056
1074,196290.8825003056
1075,196290.88250030545
1076,196290.88250030545
1077,196290.88250030545
1078,196290.88250030545
1079,196290.88250030545
1080,196290.88250030545
1081,196290.88250030545
1082,196290.88250030545
1083,196290.88250030545
1084,196290.88250030545
1085,196290.88250030545
1086,196290.88250030545
1087,196290.88250030545
1088,196290.88250030545
1089,196290.88250030545
1090,196290.88250030545
1091,196290.88250030545
1092,196290.88250030545
1093,196290.88250030545
1094,196290.88250030545
1095,196290.88250030545
1096,196290.88250030545
1097,196290.88250030545
1098,196290.88250030545
1099,196290.88250030545
1100,196290.88250030545
1101,196290.88250030545
1102,196290.88250030545
1103,196290.88250030545
1104,196290.88250030545
1105,196290.88250030545
1106,196290.88250030545
1107,196290.88250030545
1108,196290.88250030545
1109,196290.88250030545
1110,196290.88250030545
1111,196290.88250030545
1112,196290.88250030545
1113,196290.88250030545
1114,189612.1356985518
1115,189612.1356985518
1116,189612.1356985518
1117,189612.1356985518
1118,189612.1356985518
1119,189612.1356985518
1120,189612.1356985518
1121,189612.1356985518
1122,189612.1356985518
1123,189612.1356985518
1124,189612.1356985518
1125,189612.1356985518
1126,189612.1356985518
1127,189612.1356985518
1128,189612.1356985518
1129,189612.1356985518
1130,189612.1356985518
1131,189612.1356985518
1132,189612.1356985518
1133,189612.1356985518
1134,189612.1356985518
1135,189612.1356985518
1136,189612.1356985518
1137,189612.1356985518
1138,189612.1356985518
1139,189612.1356985518
1140,189612.13569855178
1141,189612.13569855178
1142,189612.13569855178
1143,189612.13569855178
1144,189612.13569855166
1145,189612.13569855166
1146,189612.13569855166
1147,189612.13569855166
1148,189612.13569855166
1149,189612.13569855166
1150,189612.13569855166
1151,189612.13569855166
1152,189612.13569855166
1153,189612.13569855166
1154,189612.13569855166
1155,189612.13569855166
1156,189612.13569855166
1157,189612.13569855166
1158,189612.13569855166
1159,189612.13569855166
1160,189612.13569855166
1161,189612.13569855166
1162,189612.13569855166
1163,189612.13569855166
1164,189612.13569855166
1165,189612.13569855166
1166,189612.13569855166
1167,189612.13569855166
1168,189612.13569855166
1169,189612.13569855166
1170,189612.13569855166
1171,189612.13569855166
1172,189612.13569855166
1173,189612.13569855166
1174,189612.13569855166
1175,189612.13569855166
1176,189612.13569855166
1177,189612.13569855166
1178,189612.13569855166
1179,189612.13569855166
1180,189612.13569855166
1181,189612.13569855166
1182,189612.13569855166
1183,189612.13569855166
1184,189612.13569855166
1185,189612.13569855166
1186,189612.13569855166
1187,189612.13569855166
1188,189612.13569855166
1189,189612.13569855166
1190,189612.13569855166
1191,189612.13569855166
1192,189612.13569855166
1193,189612.13569855166
1194,189612.13569855166
1195,189612.13569855166
1196,189612.13569855166
1197,189612.13569855166
1198,189612.13569855166
1199,189612.13569855166
1200,189612.13569855166
1201,189612.13569855166
1202,189612.13569855166
1203,189612.13569855166
1204,189612.13569855166
1205,189612.13569855166
1206,189612.13569855166
1207,189612.13569855166
1208,189612.13569855166
1209,189612.13569855166
1210,189612.13569855166
1211,189612.13569855166
1212,189612.13569855166
1213,189612.13569855166
1214,189612.13569855166
1215,189612.13569855166
1216,189612.13569855166
1217,189612.13569855166
1218,189612.13569855166
1219,189612.13569855166
1220,189612.13569855166
1221,189612.13569855166
1222,189612.13569855166
1223,189612.13569855166
1224,189612.13569855166
1225,189612.13569855166
1226,189612.13569855166
1227,189612.13569855166
1228,189612.13569855166
1229,189612.13569855166
1230,189612.13569855166
1231,189612.13569855166
1232,189612.13569855166
1233,189612.13569855166
1234,189612.13569855166
1235,189612.13569855166
1236,189612.13569855166
1237,189612.13569855166
1238,189612.13569855166
1239,189612.13569855166
1240,189612.13569855166
1241,189612.13569855166
1242,189612.13569855166
1243,189612.13569855166
1244,189612.13569855166
1245,189612.13569855166
1246,189612.13569855166
1247,189612.13569855166
1248,189612.13569855166
1249,189612.13569855166
1250,189612.13569855166
1251,189612.13569855166
1252,189612.13569855166
1253,189612.13569855166
1254,189612.13569855166
1255,189612.13569855166
1256,189612.13569855166
1257,189612.13569855166
1258,189612.13569855166
1259,189612.13569855166
1260,189612.13569855166
1261,189612.13569855166
1262,189612.13569855166
1263,189612.13569855166
1264,189612.13569855166
1265,189612.13569855166
1266,189612.13569855166
1267,189612.13569855166
1268,189612.13569855166
1269,189612.13569855166
1270,189612.13569855166
1271,189612.13569855166
1272,189612.13569855166
1273,189612.13569855166
1274,189612.13569855166
1275,189612.13569855166
1276,189612.13569855166
1277,189612.13569855166
1278,189612.13569855166
1279,189612.13569855166
1280,189612.13569855166
1281,189612.13569855166
1282,189612.13569855166
1283,189612.13569855166
1284,189612.13569855166
1285,189612.13569855166
1286,189612.13569855166
1287,189612.13569855166
1288,188341.53358878216
1289,188341.53358878216
1290,188341.53358878213
1291,188341.53358878213
1292,188341.53358878213
1293,188341.53358878213
1294,188341.53358878213
1295,188341.53358878213
1296,188341.53358878213
1297,188341.53358878213
1298,188341.53358878213
1299,188341.53358878213
1300,188341.53358878213
1301,188341.53358878213
1302,188341.53358878213
1303,188341.53358878213
1304,188341.53358878213
1305,188341.53358878213
1306,188341.53358878213
1307,188341.53358878213
1308,188341.53358878213
1309,188341.53358878213
1310,180769.12479783522
1311,180769.12479783522
1312,180769.12479783522
1313,180769.12479783522
1314,180769.12479783522
1315,180769.12479783522
1316,180769.12479783522
1317,178176.73328570978
1318,178176.73328570978
1319,178176.73328570978
1320,178176.73328570978
1321,178176.73328570978
1322,178085.0385195021
1323,178085.0385195021
1324,178085.0385195021
1325,178085.0385195021
1326,178085.0385195021
1327,178085.0385195021
1328,178085.0385195021
1329,178085.0385195021
1330,178085.0385195021
1331,178085.0385195021
1332,178085.0385195021
1333,178085.0385195021
1334,178085.0385195021
1335,178085.0385195021
1336,178085.0385195021
1337,162757.10248229513
1338,162757.10248229513
1339,162757.10248229513
1340,162757.10248229513
1341,162757.10248229513
1342,162757.10248229513
1343,162757.10248229513
1344,162757.10248229513
1345,162757.10248229513
1346,162757.10248229513
1347,162757.10248229504
1348,162757.10248229504
1349,162757.10248229504
1350,162757.10248229504
1351,162757.10248229504
1352,162757.10248229504
1353,162757.10248229504
1354,162757.10248229504
1355,162757.10248229504
1356,162757.10248229504
1357,162757.10248229504
1358,162757.10248229504
1359,162757.10248229504
1360,162757.10248229504
1361,162757.10248229504
1362,162757.10248229504
1363,162757.10248229504
1364,162757.10248229504
1365,162757.10248229504
1366,162757.10248229504
1367,162757.10248229504
1368,162757.10248229504
1369,162757.10248229504
1370,162757.10248229504
1371,162757.10248229504
1372,162757.10248229504
1373,162757.10248229504
1374,162757.10248229504
1375,162757.10248229504
1376,162757.102482295
1377,162757.102482295
1378,162757.102482295
1379,162757.102482295
1380,162757.102482295
1381,162757.102482295
1382,162757.102482295
1383,162757.102482295
1384,162757.102482295
1385,162757.10248229498
1386,162757.10248229498
1387,162757.10248229498
1388,162757.10248229495
1389,162757.10248229495
1390,162757.10248229495
1391,162757.10248229495
1392,162757.10248229495
1393,162757.10248229495
1394,162757.10248229495
1395,162757.10248229495
1396,162757.10248229495
1397,162757.10248229495
1398,162757.10248229495
1399,162757.10248229495
1400,162757.10248229495
1401,162757.10248229495
1402,162757.10248229495
1403,162329.247043917
1404,162329.247043917
1405,162329.247043917
1406,162329.24704391684
1407,157658.62664755736
1408,157658.62664755736
1409,157658.62664755736
1410,157658.62664755736
1411,157658.62664755736
1412,157658.62664755736
1413,157658.62664755736
1414,157658.62664755736
1415,157658.62664755736
1416,157658.62664755736
1417,157658.6266475573
1418,157658.6266475573
1419,157658.6266475573
1420,157658.6266475573
1421,157658.6266475573
1422,157658.6266475573
1423,157658.6266475573
1424,157658.6266475573
1425,157658.6266475573
1426,157658.6266475573
1427,157658.6266475573
1428,157658.62664755728
1429,157658.62664755728
1430,157658.62664755728
1431,157658.62664755728
1432,157658.62664755728
1433,157658.62664755728
1434,157658.62664755728
1435,157658.62664755728
1436,157658.62664755728
1437,157658.62664755728
1438,157658.62664755728
1439,157658.62664755728
1440,157658.62664755728
1441,157658.62664755728
1442,157658.62664755728
1443,157658.62664755728
1444,157658.62664755728
1445,157658.62664755728
1446,157658.62664755728
1447,157658.62664755728
1448,157658.62664755728
1449,157658.62664755728
1450,157658.62664755728
1451,157658.62664755728
1452,157658.62664755728
1453,157658.62664755728
1454,157658.62664755728
1455,157658.62664755728
1456,157658.62664755728
1457,157658.62664755728
1458,157658.62664755728
1459,157658.62664755728
1460,157658.62664755728
1461,157658.62664755728
1462,157658.62664755728
1463,157658.62664755728
1464,157658.62664755728
1465,157658.62664755725
1466,157658.62664755725
1467,157658.62664755725
1468,157658.62664755725
1469,157658.62664755725
1470,157658.62664755725
1471,157658.62664755725
1472,157658.62664755725
1473,157658.62664755725
1474,157658.62664755725
1475,155636.8231707651
1476,155636.8231707651
1477,155636.8231707651
1478,155636.8231707651
1479,155636.8231707651
1480,155636.8231707651
1481,155636.8231707651
1482,155636.8231707651
1483,155636.8231707651
1484,155636.8231707651
1485,155636.8231707651
1486,155636.8231707651
1487,155636.8231707651
1488,155636.8231707651
1489,155636.8231707651
1490,155636.8231707651
1491,155636.8231707651
1492,155636.8231707651
1493,155636.8231707651
1494,155636.8231707651
1495,155636.8231707651
1496,155636.8231707651
1497,155636.8231707651
1498,155636.8231707651
1499,155636.8231707651
1500,155636.823170765
1501,133820.4295140388
1502,133820.4295140388
1503,133820.4295140388
1504,133820.4295140388
1505,133820.4295140388
1506,133820.4295140388
1507,133820.4295140388
1508,133820.4295140388
1509,133820.4295140388
1510,133820.4295140388
1511,133820.4295140388
1512,133820.4295140388
1513,133820.4295140388
1514,133820.4295140388
1515,133820.4295140388
1516,133820.4295140388
1517,133820.4295140388
1518,133820.4295140388
1519,133820.4295140388
1520,132637.69765111094
1521,132637.69765111074
1522,132637.69765111074
1523,132637.69765111074
1524,132637.69765111074
1525,132637.69765111074
1526,132637.69765111074
1527,132637.69765111074
1528,132637.69765111074
1529,132637.69765111074
1530,132637.69765111074
1531,132637.69765111074
1532,132637.69765111074
1533,132637.69765111074
1534,132637.69765111074
1535,132637.69765111074
1536,132637.69765111074
1537,132637.69765111074
1538,132637.69765111074
1539,132637.69765111074
1540,132637.69765111074
1541,132637.69765111074
1542,123513.21536911743
1543,123513.21536911743
1544,123513.21536911743
1545,123513.21536911743
1546,123513.21536911743
1547,123513.21536911743
1548,123513.21536911743
1549,123513.21536911743
1550,123513.21536911743
1551,123513.21536911743
1552,123513.21536911743
1553,123513.21536911743
1554,123513.21536911743
1555,123513.21536911743
1556,123513.21536911743
1557,123513.21536911743
1558,123513.21536911743
1559,123513.21536911743
1560,123513.21536911743
1561,123513.21536911743
1562,123513.21536911743
1563,123513.21536911743
1564,123513.21536911743
1565,123513.21536911743
1566,123513.21536911743
1567,123513.21536911743
1568,123513.21536911743
1569,123513.21536911743
1570,123513.21536911743
1571,123513.21536911743
1572,123513.21536911743
1573,123513.21536911743
1574,123513.21536911743
1575,123513.21536911743
1576,123513.21536911743
1577,123513.21536911743
1578,123513.21536911743
1579,123513.21536911743
1580,123513.21536911743
1581,123513.21536911743
1582,123513.21536911743
1583,123513.21536911743
1584,123513.21536911743
1585,123513.21536911743
1586,123513.21536911743
1587,123513.21536911743
1588,123513.21536911743
1589,123513.21536911743
1590,123513.21536911743
1591,123513.21536911743
1592,123513.21536911743
1593,123513.21536911743
1594,123513.21536911743
1595,123513.21536911743
1596,123513.21536911743
1597,123513.21536911743
1598,123513.21536911743
1599,123513.21536911743
1600,123513.21536911743
1601,123513.21536911743
1602,123513.21536911743
1603,123513.21536911743
1604,123513.21536911743
1605,123513.21536911743
1606,123513.21536911743
1607,123513.21536911743
1608,123513.21536911743
1609,123513.21536911743
1610,123513.21536911743
1611,123513.21536911743
1612,123513.21536911743
1613,123513.21536911743
1614,123513.21536911743
1615,123513.21536911743
1616,123513.21536911743
1617,123513.21536911743
1618,123513.21536911743
1619,123513.21536911743
1620,113195.52931571835
1621,113195.52931571835
1622,113195.52931571835
1623,113195.52931571835
1624,113195.52931571835
1625,113195.52931571835
1626,113195.52931571835
1627,113195.52931571835
1628,113195.52931571835
1629,113195.52931571835
1630,113195.52931571835
1631,113195.52931571835
1632,113195.52931571835
1633,113195.52931571835
1634,113195.52931571835
1635,113195.52931571835
1636,113195.52931571835
1637,113195.52931571835
1638,113195.52931571835
1639,113195.52931571835
1640,113195.52931571835
1641,113195.52931571835
1642,113195.52931571835
1643,113195.52931571835
1644,113195.52931571835
1645,113195.52931571835
1646,113195.52931571835
1647,113195.52931571835
1648,113195.52931571835
1649,113195.52931571822
1650,106019.13535603334
1651,106019.13535603334
1652,106019.13535603334
1653,106019.13535603334
1654,106019.13535603334
1655,106019.13535603322
1656,106019.13535603322
1657,106019.13535603322
1658,106019.13535603322
1659,106019.13535603322
1660,106019.13535603322
1661,106019.13535603322
1662,106019.13535603322
1663,106019.13535603322
1664,106019.13535603322
1665,106019.13535603322
1666,106019.13535603322
1667,106019.13535603322
1668,106019.13535603322
1669,106019.13535603322
1670,106019.13535603322
1671,106019.13535603322
1672,106019.13535603322
1673,106019.13535603322
1674,106019.13535603322
1675,106019.13535603318
1676,106019.13535603318
1677,106019.13535603318
1678,106019.13535603318
1679,106019.13535603318
1680,106019.13535603318
1681,106019.13535603318
1682,106019.13535603318
1683,106019.13535603318
1684,106019.13535603318
1685,106019.13535603318
1686,106019.13535603318
1687,106019.13535603318
1688,106019.13535603318
1689,106019.13535603318
1690,106019.13535603318
1691,106019.13535603318
1692,106019.13535603318
1693,106019.13535603318
1694,106019.13535603318
1695,106019.13535603318
1696,106019.13535603318
1697,106019.13535603318
1698,106019.13535603318
1699,106019.13535603318
1700,106019.13535603318
1701,106019.13535603318
1702,106019.13535603318
1703,106019.13535603318
1704,106019.13535603318
1705,106019.13535603318
1706,106019.13535603318
1707,106019.13535603318
1708,106019.13535603318
1709,106019.13535603318
1710,106019.13535603318
1711,106019.13535603318
1712,106019.13535603318
1713,106019.13535603318
1714,106019.13535603318
1715,106019.13535603318
1716,106019.13535603318
1717,106019.13535603318
1718,106019.13535603318
1719,106019.13535603318
1720,106019.13535603318
1721,106019.13535603318
1722,106019.13535603318
1723,106019.13535603318
1724,106019.13535603318
1725,106019.13535603318
1726,106019.13535603318
1727,106019.13535603318
1728,106019.13535603318
1729,106019.13535603318
1730,106019.13535603318
1731,106019.13535603318
1732,106019.13535603318
1733,96383.56557785836
1734,96383.56557785836
1735,96383.56557785836
1736,96383.56557785836
1737,96383.56557785836
1738,96383.56557785827
1739,96383.56557785827
1740,96383.56557785827
1741,96383.56557785827
1742,96383.56557785811
1743,96383.56557785811
1744,96383.56557785811
1745,96383.56557785811
1746,96383.56557785811
1747,96383.56557785811
1748,96383.56557785811
1749,96383.56557785811
1750,96383.56557785811
1751,96383.56557785811
1752,96383.56557785811
1753,96383.56557785811
1754,96383.56557785811
1755,96383.56557785811
1756,86745.78069948626
1757,86745.78069948626
1758,86745.78069948626
1759,86745.78069948626
1760,86745.78069948626
1761,86745.78069948626
1762,86745.78069948626
1763,86745.78069948626
1764,86745.78069948626
1765,86745.78069948626
1766,86745.78069948626
1767,86745.78069948626
1768,86745.78069948626
1769,86745.78069948626
1770,86745.78069948626
1771,86745.78069948626
1772,86745.78069948626
1773,86745.78069948626
1774,86745.7806994862
1775,86745.7806994862
1776,86745.7806994862
1777,86745.7806994862
1778,86745.7806994862
1779,86745.7806994862
1780,86745.7806994862
1781,86745.7806994862
1782,86745.7806994862
1783,86745.7806994862
1784,86745.7806994862
1785,86745.7806994862
1786,86745.7806994862
1787,86745.7806994862
1788,86745.7806994862
1789,86745.7806994862
1790,86745.7806994862
1791,86745.7806994862
1792,86745.7806994862
1793,86745.7806994862
1794,86745.7806994862
1795,81024.95946118963
1796,81024.95946118963
1797,81024.95946118963
1798,81024.95946118963
1799,81024.95946118963
1800,81024.95946118963
1801,80938.84847318486
1802,80938.84847318484
1803,80938.84847318484
1804,80938.84847318484
1805,80938.84847318484
1806,80938.84847318484
1807,80938.84847318484
1808,80938.84847318484
1809,80938.84847318484
1810,80938.84847318484
1811,80938.84847318484
1812,80816.66470518202
1813,80816.66470518202
1814,80816.66470518202
1815,80816.66470518202
1816,80816.66470518202
1817,80816.66470518202
1818,80816.66470518202
1819,80816.66470518202
1820,80816.66470518202
1821,80816.66470518202
1822,80816.66470518202
1823,80816.66470518202
1824,80816.66470518202
1825,80816.66470518202
1826,80816.66470518202
1827,80816.66470518202
1828,80816.66470518202
1829,80816.66470518202
1830,80816.66470518202
1831,80816.66470518202
1832,80816.66470518202
1833,80816.66470518202
1834,80816.66470518202
1835,80816.66470518202
1836,80816.66470518202
1837,80816.66470518202
1838,80816.66470518202
1839,80816.66470518202
1840,80816.66470518202
1841,80816.66470518202
1842,80816.66470518202
1843,80816.66470518202
1844,80816.66470518202
1845,80816.66470518202
1846,80816.66470518202
1847,80816.66470518202
1848,80816.66470518202
1849,80816.66470518202
1850,80816.66470518202
1851,80816.66470518202
1852,80816.66470518202
1853,80816.66470518202
1854,80816.66470518202
1855,80816.66470518202
1856,80816.66470518202
1857,80816.66470518202
1858,80816.66470518202
1859,80816.66470518202
1860,80816.66470518202
1861,80816.66470518202
1862,80816.66470518202
1863,80816.66470518202
1864,80816.66470518202
1865,80816.66470518202
1866,80816.66470518202
1867,80816.66470518202
1868,80816.66470518202
1869,80816.66470518202
1870,80816.66470518202
1871,80816.66470518197
1872,80816.66470518197
1873,80816.66470518197
1874,80816.66470518197
1875,80816.66470518197
1876,80816.66470518197
1877,80816.66470518197
1878,80816.66470518197
1879,80816.66470518197
1880,80816.66470518197
1881,80816.66470518197
1882,80816.66470518197
1883,80816.66470518196
1884,80816.66470518196
1885,80816.66470518195
1886,80816.66470518195
1887,80816.66470518195
1888,80816.66470518195
1889,80816.66470518195
1890,80816.66470518195
1891,80816.66470518195
1892,80816.66470518195
1893,80816.66470518195
1894,80816.66470518195
1895,80816.66470518195
1896,80816.66470518195
1897,80816.66470518195
1898,80816.66470518195
1899,80816.66470518192
1900,80816.66470518192
1901,80816.66470518192
1902,80816.66470518192
1903,80816.66470518192
1904,80816.66470518192
1905,80816.66470518192
1906,80816.66470518192
1907,80816.66470518192
1908,80816.66470518192
1909,80816.66470518192
1910,80816.66470518192
1911,80816.66470518192
1912,80816.6647051819
1913,80816.6647051819
1914,80816.6647051819
1915,80816.6647051819
1916,80816.6647051819
1917,80816.6647051819
1918,80816.6647051819
1919,80816.6647051819
1920,80816.6647051819
1921,80816.6647051819
1922,80816.6647051819
1923,80816.6647051819
1924,80816.6647051819
1925,80816.6647051819
1926,80816.6647051819
1927,80816.6647051819
1928,80816.6647051819
1929,80816.6647051819
1930,80816.6647051819
1931,80816.6647051819
1932,80816.6647051819
1933,80816.6647051819
1934,80816.6647051819
1935,80816.6647051819
1936,80816.6647051819
1937,80816.6647051819
1938,80816.6647051819
1939,80816.6647051819
1940,80816.6647051819
1941,80816.6647051819
1942,80816.6647051819
1943,80816.6647051819
1944,80816.6647051819
1945,80816.6647051819
1946,80816.6647051819
1947,80816.6647051819
1948,80816.6647051819
1949,80816.6647051819
1950,80816.6647051819
1951,80816.6647051819
1952,80816.6647051819
1953,80816.6647051819
1954,80816.6647051819
1955,80816.6647051819
1956,80816.6647051819
1957,80816.6647051819
1958,80816.6647051819
1959,80816.6647051819
1960,80816.6647051819
1961,80816.6647051819
1962,80816.6647051819
1963,80816.6647051819
1964,80816.6647051819
1965,80816.6647051819
1966,80816.6647051819
1967,80816.6647051819
1968,80816.6647051819
1969,80816.6647051819
1970,80816.6647051819
1971,80816.6647051819
1972,80816.6647051819
1973,80816.6647051819
1974,80816.6647051819
1975,80816.6647051819
1976,80816.6647051819
1977,80816.6647051819
1978,80816.6647051819
1979,80816.6647051819
1980,80816.6647051819
1981,80816.6647051819
1982,80816.6647051819
1983,80816.6647051819
1984,80816.6647051819
1985,80816.6647051819
1986,80816.6647051819
1987,80816.6647051819
1988,80816.6647051819
1989,79332.1097390126
1990,79332.10973901255
1991,79332.10973901255
1992,79332.10973901255
1993,79332.10973901255
1994,79332.10973901255
1995,79332.10973901255
1996,79332.10973901255
1997,79332.10973901255
1998,79332.10973901255
1999,79332.10973901255
2000,79332.10973901255
2001,79332.10973901255
2002,79332.10973901255
2003,79332.10973901255
2004,79332.10973901255
2005,79332.10973901255
2006,79332.10973901255
2007,79332.10973901255
2008,79332.10973901255
2009,79332.10973901255
2010,79332.10973901255
2011,79332.10973901255
2012,79332.10973901255
2013,79332.10973901255
2014,79332.10973901255
2015,79332.10973901255
2016,79332.10973901255
2017,79332.10973901255
2018,79332.10973901255
2019,79332.10973901255
2020,79332.10973901255
2021,79332.10973901255
2022,79332.10973901255
2023,79332.10973901255
2024,79332.10973901255
2025,79332.10973901255
2026,79332.10973901255
2027,79332.10973901255
2028,79332.10973901255
2029,79332.10973901255
2030,79332.10973901255
2031,79332.10973901255
2032,79332.10973901255
2033,79332.10973901255
2034,79332.10973901255
2035,79332.10973901255
2036,79332.10973901255
2037,79332.10973901255
2038,79332.10973901255
2039,79332.10973901255
2040,79332.10973901255
2041,79332.10973901255
2042,79332.10973901255
2043,79332.10973901255
2044,79332.10973901255
2045,79332.10973901255
2046,79332.10973901255
2047,79332.10973901255
2048,79332.10973901255
2049,79332.10973901255
2050,79332.10973901255
2051,79332.10973901255
2052,79332.10973901255
2053,79332.10973901255
2054,79332.10973901255
2055,79332.10973901255
2056,79332.10973901255
2057,79332.10973901255
2058,79332.10973901255
2059,79332.10973901255
2060,79332.10973901255
2061,79332.10973901255
2062,79332.10973901255
2063,79332.10973901255
2064,79332.10973901255
2065,79332.10973901255
2066,79332.10973901255
2067,78974.16373878972
2068,78974.16373878972
2069,78974.16373878972
2070,78974.16373878972
2071,78974.16373878972
2072,78974.16373878972
2073,78974.16373878972
2074,78620.71280007472
2075,78620.71280007472
2076,78620.71280007472
2077,78620.71280007472
2078,78620.71280007472
2079,78620.71280007472
2080,78510.9825518438
2081,78510.9825518438
2082,78510.9825518438
2083,78510.9825518438
2084,78510.9825518438
2085,78510.9825518438
2086,78510.9825518438
2087,78510.9825518438
2088,78510.9825518438
2089,78510.9825518438
2090,78510.9825518438
2091,78510.9825518438
2092,78510.9825518438
2093,78510.9825518438
2094,78510.9825518438
2095,78510.9825518438
2096,78510.9825518438
2097,78510.9825518438
2098,78510.9825518438
2099,78510.9825518438
2100,78510.9825518438
2101,78510.9825518438
2102,78510.9825518438
2103,78510.9825518438
2104,78510.9825518438
2105,78510.9825518438
2106,78510.9825518438
2107,78510.9825518438
2108,78510.9825518438
2109,78510.9825518438
2110,78510.9825518438
2111,78510.9825518438
2112,78510.9825518438
2113,78510.9825518438
2114,78510.9825518438
2115,78510.9825518438
2116,78510.9825518438
2117,78510.9825518438
2118,78510.9825518438
2119,78510.9825518438
2120,78510.9825518438
2121,78510.9825518438
2122,78510.9825518438
2123,78510.9825518438
2124,78510.9825518438
2125,78510.9825518438
2126,78510.9825518438
2127,78510.9825518438
2128,78510.9825518438
2129,78510.9825518438
2130,78510.9825518438
2131,78510.9825518438
2132,78510.9825518438
2133,78510.9825518438
2134,78510.9825518438
2135,78510.9825518438
2136,78510.9825518438
2137,78510.9825518438
2138,78510.9825518438
2139,78510.9825518438
2140,78510.9825518438
2141,78510.9825518438
2142,78510.9825518438
2143,78510.9825518438
2144,78510.9825518438
2145,78510.9825518438
2146,78510.9825518438
2147,78510.9825518438
2148,78510.9825518438
2149,78510.9825518438
2150,78510.9825518438
2151,78510.9825518438
2152,78510.9825518438
2153,78510.9825518438
2154,78510.9825518438
2155,78510.9825518438
2156,78510.9825518438
2157,78510.9825518438
2158,78510.9825518438
2159,78510.9825518438
2160,78510.9825518438
2161,78510.9825518438
2162,78510.9825518438
2163,78510.9825518438
2164,78510.9825518438
2165,78510.9825518438
2166,78510.9825518438
2167,78510.9825518438
2168,78510.9825518438
2169,78510.9825518438
2170,78510.9825518438
2171,78510.9825518438
2172,78510.9825518438
2173,78510.9825518438
2174,78510.9825518438
2175,78510.9825518438
2176,78510.9825518438
2177,78510.9825518438
2178,78510.9825518438
2179,78510.9825518438
2180,78510.9825518438
2181,78510.9825518438
2182,78510.9825518438
2183,78510.9825518438
2184,78510.9825518438
2185,78510.9825518438
2186,78510.9825518438
2187,78510.9825518438
2188,78510.9825518438
2189,78510.9825518438
2190,78510.9825518438
2191,78510.9825518438
2192,78510.9825518438
2193,78510.9825518438
2194,78510.9825518438
2195,78510.9825518438
2196,78510.9825518438
2197,78510.9825518438
2198,78510.9825518438
2199,78510.9825518438
2200,78510.9825518438
2201,78510.9825518438
2202,78510.9825518438
2203,78510.9825518438
2204,78510.9825518438
2205,78510.9825518438
2206,78510.9825518438
2207,78510.9825518438
2208,78510.9825518438
2209,78510.9825518438
2210,78510.9825518438
2211,78510.9825518438
2212,78510.9825518438
2213,78510.9825518438
2214,78510.9825518438
2215,78510.9825518438
2216,78510.9825518438
2217,78510.9825518438
2218,78510.9825518438
2219,78510.9825518438
2220,78510.9825518438
2221,78510.9825518438
2222,78510.9825518438
2223,78510.9825518438
2224,78510.9825518438
2225,78510.9825518438
2226,78510.9825518438
2227,78510.9825518438
2228,78510.9825518438
2229,78510.9825518438
2230,78510.9825518438
2231,78510.9825518438
2232,78510.9825518438
2233,78510.9825518438
2234,78510.9825518438
2235,78510.9825518438
2236,78510.9825518438
2237,78510.9825518438
2238,78510.9825518438
2239,78510.9825518438
2240,78510.9825518438
2241,78510.9825518438
2242,78510.9825518438
2243,78510.9825518438
2244,78510.9825518438
2245,78510.9825518438
2246,78510.9825518438
2247,78510.9825518438
2248,78510.9825518438
2249,78510.9825518438
2250,78510.9825518438
2251,78510.9825518438
2252,78510.9825518438
2253,78510.9825518438
2254,78510.9825518438
2255,78510.9825518438
2256,78510.9825518438
2257,78510.9825518438
2258,78510.9825518438
2259,78510.9825518438
2260,78510.9825518438
2261,78510.9825518438
2262,78510.9825518438
2263,78510.9825518438
2264,78510.9825518438
2265,78510.9825518438
2266,78510.9825518438
2267,78510.9825518438
2268,78510.9825518438
2269,78510.9825518438
2270,78510.9825518438
2271,78510.9825518438
2272,78510.9825518438
2273,78510.9825518438
2274,78510.9825518438
2275,78510.9825518438
2276,78510.9825518438
2277,78510.9825518438
2278,78510.9825518438
2279,78510.9825518438
2280,78510.9825518438
2281,78510.9825518438
2282,78510.9825518438
2283,78510.9825518438
2284,78510.9825518438
2285,78510.9825518438
2286,77069.36626610684
2287,76867.49321005809
2288,76867.49321005809
2289,76867.49321005809
2290,76867.49321005809
2291,76867.49321005809
2292,76867.49321005809
2293,76867.49321005809
2294,76867.49321005809
2295,76867.49321005809
2296,76867.49321005809
2297,76867.49321005809
2298,76867.49321005809
2299,76867.49321005809
2300,76867.49321005809
2301,76867.49321005809
2302,76867.49321005809
2303,76867.49321005809
2304,76867.49321005809
2305,76867.49321005809
2306,76867.49321005809
2307,76867.49321005809
2308,76867.49321005809
2309,76867.49321005809
2310,76867.49321005809
2311,76867.49321005809
2312,76867.49321005809
2313,76816.96986788328
2314,76816.96986788322
2315,76816.96986788322
2316,76816.96986788322
2317,76816.96986788322
2318,76816.96986788322
2319,76816.96986788322
2320,76816.96986788322
2321,76816.96986788322
2322,76816.96986788322
2323,76577.47744017656
2324,76577.47744017656
2325,76577.47744017656
2326,76577.47744017656
2327,76577.47744017656
2328,76577.47744017656
2329,76577.47744017656
2330,76577.47744017656
2331,76577.47744017653
2332,76577.47744017653
2333,76577.47744017653
2334,76577.47744017653
2335,76577.47744017653
2336,76577.47744017653
2337,76577.47744017653
2338,76577.47744017653
2339,76577.47744017653
2340,76577.47744017653
2341,76577.47744017653
2342,76577.47744017653
2343,76577.47744017653
2344,76577.47744017653
2345,76577.47744017653
2346,76577.47744017653
2347,76577.47744017653
2348,76577.47744017653
2349,76577.47744017653
2350,76577.47744017653
2351,76577.47744017653
2352,76577.47744017653
2353,76577.47744017653
2354,76577.4774401765
2355,76577.4774401765
2356,76577.4774401765
2357,76577.4774401765
2358,76577.4774401765
2359,76577.4774401765
2360,76577.4774401765
2361,76577.4774401765
2362,76577.4774401765
2363,76577.4774401765
2364,76577.4774401765
2365,76577.4774401765
2366,76577.4774401765
2367,76577.4774401765
2368,76577.4774401765
2369,76577.4774401765
2370,76577.4774401765
2371,76577.4774401765
2372,76577.4774401765
2373,76577.4774401765
2374,76577.4774401765
2375,76577.4774401765
2376,76577.4774401765
2377,76577.4774401765
2378,76577.4774401765
2379,76577.4774401765
2380,76577.4774401765
2381,76577.4774401765
2382,76577.4774401765
2383,76577.4774401765
2384,76577.4774401765
2385,76577.4774401765
2386,76577.4774401765
2387,76577.4774401765
2388,76577.4774401765
2389,76577.4774401765
2390,76577.4774401765
2391,76577.4774401765
2392,76577.4774401765
2393,76577.4774401765
2394,76577.4774401765
2395,76577.4774401765
2396,76577.4774401765
2397,76577.4774401765
2398,76577.4774401765
2399,76577.4774401765
2400,76577.4774401765
2401,76577.4774401765
2402,76577.4774401765
2403,76577.4774401765
2404,76577.4774401765
2405,76577.4774401765
2406,76577.4774401765
2407,76577.4774401765
2408,76577.4774401765
2409,76577.4774401765
2410,76577.4774401765
2411,76577.4774401765
2412,76577.4774401765
2413,76577.4774401765
2414,76577.4774401765
2415,76577.4774401765
2416,76577.4774401765
2417,76577.4774401765
2418,76577.4774401765
2419,76577.4774401765
2420,76577.4774401765
2421,76577.4774401765
2422,76577.4774401765
2423,76577.4774401765
2424,76577.4774401765
2425,76577.4774401765
2426,76577.4774401765
2427,76577.4774401765
2428,76577.4774401765
2429,76577.4774401765
2430,76577.4774401765
2431,76577.4774401765
2432,76577.4774401765
2433,76577.4774401765
2434,76577.4774401765
2435,76577.4774401765
2436,76577.4774401765
2437,76577.4774401765
2438,76577.4774401765
2439,76577.4774401765
2440,76577.4774401765
2441,76577.47744017642
2442,76577.47744017642
2443,76162.35792911405
2444,76162.35792911405
2445,76162.35792911405
2446,76162.35792911405
2447,76162.35792911405
2448,76162.35792911405
2449,76162.35792911405
2450,76162.35792911405
2451,76162.35792911405
2452,76162.35792911405
2453,76162.35792911405
2454,76162.35792911405
2455,76162.35792911405
2456,76162.35792911405
2457,76162.35792911405
2458,76162.35792911405
2459,76162.35792911405
2460,76162.35792911403
2461,76162.35792911403
2462,76162.35792911403
2463,76162.35792911403
2464,76162.35792911403
2465,76162.35792911403
2466,76162.35792911403
2467,76162.35792911403
2468,76162.35792911403
2469,76162.35792911403
2470,76162.35792911403
2471,76162.35792911403
2472,76162.35792911403
2473,76162.35792911403
2474,76162.35792911403
2475,76162.35792911403
2476,76162.35792911403
2477,76162.35792911403
2478,76162.35792911403
2479,76162.35792911403
2480,76162.35792911403
2481,76162.35792911403
2482,76162.35792911403
2483,76162.35792911403
2484,76162.35792911403
2485,76162.35792911403
2486,76162.35792911403
2487,76162.35792911403
2488,76162.35792911403
2489,76162.35792911403
2490,76162.35792911403
2491,76162.35792911403
2492,76162.35792911403
2493,76162.35792911403
2494,76162.35792911403
2495,76162.35792911403
2496,76162.35792911403
2497,76162.35792911403
2498,76162.35792911403
2499,76162.35792911403
