iteracion,valor_coste
0,1584583.1536804119
1,1127212.446245739
2,1127212.4462457388
3,1127212.4462457388
4,1127212.4462457388
5,1127212.4462457388
6,1127212.4462457388
7,1127212.4462457388
8,1127212.4462457388
9,1127212.4462457383
10,1127212.4462457383
11,1127212.4462457383
12,1127212.4462457383
13,1127212.4462457383
14,956731.0253000071
15,956731.0253000071
16,956731.0253000071
17,938686.6209331005
18,938686.6209331005
19,938686.6209331005
20,938686.6209331005
21,923592.0537160484
22,923592.0537160484
23,923592.0537160484
24,923592.0537160484
25,923592.0537160484
26,891166.5936179026
27,891166.5936179026
28,891166.5936179026
29,891166.5936179026
30,891166.5936179026
31,891166.593617902
32,891166.593617902
33,891166.593617902
34,891166.593617902
35,891166.593617902
36,891166.593617902
37,891166.593617902
38,891166.593617902
39,823148.6715963449
40,823148.6715963449
41,823148.6715963449
42,823148.6715963449
43,823148.6715963449
44,823148.6715963449
45,823148.6715963449
46,823148.6715963449
47,823148.6715963449
48,823148.6715963449
49,823148.6715963449
50,823148.6715963449
51,823148.6715963449
52,823148.6715963449
53,823148.6715963449
54,823148.6715963449
55,823148.6715963449
56,823148.6715963449
57,823148.6715963449
58,823148.6715963449
59,823148.6715963449
60,823148.6715963449
61,823148.6715963449
62,823148.6715963449
63,823148.6715963449
64,823148.6715963449
65,823148.6715963449
66,823148.6715963449
67,823148.6715963449
68,823148.6715963449
69,823148.6715963449
70,823148.6715963449
71,823148.6715963449
72,823148.6715963449
73,823148.6715963449
74,823148.6715963449
75,823148.6715963449
76,823148.6715963449
77,753394.7153351328
78,753394.7153351328
79,753394.7153351328
80,753394.7153351328
81,753394.7153351328
82,753394.7153351328
83,753394.7153351328
84,753394.7153351328
85,753394.7153351328
86,753394.7153351328
87,753394.7153351328
88,753394.7153351328
89,753394.7153351328
90,753394.7153351328
91,753394.7153351328
92,753394.7153351328
93,753394.7153351328
94,753394.7153351328
95,753394.7153351328
96,753394.7153351328
97,753394.7153351328
98,753394.7153351328
99,753394.7153351328
100,753394.7153351328
101,753394.7153351328
102,753394.7153351328
103,753394.7153351328
104,753394.7153351328
105,753394.7153351328
106,753394.7153351328
107,753394.7153351328
108,753394.7153351328
109,753394.7153351328
110,753394.7153351328
111,753394.7153351328
112,753394.7153351328
113,753394.7153351328
114,753394.7153351328
115,753394.7153351328
116,753394.7153351328
117,753394.7153351328
118,749388.2961622592
119,749388.2961622592
120,749388.2961622592
121,749388.2961622592
122,720802.3559818321
123,720802.3559818321
124,720802.3559818321
125,720802.3559818321
126,720802.3559818321
127,720802.3559818321
128,720802.3559818321
129,720802.3559818321
130,720802.3559818321
131,720802.3559818321
132,720802.3559818318
133,720802.3559818318
134,720802.3559818318
135,720802.3559818318
136,720802.3559818318
137,720802.3559818318
138,720802.3559818318
139,720802.3559818318
140,720802.3559818318
141,720802.3559818318
142,720802.3559818318
143,720802.3559818318
144,720802.3559818318
145,720802.3559818318
146,720802.3559818318
147,624242.7390035542
148,624242.7390035542
149,624242.7390035542
150,624242.7390035542
151,624242.7390035542
152,624242.7390035542
153,624242.7390035542
154,624242.7390035542
155,624242.7390035542
156,624242.7390035542
157,624242.7390035542
158,624242.7390035542
159,624242.7390035542
160,624242.7390035542
161,624242.7390035542
162,624242.7390035542
163,624242.7390035542
164,624242.7390035542
165,624242.7390035542
166,624242.7390035542
167,624242.7390035542
168,624242.7390035542
169,624242.7390035542
170,624242.7390035542
171,624242.7390035542
172,624242.7390035542
173,624242.7390035542
174,624242.7390035542
175,624242.7390035542
176,624242.7390035542
177,624242.7390035542
178,624242.7390035542
179,624242.7390035542
180,624242.7390035542
181,624242.7390035542
182,624242.7390035542
183,624242.7390035542
184,624242.7390035542
185,624242.7390035542
186,624242.7390035542
187,624242.7390035542
188,624242.7390035542
189,624242.7390035542
190,624242.7390035542
191,624242.7390035542
192,624242.7390035542
193,624242.7390035542
194,624242.7390035542
195,624242.7390035542
196,624242.7390035542
197,624242.7390035542
198,624242.7390035542
199,624242.7390035542
200,624242.7390035542
201,624242.7390035542
202,624242.7390035542
203,624242.7390035542
204,624242.7390035542
205,624242.7390035542
206,624242.7390035542
207,624242.7390035542
208,624242.7390035542
209,624242.7390035542
210,624242.7390035542
211,624242.7390035542
212,624242.7390035542
213,624242.7390035542
214,624242.7390035542
215,624242.7390035542
216,624242.7390035542
217,624242.7390035542
218,624242.7390035542
219,624242.7390035542
220,624242.7390035542
221,624242.7390035542
222,624242.7390035542
223,624242.7390035542
224,624242.7390035542
225,624242.7390035542
226,624242.7390035542
227,624242.7390035542
228,609226.165476835
229,591063.6567375582
230,591063.6567375582
231,591063.6567375582
232,591063.6567375582
233,591063.6567375582
234,591063.6567375582
235,591063.6567375582
236,591063.6567375582
237,591063.6567375582
238,591063.656737558
239,591063.656737558
240,591063.656737558
241,591063.656737558
242,591063.656737558
243,591063.656737558
244,591063.656737558
245,591063.656737558
246,591063.656737558
247,591063.656737558
248,588861.805941902
249,588861.805941902
250,588861.805941902
251,588861.805941902
252,588861.805941902
253,588861.805941902
254,588861.805941902
255,588861.805941902
256,588861.805941902
257,588861.805941902
258,588861.805941902
259,588861.805941902
260,588861.805941902
261,588861.805941902
262,588861.805941902
263,588861.805941902
264,588861.805941902
265,588861.805941902
266,588861.805941902
267,588861.805941902
268,588861.805941902
269,588861.805941902
270,588672.4031476177
271,588672.4031476177
272,565836.825978222
273,554765.3023721752
274,554765.3023721752
275,554765.3023721752
276,554765.3023721752
277,554765.3023721752
278,554765.3023721752
279,554765.3023721752
280,554765.3023721752
281,536969.1415465664
282,536969.1415465664
283,536969.1415465664
284,536969.1415465664
285,536969.1415465664
286,536969.1415465664
287,536969.1415465664
288,536969.1415465664
289,536969.1415465664
290,536969.1415465664
291,536969.1415465664
292,536969.1415465664
293,536969.1415465664
294,525500.1401815166
295,525500.1401815165
296,525500.1401815165
297,525500.1401815165
298,525500.1401815165
299,525500.1401815165
300,525500.1401815165
301,525500.1401815165
302,525500.1401815165
303,525500.1401815165
304,525500.1401815165
305,525500.1401815165
306,525500.1401815165
307,525500.1401815165
308,525500.1401815165
309,525500.1401815165
310,525500.1401815165
311,525500.1401815165
312,525500.1401815165
313,525500.1401815165
314,525500.1401815165
315,525500.1401815165
316,525500.1401815165
317,525500.1401815165
318,525500.1401815165
319,525500.1401815165
320,525500.1401815165
321,525500.1401815165
322,525500.1401815165
323,525500.1401815165
324,525500.1401815165
325,525500.1401815165
326,525500.1401815165
327,525500.1401815165
328,525500.1401815165
329,525500.1401815165
330,525500.1401815165
331,525500.1401815165
332,525500.1401815165
333,525500.1401815165
334,525500.1401815165
335,525500.1401815165
336,515714.3914351981
337,515714.3914351981
338,515714.3914351981
339,515714.39143519796
340,515714.39143519796
341,515714.39143519796
342,515714.39143519796
343,499195.1881091389
344,499195.1881091389
345,499195.1881091389
346,474725.8419529975
347,474725.8419529975
348,474725.8419529975
349,474725.8419529975
350,474725.8419529975
351,474725.8419529975
352,474725.8419529975
353,474725.8419529975
354,474725.8419529975
355,474725.8419529975
356,474725.8419529975
357,474725.8419529975
358,474725.8419529975
359,474725.8419529975
360,474725.8419529975
361,474725.8419529975
362,474725.8419529975
363,474725.8419529975
364,474725.8419529975
365,474725.8419529975
366,474725.8419529975
367,474725.8419529975
368,474725.8419529975
369,474725.8419529975
370,474725.8419529975
371,474725.8419529975
372,474725.8419529975
373,474725.8419529975
374,474725.8419529975
375,474725.8419529975
376,474725.84195299743
377,474725.84195299743
378,474725.8419529974
379,474725.8419529974
380,474725.8419529974
381,474725.8419529974
382,474725.8419529974
383,474725.8419529972
384,474725.8419529972
385,458849.5850831231
386,458849.5850831231
387,458849.5850831231
388,458849.5850831231
389,458849.5850831231
390,458849.5850831231
391,458849.5850831231
392,458849.5850831231
393,458849.5850831231
394,458849.5850831231
395,458849.5850831231
396,458849.5850831231
397,458849.5850831231
398,458849.5850831231
399,458849.5850831231
400,458849.5850831231
401,458849.5850831231
402,458849.5850831231
403,458849.5850831231
404,458849.5850831231
405,443798.6576360193
406,443798.6576360193
407,443798.6576360193
408,443798.6576360193
409,419130.15585695644
410,419130.15585695644
411,419130.15585695644
412,419130.15585695644
413,419130.15585695644
414,419130.15585695644
415,419130.15585695644
416,419130.15585695644
417,419130.15585695644
418,419130.15585695644
419,419130.15585695644
420,419130.15585695644
421,419130.15585695644
422,419130.15585695644
423,419130.15585695644
424,419130.15585695644
425,419130.15585695644
426,419130.15585695644
427,419130.15585695644
428,419130.15585695644
429,419130.15585695644
430,419130.15585695644
431,419130.15585695644
432,419130.15585695644
433,419130.15585695644
434,419130.15585695644
435,419130.15585695644
436,419130.15585695644
437,419130.15585695644
438,419130.15585695644
439,419130.15585695644
440,419130.15585695644
441,419130.15585695644
442,419130.15585695644
443,419130.15585695644
444,336727.81551460543
445,331931.0939708019
446,331931.0939708019
447,239306.1520036851
448,239306.1520036851
449,239306.1520036851
450,239306.1520036851
451,239306.1520036851
452,239306.1520036851
453,239306.1520036851
454,239306.1520036851
455,239306.1520036851
456,239306.1520036851
457,239306.1520036851
458,239306.1520036851
459,239306.1520036851
460,239306.1520036851
461,239306.1520036851
462,239306.1520036851
463,239306.1520036851
464,239306.1520036851
465,239306.1520036851
466,239306.1520036851
467,239306.1520036851
468,239306.1520036851
469,239306.1520036851
470,239306.1520036851
471,239306.1520036851
472,239306.1520036851
473,239306.1520036851
474,239306.1520036851
475,239306.1520036851
476,239306.1520036851
477,239306.1520036851
478,239306.1520036851
479,239306.1520036851
480,239306.1520036851
481,239306.1520036851
482,239306.1520036851
483,239306.1520036851
484,239306.1520036851
485,239306.1520036851
486,239306.1520036851
487,239306.1520036851
488,239306.1520036851
489,239306.1520036851
490,239306.1520036851
491,239306.1520036851
492,239306.1520036851
493,239306.1520036851
494,239306.1520036851
495,239306.1520036851
496,239306.1520036851
497,239306.1520036851
498,239306.1520036851
499,239306.1520036851
500,239306.1520036851
501,239306.1520036851
502,239306.1520036851
503,239306.1520036851
504,239306.1520036851
505,239306.1520036851
506,239306.1520036851
507,224722.95334789625
508,224722.95334789625
509,224722.95334789605
510,224722.95334789605
511,224722.95334789605
512,224722.95334789605
513,224722.95334789605
514,224722.95334789605
515,224722.95334789605
516,224722.95334789605
517,224722.95334789605
518,224722.95334789605
519,224722.95334789605
520,224722.95334789605
521,224722.95334789605
522,224722.95334789605
523,224722.95334789605
524,224722.95334789605
525,224722.95334789605
526,224722.95334789605
527,224722.95334789605
528,224722.95334789605
529,224722.95334789605
530,224722.95334789605
531,224722.95334789605
532,224722.95334789605
533,224722.95334789605
534,224722.95334789605
535,224722.95334789596
536,224722.95334789596
537,224722.95334789596
538,224722.95334789596
539,224722.95334789596
540,224722.95334789596
541,224722.95334789596
542,224722.95334789596
543,224722.95334789596
544,224722.95334789596
545,224722.95334789596
546,224722.95334789596
547,224722.95334789596
548,224722.95334789596
549,224722.95334789596
550,224722.95334789596
551,224722.95334789596
552,224722.95334789596
553,224722.95334789596
554,224722.95334789596
555,224722.95334789596
556,224722.95334789596
557,224722.95334789596
558,224722.95334789596
559,224722.95334789593
560,224722.95334789593
561,224722.95334789593
562,224722.95334789593
563,224722.95334789593
564,224722.95334789593
565,224722.95334789593
566,224722.95334789593
567,224722.95334789593
568,224722.95334789593
569,224722.95334789593
570,224722.95334789593
571,224722.95334789593
572,224722.95334789593
573,224722.95334789593
574,224722.95334789593
575,224722.95334789593
576,224722.95334789593
577,224722.95334789593
578,224722.95334789593
579,224722.95334789593
580,224722.95334789593
581,224722.95334789593
582,224722.95334789593
583,224722.95334789593
584,224722.95334789593
585,224722.95334789593
586,224722.95334789593
587,224722.95334789593
588,224722.95334789593
589,224722.95334789593
590,224722.95334789593
591,224722.95334789593
592,219263.75848087334
593,219263.75848087334
594,219263.75848087334
595,219263.75848087334
596,219263.75848087334
597,219263.75848087334
598,219263.75848087334
599,219263.75848087334
600,219263.75848087334
601,219263.75848087334
602,219263.75848087334
603,219263.75848087334
604,219263.75848087334
605,219263.75848087334
606,219263.75848087334
607,219263.75848087334
608,219263.75848087334
609,219263.75848087334
610,219263.75848087334
611,219263.75848087334
612,219263.75848087334
613,219263.75848087334
614,219263.75848087334
615,219263.75848087334
616,219263.75848087334
617,219263.75848087334
618,219263.75848087334
619,219263.75848087334
620,219263.75848087334
621,219263.75848087334
622,219263.75848087334
623,219263.75848087334
624,219263.75848087334
625,219263.75848087334
626,219263.75848087334
627,219263.75848087334
628,219263.75848087334
629,219263.75848087334
630,219263.75848087334
631,219263.75848087334
632,219263.75848087334
633,219263.75848087334
634,219263.75848087334
635,209953.62284789866
636,209953.62284789866
637,209953.62284789866
638,209953.62284789866
639,194396.49833522364
640,194396.49833522364
641,194396.49833522364
642,194396.49833522364
643,194396.49833522364
644,194396.49833522364
645,194396.49833522364
646,194396.49833522364
647,194396.49833522364
648,194396.49833522364
649,194396.49833522364
650,194396.49833522364
651,194396.49833522364
652,194396.49833522364
653,191766.13178802526
654,191766.13178802526
655,191766.13178802526
656,187923.60754662086
657,187923.60754662086
658,187923.60754662086
659,187923.60754662086
660,187923.60754662086
661,187923.60754662086
662,187923.60754662086
663,187923.60754662086
664,187923.60754662086
665,187923.60754662086
666,187923.60754662086
667,187923.60754662086
668,187923.60754662086
669,187923.60754662086
670,187923.6075466207
671,187923.6075466207
672,187923.6075466207
673,168972.1424474852
674,168972.14244748518
675,145316.1746910186
676,145316.1746910186
677,145316.1746910186
678,145316.1746910186
679,145316.1746910186
680,145316.1746910186
681,145316.1746910186
682,145316.1746910186
683,145316.1746910186
684,145316.1746910186
685,145316.1746910186
686,145316.1746910186
687,145316.1746910186
688,145316.1746910186
689,145316.1746910186
690,145316.1746910186
691,145316.1746910186
692,145316.1746910186
693,145316.1746910186
694,145316.1746910186
695,145316.1746910186
696,145316.1746910186
697,145316.1746910186
698,145316.1746910186
699,145316.1746910186
700,145316.1746910186
701,145316.17469101853
702,145316.17469101853
703,145316.17469101853
704,145316.17469101853
705,145316.17469101853
706,145316.17469101853
707,145316.17469101853
708,145316.17469101853
709,145316.17469101853
710,145316.17469101853
711,145316.17469101853
712,145316.17469101853
713,145316.17469101853
714,145316.17469101853
715,145316.17469101853
716,145316.17469101853
717,145316.17469101847
718,145316.17469101847
719,145316.17469101847
720,145316.17469101847
721,145316.17469101847
722,145316.17469101847
723,145316.17469101847
724,145316.17469101847
725,145316.17469101847
726,145316.17469101847
727,145316.17469101847
728,145316.17469101847
729,145316.17469101847
730,145316.17469101847
731,145316.17469101847
732,145316.17469101847
733,145316.17469101842
734,145316.17469101842
735,145316.17469101842
736,145316.17469101842
737,145316.17469101842
738,145316.17469101842
739,145316.17469101842
740,145316.17469101842
741,145316.17469101842
742,145316.17469101842
743,145316.17469101842
744,145316.17469101842
745,145316.17469101842
746,145316.17469101842
747,145316.17469101842
748,145316.17469101842
749,145316.17469101842
750,145316.17469101842
751,145316.17469101842
752,145316.17469101842
753,145316.17469101842
754,145316.17469101842
755,145316.17469101842
756,145316.17469101842
757,145316.17469101842
758,145316.17469101842
759,145316.17469101842
760,145316.17469101842
761,145316.17469101842
762,145316.17469101842
763,145316.17469101842
764,145316.17469101842
765,145316.17469101842
766,145316.17469101842
767,145316.17469101842
768,145316.17469101842
769,145316.17469101842
770,145316.17469101842
771,145316.17469101842
772,145022.5260524769
773,145022.5260524769
774,145022.5260524769
775,145022.5260524769
776,145022.5260524769
777,145022.5260524769
778,145022.5260524769
779,145022.5260524769
780,145022.5260524769
781,145022.5260524769
782,145022.5260524769
783,142882.06205355033
784,142882.06205355033
785,142882.06205355033
786,142882.06205355033
787,142882.06205355033
788,139287.86386095049
789,139287.86386095049
790,139287.86386095049
791,139287.86386095049
792,139287.86386095049
793,139287.86386095049
794,139287.86386095049
795,139287.86386095049
796,139287.86386095049
797,139287.86386095049
798,139287.86386095049
799,136490.95247872194
800,136490.95247872194
801,136490.95247872194
802,136490.95247872194
803,136490.95247872194
804,136490.95247872194
805,136490.95247872194
806,136490.95247872194
807,136490.95247872194
808,136490.95247872194
809,136490.95247872194
810,136490.95247872194
811,136490.95247872194
812,136490.95247872194
813,136490.95247872194
814,136490.95247872194
815,136490.95247872194
816,136490.95247872194
817,136490.95247872194
818,136490.95247872194
819,136490.95247872194
820,136490.95247872194
821,136490.95247872194
822,136490.95247872194
823,136490.95247872194
824,136490.95247872194
825,136490.95247872194
826,136490.95247872194
827,136490.95247872194
828,136490.95247872194
829,136490.95247872194
830,136490.95247872194
831,136490.95247872194
832,136490.95247872194
833,136490.95247872194
834,136490.95247872194
835,136490.95247872194
836,132420.69212189445
837,132420.69212189445
838,132420.69212189445
839,132420.69212189445
840,132420.69212189445
841,132420.69212189445
842,132420.69212189445
843,132420.69212189445
844,132420.69212189445
845,132420.69212189445
846,132420.69212189445
847,132420.69212189445
848,132420.69212189445
849,132420.69212189445
850,132420.69212189445
851,132420.69212189445
852,132420.69212189445
853,126446.29855910798
854,126446.29855910798
855,126446.29855910798
856,126446.29855910798
857,126446.29855910798
858,126446.29855910798
859,126446.29855910798
860,126446.29855910798
861,126446.29855910798
862,126446.29855910798
863,126446.29855910798
864,126446.29855910798
865,126446.29855910798
866,126446.29855910798
867,126446.29855910798
868,126446.29855910798
869,126446.29855910798
870,126446.29855910798
871,126446.29855910798
872,126446.29855910798
873,126446.29855910798
874,126446.29855910798
875,126446.29855910798
876,126446.29855910798
877,126446.29855910798
878,126446.29855910798
879,126446.29855910798
880,126446.29855910798
881,126446.29855910798
882,126446.29855910798
883,126446.29855910798
884,126446.29855910798
885,126446.29855910798
886,126446.29855910798
887,126446.29855910798
888,126446.29855910798
889,126446.29855910798
890,126446.29855910798
891,126446.29855910798
892,126446.29855910798
893,126446.29855910798
894,126446.29855910798
895,126446.29855910798
896,126446.29855910798
897,126446.29855910798
898,126446.29855910798
899,126446.29855910798
900,126446.29855910798
901,126446.29855910798
902,126446.29855910798
903,126446.29855910798
904,126446.29855910798
905,126446.29855910798
906,126446.29855910798
907,126446.29855910798
908,126446.29855910798
909,126446.29855910798
910,126446.29855910798
911,126446.29855910798
912,126446.29855910798
913,126446.29855910798
914,126446.29855910798
915,126446.29855910798
916,126446.29855910798
917,126446.29855910798
918,126446.29855910798
919,126446.29855910798
920,126446.29855910798
921,126446.29855910798
922,126446.29855910798
923,126446.29855910798
924,126446.29855910798
925,126446.29855910798
926,126446.29855910798
927,126446.29855910798
928,126446.29855910798
929,126446.29855910798
930,126446.29855910798
931,126446.29855910798
932,126446.29855910798
933,123276.49987321478
934,123276.49987321478
935,123276.49987321478
936,123276.49987321478
937,123276.49987321478
938,123276.49987321478
939,123276.49987321478
940,123276.49987321478
941,123276.49987321478
942,123276.49987321478
943,123276.49987321478
944,123276.49987321478
945,123276.49987321478
946,123276.49987321478
947,123276.49987321478
948,123276.49987321478
949,123276.49987321478
950,123276.49987321478
951,123276.49987321478
952,123276.49987321478
953,123276.49987321478
954,123276.49987321478
955,123276.49987321478
956,123276.49987321478
957,123276.49987321478
958,123276.49987321478
959,123276.49987321478
960,123276.49987321478
961,123276.49987321478
962,123276.49987321478
963,123276.49987321478
964,123276.49987321478
965,123276.49987321478
966,123276.49987321478
967,123276.49987321478
968,123276.49987321478
969,123276.49987321478
970,123276.49987321478
971,123276.49987321478
972,123276.49987321478
973,123276.49987321478
974,123276.49987321478
975,123276.49987321478
976,123276.49987321478
977,123276.49987321478
978,123276.49987321478
979,123276.49987321478
980,123276.49987321478
981,123276.49987321478
982,123276.49987321478
983,123276.49987321478
984,123276.49987321478
985,123276.49987321478
986,123276.49987321478
987,123276.49987321478
988,123276.49987321478
989,123276.49987321478
990,123276.49987321478
991,123276.49987321478
992,123276.49987321478
993,123276.49987321478
994,123276.49987321478
995,123276.49987321478
996,123276.49987321478
997,123276.49987321478
998,123276.49987321478
999,123276.49987321478
1000,123276.49987321478
1001,123276.49987321478
1002,123276.49987321478
1003,123276.49987321478
1004,123276.49987321478
1005,123276.49987321478
1006,123276.49987321478
1007,123276.49987321478
1008,123276.49987321478
1009,123276.49987321478
1010,123276.49987321478
1011,123276.49987321478
1012,123276.49987321478
1013,123276.49987321478
1014,123276.49987321478
1015,123276.49987321478
1016,123276.49987321478
1017,123276.49987321478
1018,123276.49987321478
1019,123276.49987321478
1020,123276.49987321478
1021,123276.49987321478
1022,123276.49987321478
1023,123276.49987321478
1024,123276.49987321478
1025,123276.49987321478
1026,123276.49987321478
1027,123276.49987321478
1028,123276.49987321478
1029,123276.49987321478
1030,123276.49987321478
1031,123276.49987321478
1032,123276.49987321478
1033,123276.49987321478
1034,123276.49987321478
1035,123276.49987321478
1036,123276.49987321478
1037,123276.49987321478
1038,123276.49987321478
1039,123276.49987321478
1040,123276.49987321478
1041,123276.49987321478
1042,123276.49987321478
1043,123276.49987321478
1044,123276.49987321478
1045,123276.49987321478
1046,123276.49987321478
1047,123276.49987321478
1048,123276.49987321478
1049,123276.49987321478
1050,123276.49987321478
1051,123276.49987321478
1052,123276.49987321478
1053,123276.49987321478
1054,123276.49987321478
1055,123276.49987321478
1056,123276.49987321478
1057,123276.49987321478
1058,123276.49987321478
1059,123276.49987321478
1060,123276.49987321478
1061,123276.49987321478
1062,123276.49987321478
1063,123276.49987321478
1064,123276.49987321478
1065,123276.49987321478
1066,123276.49987321478
1067,123276.49987321478
1068,123276.49987321478
1069,123276.49987321478
1070,123276.49987321478
1071,123276.49987321478
1072,123276.49987321478
1073,123276.49987321478
1074,123276.49987321478
1075,123276.49987321478
1076,123276.49987321478
1077,123276.49987321478
1078,123276.49987321478
1079,123276.49987321478
1080,123276.49987321478
1081,123276.49987321478
1082,123276.49987321478
1083,123276.49987321478
1084,123276.49987321478
1085,123276.49987321478
1086,123276.49987321478
1087,123276.49987321478
1088,123276.49987321478
1089,123276.49987321478
1090,123276.49987321478
1091,123276.49987321477
1092,123276.49987321477
1093,123276.49987321477
1094,123276.49987321477
1095,123276.49987321477
1096,123276.49987321477
1097,123276.49987321477
1098,123276.49987321477
1099,122448.13558554377
1100,106709.49844544909
1101,106709.49844544909
1102,106709.49844544909
1103,106709.49844544909
1104,106709.49844544909
1105,106709.49844544909
1106,106709.49844544909
1107,106709.49844544909
1108,106709.49844544909
1109,106709.49844544909
1110,106709.49844544909
1111,106709.49844544909
1112,106709.49844544909
1113,106709.49844544909
1114,106709.49844544909
1115,106709.49844544909
1116,106709.49844544909
1117,106709.49844544909
1118,106709.49844544909
1119,106709.49844544909
1120,106709.49844544909
1121,106709.49844544909
1122,106709.49844544909
1123,106709.49844544909
1124,106709.49844544909
1125,106709.49844544906
1126,106709.49844544906
1127,106709.49844544906
1128,106709.49844544906
1129,106709.49844544906
1130,106709.49844544906
1131,106709.49844544906
1132,106709.49844544906
1133,106709.49844544906
1134,106709.49844544906
1135,106709.49844544906
1136,106709.49844544906
1137,106709.49844544906
1138,106709.49844544906
1139,106709.49844544906
1140,106709.49844544906
1141,106709.49844544906
1142,106709.49844544906
1143,106709.49844544906
1144,106709.49844544906
1145,106709.49844544906
1146,106709.49844544906
1147,106709.49844544906
1148,106709.49844544906
1149,106709.49844544906
1150,106709.49844544906
1151,106709.49844544906
1152,106709.49844544906
1153,106709.49844544906
1154,106709.49844544906
1155,106709.49844544906
1156,106709.49844544906
1157,106709.49844544906
1158,106709.49844544906
1159,106709.49844544906
1160,106709.49844544906
1161,106709.49844544906
1162,106709.49844544906
1163,106709.49844544906
1164,106709.49844544906
1165,106709.49844544906
1166,106709.49844544906
1167,106709.49844544906
1168,106709.49844544906
1169,106709.49844544906
1170,106709.49844544906
1171,106709.49844544906
1172,106709.49844544906
1173,106709.49844544906
1174,106709.49844544906
1175,106709.49844544906
1176,106709.49844544906
1177,106709.49844544906
1178,106709.49844544906
1179,106709.49844544906
1180,106709.49844544906
1181,106709.49844544906
1182,106709.49844544906
1183,106709.49844544906
1184,106709.49844544906
1185,106709.49844544906
1186,106709.49844544906
1187,106709.49844544906
1188,106709.49844544906
1189,106709.49844544906
1190,106709.49844544906
1191,106709.49844544906
1192,106709.49844544906
1193,106709.49844544906
1194,106709.49844544906
1195,106709.49844544906
1196,106709.49844544906
1197,106709.49844544906
1198,106709.49844544906
1199,106709.49844544906
1200,106709.49844544906
1201,106709.49844544906
1202,106709.49844544906
1203,106709.49844544906
1204,106709.49844544906
1205,106709.49844544906
1206,106709.49844544906
1207,106709.49844544906
1208,106709.49844544906
1209,106709.49844544906
1210,106709.49844544906
1211,106709.49844544906
1212,106709.49844544906
1213,106709.49844544906
1214,106709.49844544906
1215,106709.49844544906
1216,106709.49844544903
1217,106709.49844544903
1218,106709.49844544903
1219,106709.49844544903
1220,106709.49844544903
1221,106709.49844544903
1222,106709.49844544903
1223,106709.49844544903
1224,106709.49844544903
1225,106709.49844544903
1226,106709.49844544903
1227,106709.49844544903
1228,106709.49844544903
1229,106709.49844544903
1230,106709.49844544903
1231,106709.49844544903
1232,106709.49844544903
1233,106709.49844544903
1234,106709.49844544903
1235,106709.49844544903
1236,106709.49844544903
1237,106709.49844544903
1238,106709.49844544903
1239,106709.49844544903
1240,106709.49844544903
1241,106709.49844544903
1242,106709.49844544903
1243,106709.49844544903
1244,106709.49844544903
1245,106709.49844544903
1246,106709.49844544903
1247,106709.49844544903
1248,106709.49844544903
1249,106709.498445449
1250,106709.498445449
1251,106709.498445449
1252,106709.498445449
1253,106709.498445449
1254,106709.498445449
1255,106709.498445449
1256,106709.498445449
1257,106709.498445449
1258,106709.498445449
1259,106709.498445449
1260,106709.498445449
1261,106709.498445449
1262,106709.498445449
1263,106709.498445449
1264,106709.498445449
1265,106709.498445449
1266,106709.498445449
1267,106709.498445449
1268,106709.498445449
1269,106709.498445449
1270,106709.498445449
1271,106709.498445449
1272,106709.498445449
1273,106709.498445449
1274,106709.498445449
1275,106709.498445449
1276,106709.498445449
1277,106709.498445449
1278,106709.498445449
1279,106709.498445449
1280,106709.498445449
1281,106709.498445449
1282,106709.498445449
1283,106709.498445449
1284,106709.498445449
1285,106709.498445449
1286,106709.498445449
1287,106709.498445449
1288,106709.498445449
1289,106709.498445449
1290,106709.498445449
1291,106709.498445449
1292,106709.498445449
1293,103637.82889303523
1294,103637.82889303523
1295,103637.82889303523
1296,103637.82889303523
1297,103637.82889303523
1298,103637.82889303523
1299,103637.82889303523
1300,103637.82889303523
1301,103637.82889303523
1302,103637.82889303523
1303,103637.82889303523
1304,103637.82889303523
1305,103637.82889303523
1306,103637.82889303523
1307,103637.82889303523
1308,103637.82889303523
1309,103637.82889303523
1310,103637.82889303523
1311,103637.82889303523
1312,103637.82889303523
1313,103637.82889303523
1314,103637.82889303523
1315,103637.82889303523
1316,103637.82889303523
1317,103637.82889303523
1318,103637.82889303523
1319,103637.82889303523
1320,103637.82889303523
1321,103637.82889303523
1322,103637.82889303523
1323,103637.82889303523
1324,103637.82889303523
1325,103637.82889303523
1326,103637.82889303523
1327,103637.82889303523
1328,103637.82889303523
1329,103637.82889303523
1330,103637.82889303523
1331,103637.82889303523
1332,103637.82889303523
1333,103637.82889303523
1334,103637.82889303523
1335,103637.82889303523
1336,103637.82889303523
1337,103637.82889303523
1338,103637.82889303523
1339,103637.82889303523
1340,103637.82889303523
1341,103637.82889303523
1342,103637.82889303523
1343,103637.82889303523
1344,103637.82889303523
1345,103637.82889303523
1346,103637.82889303523
1347,103637.82889303523
1348,103103.0019977817
1349,103103.0019977817
1350,103103.0019977817
1351,103103.0019977817
1352,103103.0019977817
1353,103103.0019977817
1354,103103.0019977817
1355,103103.0019977817
1356,103103.0019977817
1357,103103.0019977817
1358,103103.0019977817
1359,103103.0019977817
1360,103103.0019977817
1361,103103.0019977817
1362,103103.0019977817
1363,103103.00199778164
1364,103103.00199778164
1365,103103.00199778164
1366,103103.00199778164
1367,103103.00199778164
1368,103103.00199778164
1369,103103.00199778164
1370,103103.00199778164
1371,103103.00199778164
1372,103103.00199778164
1373,103103.00199778164
1374,103103.00199778164
1375,103103.00199778164
1376,103103.00199778164
1377,103103.00199778164
1378,103103.00199778164
1379,103103.00199778164
1380,103103.00199778164
1381,103103.00199778164
1382,103103.00199778164
1383,103103.00199778164
1384,103103.00199778164
1385,103103.00199778164
1386,103103.00199778164
1387,103103.00199778164
1388,103103.00199778164
1389,103103.00199778164
1390,99187.62198666943
1391,99187.62198666943
1392,99187.62198666939
1393,99187.62198666939
1394,99187.62198666939
1395,99187.62198666939
1396,99187.62198666939
1397,99187.62198666939
1398,99187.62198666939
1399,99187.62198666939
1400,99187.62198666939
1401,99187.62198666939
1402,99187.62198666939
1403,99187.62198666939
1404,99187.62198666939
1405,99187.62198666939
1406,99187.62198666939
1407,99187.62198666939
1408,99187.62198666939
1409,99187.62198666939
1410,99187.62198666939
1411,99187.62198666939
1412,99187.62198666939
1413,99187.62198666939
1414,99187.62198666939
1415,99187.62198666939
1416,99187.62198666939
1417,99187.62198666939
1418,99187.62198666939
1419,99187.62198666939
1420,99187.62198666939
1421,99187.62198666939
1422,99187.62198666939
1423,99187.62198666939
1424,99187.62198666939
1425,99187.62198666939
1426,99187.62198666939
1427,99187.62198666939
1428,99187.62198666939
1429,99187.62198666939
1430,99187.62198666939
1431,99187.62198666939
1432,99187.62198666939
1433,98233.74128955138
1434,98233.74128955138
1435,98233.74128955138
1436,98233.74128955138
1437,98233.74128955138
1438,98233.74128955138
1439,98233.74128955138
1440,98233.74128955138
1441,98233.74128955138
1442,98233.74128955138
1443,98233.74128955138
1444,98233.74128955138
1445,98233.74128955138
1446,98233.74128955138
1447,98233.74128955138
1448,98233.74128955138
1449,98233.74128955138
1450,98233.74128955138
1451,98233.74128955138
1452,98233.74128955138
1453,98233.74128955138
1454,98233.74128955138
1455,98233.74128955138
1456,98233.74128955138
1457,98233.74128955138
1458,98233.74128955138
1459,98233.74128955138
1460,98233.74128955138
1461,98233.74128955138
1462,98233.74128955138
1463,98233.74128955138
1464,98233.74128955138
1465,98233.74128955138
1466,98233.74128955138
1467,98233.74128955138
1468,98233.74128955138
1469,98233.74128955138
1470,98233.74128955138
1471,98233.74128955138
1472,98233.74128955138
1473,98233.74128955138
1474,98233.74128955138
1475,98233.74128955138
1476,98233.74128955138
1477,98233.74128955138
1478,98233.74128955138
1479,98233.74128955138
1480,98233.74128955138
1481,98233.74128955138
1482,98233.74128955138
1483,98233.74128955138
1484,98233.74128955138
1485,98233.74128955138
1486,98233.74128955138
1487,98233.74128955138
1488,98233.74128955138
1489,98233.74128955138
1490,98233.74128955138
1491,98233.74128955138
1492,98233.74128955138
1493,98233.74128955138
1494,98233.74128955138
1495,98233.74128955138
1496,98233.74128955138
1497,98233.74128955138
1498,98233.74128955138
1499,98233.74128955138
1500,98233.74128955138
1501,98233.74128955138
1502,97327.51451480236
1503,97327.51451480236
1504,97327.51451480236
1505,97327.51451480236
1506,97327.51451480236
1507,97327.51451480236
1508,97327.51451480236
1509,97327.51451480236
1510,97327.51451480236
1511,97327.51451480236
1512,97327.51451480236
1513,97327.51451480236
1514,97327.51451480236
1515,97327.51451480236
1516,97327.51451480236
1517,97327.51451480236
1518,97327.51451480236
1519,97327.51451480236
1520,97327.51451480236
1521,97327.51451480236
1522,97327.51451480236
1523,97327.51451480236
1524,97327.51451480236
1525,97327.51451480236
1526,97327.51451480236
1527,97327.51451480236
1528,97327.51451480236
1529,97327.51451480236
1530,97327.51451480236
1531,97327.51451480236
1532,97327.51451480236
1533,97327.51451480236
1534,97327.51451480236
1535,97327.51451480236
1536,97327.51451480236
1537,97327.51451480236
1538,97327.51451480236
1539,97327.51451480236
1540,97327.51451480236
1541,97327.51451480236
1542,97327.51451480236
1543,97327.51451480236
1544,97327.51451480236
1545,97327.51451480236
1546,97327.51451480236
1547,97327.51451480236
1548,97327.51451480236
1549,97327.51451480236
1550,97327.51451480236
1551,97327.51451480236
1552,97327.51451480236
1553,97327.51451480236
1554,97327.51451480236
1555,97327.51451480236
1556,97327.51451480236
1557,97327.51451480236
1558,97327.51451480236
1559,97327.51451480236
1560,97327.51451480236
1561,97327.51451480236
1562,97327.51451480236
1563,97327.51451480236
1564,97327.51451480236
1565,97327.51451480236
1566,97327.51451480236
1567,97327.51451480236
1568,97327.51451480236
1569,97327.51451480236
1570,97327.51451480236
1571,97327.51451480236
1572,97327.51451480236
1573,97327.51451480236
1574,97327.51451480236
1575,97327.51451480236
1576,97327.51451480236
1577,97327.51451480236
1578,97327.51451480236
1579,97327.51451480236
1580,97327.51451480236
1581,97327.51451480236
1582,97327.51451480236
1583,97327.51451480236
1584,97327.51451480236
1585,97327.51451480236
1586,97327.51451480236
1587,97327.51451480236
1588,97327.51451480236
1589,97327.51451480236
1590,97327.51451480236
1591,97327.51451480236
1592,97327.51451480236
1593,95956.9685133496
1594,95956.9685133496
1595,95956.9685133496
1596,95956.9685133496
1597,95956.9685133496
1598,95956.9685133496
1599,95956.9685133496
1600,95956.9685133496
1601,95956.9685133496
1602,95956.9685133496
1603,95956.9685133496
1604,95956.9685133496
1605,95956.9685133496
1606,95956.9685133496
1607,95956.9685133496
1608,95956.9685133496
1609,95956.9685133496
1610,95956.9685133496
1611,95956.9685133496
1612,95956.9685133496
1613,95956.9685133496
1614,95956.9685133496
1615,95956.9685133496
1616,95956.9685133496
1617,95956.9685133496
1618,95956.9685133496
1619,95956.9685133496
1620,95956.9685133496
1621,95956.9685133496
1622,95956.9685133496
1623,95956.9685133496
1624,95956.9685133496
1625,95956.9685133496
1626,95956.9685133496
1627,95956.9685133496
1628,95956.9685133496
1629,95956.9685133496
1630,95956.9685133496
1631,95956.9685133496
1632,95956.9685133496
1633,95956.9685133496
1634,95956.9685133496
1635,95956.9685133496
1636,95956.9685133496
1637,95956.9685133496
1638,95956.9685133496
1639,95956.9685133496
1640,95956.9685133496
1641,95956.9685133496
1642,95956.9685133496
1643,95956.96851334957
1644,95956.96851334957
1645,95956.96851334957
1646,95956.96851334957
1647,95956.96851334957
1648,95956.96851334957
1649,95956.96851334957
1650,95956.96851334957
1651,95956.96851334957
1652,95956.96851334957
1653,95956.96851334957
1654,95956.96851334957
1655,95956.96851334957
1656,95956.96851334957
1657,95956.96851334957
1658,95956.96851334957
1659,95956.96851334957
1660,95956.96851334957
1661,95956.96851334957
1662,95956.96851334957
1663,95956.96851334957
1664,95956.96851334957
1665,95956.96851334957
1666,95956.96851334957
1667,95956.96851334957
1668,95956.96851334957
1669,95956.96851334957
1670,95956.96851334957
1671,95956.96851334957
1672,95956.96851334957
1673,95956.96851334957
1674,95956.96851334957
1675,95956.96851334957
1676,95956.96851334957
1677,95956.96851334957
1678,95956.96851334957
1679,95956.96851334957
1680,95956.96851334957
1681,95956.96851334957
1682,95956.96851334957
1683,95956.96851334957
1684,95956.96851334957
1685,95956.96851334957
1686,95956.96851334957
1687,95956.96851334957
1688,95956.96851334957
1689,95956.96851334957
1690,95956.96851334957
1691,95956.96851334957
1692,95956.96851334957
1693,95956.96851334957
1694,95956.96851334957
1695,95956.96851334957
1696,95956.96851334957
1697,95956.96851334957
1698,95956.96851334957
1699,95956.96851334957
1700,95956.96851334957
1701,95956.96851334957
1702,95956.96851334957
1703,95956.96851334957
1704,95956.96851334957
1705,95956.96851334957
1706,95956.96851334957
1707,95956.96851334957
1708,95956.96851334957
1709,95956.96851334957
1710,95956.96851334957
1711,95956.96851334957
1712,95956.96851334957
1713,95956.96851334957
1714,95956.96851334957
1715,95956.96851334957
1716,95956.96851334957
1717,95956.96851334957
1718,95956.96851334957
1719,95956.96851334957
1720,95956.96851334957
1721,95956.96851334957
1722,95956.96851334957
1723,95956.96851334957
1724,95956.96851334957
1725,95956.96851334957
1726,95956.96851334957
1727,95956.96851334957
1728,95956.96851334957
1729,95956.96851334957
1730,95956.96851334957
1731,95956.96851334957
1732,95956.96851334957
1733,95956.96851334957
1734,95956.96851334957
1735,95956.96851334957
1736,95956.96851334957
1737,95956.96851334957
1738,95956.96851334957
1739,95956.96851334957
1740,95956.96851334957
1741,95956.96851334957
1742,95956.96851334957
1743,95956.96851334957
1744,95956.96851334957
1745,95956.96851334957
1746,95956.96851334957
1747,95956.96851334957
1748,95956.96851334957
1749,95956.96851334957
1750,95956.96851334957
1751,95956.96851334957
1752,95956.96851334957
1753,95956.96851334957
1754,95956.96851334957
1755,95956.96851334957
1756,95956.96851334957
1757,95956.96851334957
1758,95956.96851334957
1759,95956.96851334957
1760,95956.96851334957
1761,95956.96851334957
1762,95956.96851334957
1763,95956.96851334957
1764,95956.96851334957
1765,95956.96851334957
1766,95956.96851334957
1767,95956.96851334957
1768,95956.96851334957
1769,95956.96851334957
1770,95956.96851334957
1771,95956.96851334957
1772,95956.96851334957
1773,95956.96851334957
1774,95956.96851334957
1775,95956.96851334957
1776,95956.96851334957
1777,95956.96851334957
1778,95956.96851334957
1779,95956.96851334957
1780,95956.96851334957
1781,95956.96851334957
1782,95956.96851334957
1783,95956.96851334957
1784,95956.96851334957
1785,95956.96851334957
1786,95956.96851334957
1787,95956.96851334957
1788,95956.96851334957
1789,95956.96851334957
1790,95956.96851334957
1791,95956.96851334957
1792,95956.96851334957
1793,95956.96851334957
1794,95956.96851334957
1795,95956.96851334957
1796,95956.96851334957
1797,95956.96851334957
1798,95956.96851334957
1799,95956.96851334957
1800,95956.96851334957
1801,95956.96851334957
1802,95956.96851334957
1803,95956.96851334957
1804,95956.96851334957
1805,95956.96851334957
1806,95956.96851334957
1807,95956.96851334957
1808,95956.96851334957
1809,95956.96851334957
1810,95956.96851334957
1811,95956.96851334957
1812,95956.96851334957
1813,95956.96851334957
1814,95956.96851334957
1815,95956.96851334957
1816,95956.96851334957
1817,95956.96851334957
1818,95956.96851334957
1819,95956.96851334957
1820,95956.96851334957
1821,95956.96851334957
1822,95956.96851334957
1823,95956.96851334957
1824,95956.96851334957
1825,95956.96851334957
1826,95956.96851334957
1827,95956.96851334957
1828,95956.96851334957
1829,95956.96851334957
1830,95956.96851334957
1831,95956.96851334957
1832,95956.96851334957
1833,95956.96851334957
1834,95956.96851334957
1835,95956.96851334957
1836,95956.96851334957
1837,95956.96851334957
1838,95956.96851334957
1839,95956.96851334957
1840,95956.96851334954
1841,95956.96851334954
1842,95956.96851334954
1843,95956.96851334954
1844,95956.96851334954
1845,95956.96851334954
1846,95956.96851334954
1847,95956.96851334954
1848,95956.96851334954
1849,95956.96851334954
1850,95956.96851334954
1851,95956.96851334954
1852,95956.96851334954
1853,95956.96851334954
1854,95956.96851334954
1855,95956.96851334954
1856,95956.96851334954
1857,95956.96851334954
1858,95956.96851334954
1859,95956.96851334954
1860,95956.96851334954
1861,95956.96851334954
1862,95956.96851334954
1863,95956.96851334954
1864,95956.96851334954
1865,95956.96851334954
1866,95956.96851334954
1867,95956.96851334954
1868,95956.96851334954
1869,95956.96851334954
1870,95956.96851334954
1871,95956.96851334954
1872,95956.96851334954
1873,95956.96851334954
1874,95956.96851334954
1875,95956.96851334954
1876,95956.96851334954
1877,95956.96851334954
1878,95956.96851334954
1879,95956.96851334954
1880,95956.96851334954
1881,95956.96851334954
1882,95956.96851334954
1883,95956.96851334954
1884,95956.96851334954
1885,95956.96851334954
1886,95956.96851334954
1887,95956.96851334954
1888,95956.96851334954
1889,95956.96851334954
1890,95956.96851334954
1891,95956.96851334954
1892,95956.96851334954
1893,95956.96851334954
1894,95956.96851334954
1895,95956.96851334954
1896,95956.96851334954
1897,95956.96851334954
1898,95956.96851334954
1899,95956.96851334954
1900,95956.96851334954
1901,95956.96851334954
1902,95956.96851334954
1903,95956.96851334954
1904,95956.96851334954
1905,95956.96851334954
1906,95956.96851334954
1907,95956.96851334954
1908,95956.96851334954
1909,95956.96851334954
1910,95956.96851334954
1911,95956.96851334954
1912,95956.96851334954
1913,95956.96851334954
1914,95956.96851334954
1915,95956.96851334954
1916,95956.96851334954
1917,95956.96851334954
1918,95956.96851334954
1919,95956.96851334954
1920,95956.96851334954
1921,95956.96851334954
1922,95956.96851334954
1923,95956.96851334954
1924,95956.96851334954
1925,95956.96851334954
1926,95956.96851334954
1927,95956.96851334954
1928,95956.96851334954
1929,95956.96851334954
1930,95956.96851334954
1931,95956.96851334954
1932,95956.96851334954
1933,95956.96851334954
1934,95956.96851334954
1935,95956.96851334954
1936,95956.96851334954
1937,95956.96851334954
1938,95956.96851334954
1939,95956.96851334954
1940,95956.96851334954
1941,95956.96851334954
1942,95956.96851334954
1943,95956.96851334954
1944,95956.96851334954
1945,95956.96851334954
1946,95956.96851334954
1947,95956.96851334954
1948,95956.96851334954
1949,95956.96851334954
1950,95956.96851334954
1951,95956.96851334954
1952,95956.96851334954
1953,95956.96851334954
1954,95956.96851334954
1955,95956.96851334954
1956,95956.96851334954
1957,95956.96851334954
1958,95956.96851334954
1959,95956.96851334954
1960,95956.96851334954
1961,95956.96851334954
1962,95956.96851334954
1963,95956.96851334954
1964,95956.96851334954
1965,95956.96851334954
1966,95956.96851334954
1967,95956.96851334954
1968,95956.96851334954
1969,95956.96851334954
1970,95956.96851334954
1971,95956.96851334954
1972,95956.96851334954
1973,95956.96851334954
1974,95956.96851334954
1975,95956.96851334954
1976,95956.96851334954
1977,95956.96851334954
1978,95956.96851334954
1979,95956.96851334954
1980,95956.96851334954
1981,95956.96851334954
1982,95956.96851334954
1983,95956.96851334954
1984,95956.96851334954
1985,95956.96851334954
1986,95956.96851334954
1987,95956.96851334954
1988,95956.96851334954
1989,95956.96851334954
1990,95956.96851334954
1991,95956.96851334954
1992,95956.96851334954
1993,95956.96851334954
1994,95956.96851334954
1995,95956.96851334954
1996,95956.96851334954
1997,95956.96851334954
1998,95956.96851334954
1999,95956.96851334954
2000,95956.96851334954
2001,95956.96851334954
2002,95956.96851334954
2003,95956.96851334954
2004,95956.96851334954
2005,95956.96851334954
2006,95956.96851334954
2007,95956.96851334954
2008,95956.96851334954
2009,95956.96851334954
2010,95956.96851334954
2011,95956.96851334954
2012,95956.96851334954
2013,95956.96851334954
2014,95956.96851334954
2015,95956.96851334954
2016,95956.96851334954
2017,95956.96851334954
2018,95956.96851334954
2019,95956.96851334954
2020,95956.96851334954
2021,95956.96851334954
2022,95956.96851334954
2023,95956.96851334954
2024,95956.96851334954
2025,95956.96851334954
2026,95956.96851334954
2027,95956.96851334954
2028,95956.96851334954
2029,95956.96851334954
2030,95956.96851334954
2031,95956.96851334954
2032,95956.96851334954
2033,95956.96851334954
2034,95956.96851334954
2035,95956.96851334954
2036,95956.96851334954
2037,95956.96851334954
2038,95956.96851334954
2039,95956.96851334954
2040,95956.96851334954
2041,95956.96851334954
2042,95956.96851334954
2043,95956.96851334954
2044,95956.96851334954
2045,95956.96851334954
2046,95956.96851334954
2047,95956.96851334954
2048,95956.96851334954
2049,95956.96851334954
2050,95956.96851334954
2051,95956.96851334954
2052,95956.96851334954
2053,95956.96851334954
2054,95956.96851334954
2055,95956.96851334954
2056,95956.96851334954
2057,95956.96851334954
2058,95956.96851334954
2059,95956.96851334954
2060,95956.96851334954
2061,95956.96851334954
2062,95956.96851334954
2063,95956.96851334954
2064,95956.96851334954
2065,95956.96851334954
2066,95956.96851334954
2067,95956.96851334954
2068,95956.96851334954
2069,95956.96851334954
2070,95956.96851334954
2071,95956.96851334954
2072,95956.96851334954
2073,95956.96851334954
2074,95956.96851334954
2075,95956.96851334954
2076,95956.96851334954
2077,95956.96851334954
2078,95956.96851334954
2079,95956.96851334954
2080,95956.96851334954
2081,95956.96851334954
2082,95956.96851334954
2083,95956.96851334954
2084,95956.96851334954
2085,95956.96851334954
2086,95956.96851334954
2087,95956.96851334954
2088,95956.96851334954
2089,95956.96851334954
2090,95956.96851334954
2091,95956.96851334954
2092,95956.96851334954
2093,95956.96851334954
2094,95956.96851334954
2095,95956.96851334954
2096,95956.96851334954
2097,95956.96851334954
2098,95956.96851334954
2099,95956.96851334954
2100,95956.96851334954
2101,95956.96851334954
2102,95956.96851334954
2103,95956.96851334954
2104,95956.96851334954
2105,95956.96851334954
2106,95956.96851334954
2107,95956.96851334954
2108,95956.96851334954
2109,95956.96851334954
2110,95956.96851334954
2111,95956.96851334954
2112,95956.96851334954
2113,91425.03122601532
2114,91425.03122601532
2115,91425.03122601532
2116,91425.03122601532
2117,91425.03122601532
2118,91425.03122601532
2119,91425.03122601532
2120,91425.03122601532
2121,91425.03122601532
2122,91425.03122601532
2123,91425.03122601532
2124,91425.03122601532
2125,91425.03122601532
2126,91425.03122601532
2127,91425.03122601532
2128,91425.03122601532
2129,91425.03122601532
2130,91425.03122601532
2131,91425.03122601532
2132,91425.03122601532
2133,91425.03122601532
2134,91425.03122601532
2135,91425.03122601532
2136,91425.03122601532
2137,91425.03122601532
2138,91425.03122601532
2139,91425.03122601532
2140,91425.03122601532
2141,91425.03122601532
2142,91196.85213032513
2143,91196.85213032513
2144,91196.85213032513
2145,91196.85213032507
2146,91196.85213032507
2147,91196.85213032507
2148,91196.85213032507
2149,91196.85213032507
2150,91196.85213032507
2151,91196.85213032507
2152,91196.85213032507
2153,91196.85213032507
2154,91196.85213032507
2155,91196.85213032507
2156,91196.85213032507
2157,91196.85213032507
2158,91196.85213032507
2159,91196.85213032507
2160,91196.85213032506
2161,91196.85213032506
2162,91196.85213032506
2163,91196.85213032506
2164,91196.85213032506
2165,91196.85213032506
2166,91196.85213032506
2167,91196.85213032506
2168,91196.85213032506
2169,91196.85213032506
2170,91196.85213032506
2171,91196.85213032506
2172,91196.85213032506
2173,91196.85213032506
2174,91196.85213032506
2175,91196.85213032506
2176,91196.85213032506
2177,91196.85213032506
2178,91196.85213032506
2179,91196.85213032506
2180,91196.85213032506
2181,91196.85213032506
2182,91196.85213032506
2183,91196.85213032506
2184,91196.85213032506
2185,91196.85213032506
2186,91196.85213032506
2187,91196.85213032506
2188,91196.85213032506
2189,91196.85213032506
2190,91196.85213032506
2191,91196.85213032506
2192,91196.85213032506
2193,91196.85213032506
2194,91196.85213032506
2195,91196.85213032506
2196,91196.85213032506
2197,91196.85213032506
2198,91196.85213032506
2199,91196.85213032506
2200,91196.85213032506
2201,91196.85213032506
2202,86455.09092131945
2203,86455.09092131945
2204,86455.09092131945
2205,86455.09092131945
2206,86455.09092131945
2207,86455.09092131945
2208,86455.09092131945
2209,86455.09092131945
2210,86455.09092131945
2211,86455.09092131945
2212,86455.09092131945
2213,86455.09092131945
2214,86455.09092131945
2215,86455.09092131945
2216,85531.32478425285
2217,85531.32478425285
2218,85531.32478425285
2219,85531.32478425285
2220,85531.32478425285
2221,85531.32478425285
2222,85531.32478425285
2223,85531.32478425285
2224,85531.32478425285
2225,85531.32478425285
2226,85531.32478425285
2227,85531.32478425285
2228,85531.32478425285
2229,85531.32478425285
2230,85531.32478425285
2231,85531.32478425285
2232,85531.32478425285
2233,85531.32478425285
2234,85531.32478425285
2235,85531.32478425285
2236,85531.32478425285
2237,85531.32478425285
2238,85531.32478425285
2239,85531.32478425285
2240,83948.80266844571
2241,83948.80266844571
2242,83948.80266844571
2243,83948.80266844571
2244,83842.50182909105
2245,83842.50182909105
2246,83842.50182909105
2247,83842.50182909105
2248,83842.50182909105
2249,83842.50182909105
2250,83842.50182909105
2251,83842.50182909105
2252,83842.50182909105
2253,83842.50182909105
2254,83842.50182909105
2255,83842.50182909105
2256,83842.50182909105
2257,83842.50182909105
2258,83842.50182909105
2259,83842.50182909105
2260,83842.50182909105
2261,83842.50182909105
2262,83842.50182909105
2263,83842.50182909105
2264,83842.50182909105
2265,83842.50182909105
2266,83842.50182909105
2267,83842.50182909105
2268,83842.50182909105
2269,83842.50182909105
2270,83842.50182909101
2271,83842.50182909101
2272,83842.50182909101
2273,83588.00136810011
2274,83588.00136810011
2275,83588.00136810011
2276,83588.00136810011
2277,83588.00136810011
2278,83588.00136810011
2279,83588.00136810011
2280,83588.00136810011
2281,83588.00136810011
2282,83588.00136810011
2283,83588.00136810011
2284,83588.00136810011
2285,83588.00136810011
2286,83588.00136810011
2287,83588.0013681001
2288,83588.0013681001
2289,83588.0013681001
2290,83588.0013681001
2291,83588.0013681001
2292,83588.0013681001
2293,83588.0013681001
2294,83588.0013681001
2295,83588.0013681001
2296,83588.0013681001
2297,83588.0013681001
2298,83588.0013681001
2299,83588.0013681001
2300,83588.0013681001
2301,83588.0013681001
2302,83588.0013681001
2303,83588.0013681001
2304,83588.0013681001
2305,83588.0013681001
2306,83588.0013681001
2307,83588.00136810001
2308,83588.00136810001
2309,83588.00136810001
2310,83588.00136810001
2311,83588.00136810001
2312,83588.00136810001
2313,83588.00136810001
2314,83588.00136810001
2315,83588.00136810001
2316,83588.00136810001
2317,83588.00136810001
2318,83588.00136810001
2319,83588.00136810001
2320,83588.00136810001
2321,83588.00136810001
2322,83588.00136810001
2323,83588.00136810001
2324,83588.00136810001
2325,83588.00136810001
2326,83588.00136810001
2327,83588.00136810001
2328,83588.00136810001
2329,83588.00136810001
2330,83588.00136810001
2331,83588.00136810001
2332,83588.00136810001
2333,83588.00136810001
2334,83588.00136810001
2335,83588.00136810001
2336,83588.00136810001
2337,83588.00136810001
2338,83588.00136810001
2339,81742.90148062793
2340,81742.90148062783
2341,81742.90148062783
2342,81742.90148062783
2343,81742.90148062783
2344,81742.90148062783
2345,81742.90148062783
2346,81742.90148062783
2347,81742.90148062783
2348,81742.90148062783
2349,81742.90148062783
2350,81742.90148062783
2351,81742.90148062783
2352,81742.90148062783
2353,81742.90148062783
2354,81742.90148062783
2355,81742.90148062783
2356,81742.90148062783
2357,81742.90148062783
2358,81742.90148062783
2359,81742.90148062783
2360,81742.90148062783
2361,81742.90148062783
2362,81742.90148062783
2363,81742.90148062783
2364,81742.90148062783
2365,81742.90148062783
2366,81742.90148062783
2367,81742.90148062783
2368,81742.90148062783
2369,81742.90148062783
2370,81742.90148062783
2371,81742.90148062783
2372,81742.90148062783
2373,81742.90148062783
2374,81742.90148062783
2375,81742.90148062783
2376,81742.90148062783
2377,81274.50284771396
2378,81274.50284771396
2379,81274.50284771396
2380,81274.50284771396
2381,81274.50284771396
2382,81274.50284771396
2383,81274.50284771396
2384,81274.50284771396
2385,81274.50284771396
2386,81274.50284771396
2387,81274.50284771396
2388,81274.50284771396
2389,81274.50284771396
2390,81274.50284771396
2391,81274.50284771396
2392,81274.50284771396
2393,81274.50284771396
2394,81274.50284771396
2395,81274.50284771396
2396,81274.50284771396
2397,81274.50284771396
2398,81274.50284771396
2399,81274.50284771396
2400,81274.50284771396
2401,81274.50284771396
2402,81274.50284771396
2403,81274.50284771396
2404,81274.50284771396
2405,81274.50284771396
2406,81274.50284771396
2407,81274.50284771396
2408,81274.50284771396
2409,81274.50284771396
2410,81274.50284771396
2411,81274.50284771396
2412,81274.50284771396
2413,81274.50284771396
2414,81274.50284771396
2415,81274.50284771396
2416,81274.50284771396
2417,81274.50284771396
2418,81274.50284771396
2419,81274.50284771396
2420,81274.50284771396
2421,81274.50284771396
2422,81274.50284771396
2423,81274.50284771396
2424,81274.50284771396
2425,81274.50284771396
2426,81274.50284771396
2427,81274.50284771396
2428,81274.50284771396
2429,81274.50284771396
2430,81274.50284771396
2431,81274.50284771396
2432,81274.50284771396
2433,81274.50284771396
2434,81274.50284771396
2435,81274.50284771396
2436,81274.50284771396
2437,81274.50284771396
2438,81274.50284771396
2439,81274.50284771396
2440,81274.50284771396
2441,81274.50284771396
2442,81274.50284771396
2443,81274.50284771396
2444,81274.5028477139
2445,81274.5028477139
2446,81274.5028477139
2447,81274.5028477139
2448,81274.5028477139
2449,81274.5028477139
2450,81274.5028477139
2451,81274.5028477139
2452,81274.5028477139
2453,81274.5028477139
2454,81274.5028477139
2455,81274.5028477139
2456,81274.5028477139
2457,81274.5028477139
2458,81274.5028477139
2459,81274.5028477139
2460,81274.5028477139
2461,81274.5028477139
2462,81274.5028477139
2463,81274.5028477139
2464,81274.5028477139
2465,81274.5028477139
2466,81274.5028477139
2467,81274.5028477139
2468,81274.5028477139
2469,81274.5028477139
2470,81274.5028477139
2471,81274.5028477139
2472,81274.5028477139
2473,81274.5028477139
2474,81274.5028477139
2475,81274.5028477139
2476,81274.5028477139
2477,81274.5028477139
2478,81274.5028477139
2479,81274.5028477139
2480,81274.5028477139
2481,80988.00773709336
2482,80988.00773709336
2483,80988.00773709336
2484,80988.00773709336
2485,80988.00773709336
2486,80988.00773709336
2487,80988.00773709336
2488,80988.00773709336
2489,80988.00773709336
2490,80988.00773709336
2491,80988.00773709336
2492,80988.00773709336
2493,80988.00773709336
2494,80988.00773709336
2495,80988.00773709336
2496,80988.00773709336
2497,80988.00773709336
2498,80988.00773709336
2499,80988.00773709336
