iteracion,valor_coste
0,1211952.7843719851
1,1211952.7843719851
2,1211952.7843719851
3,1211952.7843719847
4,1211952.7843719847
5,1211952.7843719847
6,1211952.7843719847
7,1211952.7843719847
8,1211952.7843719847
9,1211952.7843719847
10,1211952.7843719847
11,1211952.7843719847
12,1211952.7843719847
13,1211952.7843719847
14,1211952.7843719847
15,1211952.7843719847
16,1211952.7843719847
17,1211952.7843719847
18,1211952.7843719847
19,1211952.7843719847
20,1211952.7843719847
21,1211952.7843719847
22,1211952.7843719847
23,1211952.7843719847
24,1211952.7843719847
25,1211952.7843719847
26,1211952.7843719847
27,1211952.7843719847
28,1211952.7843719847
29,1211952.7843719847
30,1211952.7843719847
31,1211952.7843719847
32,1211952.7843719847
33,1211952.7843719847
34,1211952.7843719847
35,1211952.7843719847
36,1211952.7843719847
37,1211952.7843719847
38,1211952.7843719847
39,1211952.7843719847
40,1123290.6247896652
41,1123290.6247896652
42,1123290.6247896652
43,1123290.6247896652
44,1123290.6247896652
45,1123290.6247896652
46,1123290.6247896652
47,1123290.6247896652
48,1123290.6247896652
49,1123290.6247896652
50,1123290.6247896652
51,1123290.6247896652
52,1123290.6247896652
53,1123290.6247896652
54,1123290.6247896652
55,1123290.6247896652
56,1123290.6247896652
57,1123290.6247896652
58,1035183.1036298006
59,1035183.1036298006
60,1035183.1036298006
61,1035183.1036298006
62,1035183.1036298006
63,1035183.1036298006
64,1035183.1036298006
65,1035183.1036298006
66,1035183.1036298006
67,1035183.1036298006
68,1035183.1036298006
69,1035183.1036298006
70,1035183.1036298006
71,1035183.1036298006
72,1035183.1036298006
73,1035183.1036298006
74,1035183.1036298006
75,1035183.1036298006
76,1035183.1036298006
77,1035183.1036298006
78,1035183.1036298006
79,1035183.1036298006
80,1035183.1036298006
81,1035183.1036298006
82,1035183.1036298006
83,1035183.1036298006
84,1035183.1036298006
85,941812.2726172686
86,941812.2726172686
87,941812.2726172686
88,941812.2726172686
89,941812.2726172686
90,941812.2726172686
91,941812.2726172686
92,849417.3826237462
93,849417.3826237462
94,849417.3826237462
95,849417.3826237462
96,849417.3826237461
97,849417.3826237461
98,849417.3826237461
99,833372.907670142
100,833372.907670142
101,833372.907670142
102,833372.907670142
103,833372.907670142
104,833372.907670142
105,833372.907670142
106,833372.907670142
107,833372.907670142
108,833372.907670142
109,833372.907670142
110,833372.907670142
111,833372.907670142
112,833372.907670142
113,833372.907670142
114,833372.907670142
115,833372.907670142
116,833372.9076701415
117,833372.9076701415
118,833372.9076701415
119,833372.9076701415
120,833372.9076701415
121,833372.9076701415
122,833372.9076701415
123,833372.9076701415
124,833372.9076701415
125,833372.9076701415
126,833372.9076701415
127,833372.9076701415
128,833372.9076701415
129,833372.9076701415
130,833372.9076701415
131,833372.9076701415
132,812751.4452855004
133,812751.4452855003
134,812751.4452855003
135,808910.9367887215
136,808910.9367887215
137,808910.9367887215
138,808910.9367887215
139,808910.9367887215
140,808910.9367887215
141,808910.9367887215
142,808910.9367887215
143,808910.9367887215
144,808910.9367887215
145,808910.9367887215
146,808910.9367887215
147,808910.9367887215
148,808910.9367887215
149,808910.9367887215
150,808910.9367887215
151,808910.9367887215
152,808910.9367887215
153,808910.9367887215
154,808910.9367887215
155,808910.9367887215
156,808910.9367887215
157,808910.9367887215
158,808910.9367887215
159,808910.9367887215
160,808910.9367887215
161,808910.9367887215
162,808910.9367887207
163,808910.9367887207
164,705566.5722499471
165,705566.5722499471
166,705566.5722499471
167,705566.5722499471
168,705566.5722499471
169,705566.5722499471
170,705566.5722499471
171,705566.5722499471
172,705566.5722499471
173,705566.5722499471
174,705566.5722499471
175,705566.5722499471
176,705566.5722499471
177,705566.5722499471
178,705566.5722499471
179,705566.5722499471
180,705566.5722499471
181,705566.5722499471
182,705566.5722499471
183,705566.5722499469
184,705566.5722499469
185,705566.5722499469
186,705566.5722499469
187,705566.5722499469
188,705566.5722499469
189,705566.5722499469
190,705566.5722499469
191,705566.5722499469
192,705566.5722499469
193,705566.5722499469
194,705566.5722499469
195,705566.5722499469
196,705566.5722499469
197,705566.5722499469
198,705566.5722499469
199,705566.5722499469
200,705566.5722499469
201,705566.5722499469
202,705566.5722499469
203,705566.5722499469
204,705566.5722499469
205,679908.3452817653
206,679908.3452817653
207,679908.3452817653
208,679908.3452817653
209,679908.3452817653
210,679908.3452817653
211,679908.3452817653
212,679908.3452817653
213,679908.3452817653
214,679908.3452817653
215,679908.3452817653
216,679908.3452817653
217,679908.3452817653
218,679908.3452817653
219,679908.3452817653
220,679908.3452817653
221,679908.3452817653
222,679908.3452817653
223,679908.3452817653
224,679908.3452817653
225,679908.3452817653
226,679908.3452817653
227,679908.3452817653
228,679908.3452817653
229,679908.3452817653
230,679908.3452817653
231,679908.3452817653
232,679908.3452817653
233,679908.3452817653
234,679908.3452817653
235,679908.3452817653
236,679908.3452817653
237,679908.3452817653
238,679908.3452817653
239,679908.3452817653
240,679908.3452817653
241,679908.3452817653
242,679908.3452817653
243,679908.3452817653
244,679908.3452817653
245,679908.3452817653
246,679908.3452817653
247,679908.3452817653
248,679908.3452817653
249,679908.3452817653
250,679908.3452817653
251,679908.3452817653
252,679908.3452817653
253,655897.5941919909
254,655897.5941919909
255,655897.5941919909
256,655897.5941919909
257,655897.5941919909
258,655897.5941919909
259,655897.5941919909
260,655897.5941919909
261,655897.5941919909
262,655897.5941919907
263,655897.5941919907
264,655897.5941919907
265,655897.5941919907
266,655897.5941919907
267,655897.5941919907
268,655897.5941919907
269,655897.5941919907
270,655897.5941919907
271,655897.5941919907
272,655897.5941919907
273,655897.5941919907
274,655897.5941919907
275,655897.5941919907
276,655897.5941919907
277,655897.5941919907
278,655897.5941919907
279,655897.5941919907
280,647243.7807949788
281,647243.7807949788
282,647243.7807949786
283,647243.7807949786
284,647243.7807949786
285,647243.7807949786
286,647243.7807949786
287,647243.7807949786
288,647243.7807949786
289,647243.7807949786
290,647243.7807949786
291,647243.7807949786
292,647243.7807949786
293,647243.7807949786
294,647243.7807949786
295,647243.7807949786
296,647243.7807949786
297,647243.7807949786
298,647243.7807949786
299,647243.7807949786
300,642375.3151759771
301,642375.3151759771
302,642375.3151759771
303,642375.3151759771
304,642375.3151759771
305,642375.3151759771
306,642375.3151759771
307,642375.3151759771
308,642375.3151759771
309,642375.3151759771
310,642375.3151759771
311,642375.3151759771
312,642375.3151759771
313,642375.3151759771
314,642375.3151759771
315,642375.3151759771
316,642375.3151759771
317,642375.3151759771
318,642375.3151759771
319,642375.3151759771
320,642375.3151759765
321,642375.3151759765
322,642375.3151759765
323,642375.3151759765
324,642375.3151759765
325,642375.3151759765
326,642375.3151759765
327,642375.3151759765
328,642375.3151759765
329,642375.3151759765
330,642375.3151759765
331,642375.3151759765
332,642375.3151759765
333,642375.3151759765
334,642375.3151759765
335,642375.3151759765
336,642375.3151759765
337,642375.3151759765
338,642375.3151759765
339,642375.3151759765
340,642375.3151759765
341,642375.3151759765
342,642375.3151759765
343,642375.3151759765
344,642375.3151759765
345,642375.3151759765
346,642375.3151759765
347,642375.3151759765
348,642375.3151759765
349,642375.3151759765
350,642375.3151759765
351,642375.3151759765
352,642375.3151759765
353,642375.3151759765
354,642375.3151759765
355,642375.3151759765
356,642375.3151759765
357,642375.3151759765
358,642375.3151759765
359,642375.3151759765
360,642375.3151759765
361,642375.3151759765
362,642375.3151759765
363,642375.3151759765
364,642375.3151759765
365,642375.3151759765
366,642375.3151759765
367,642375.3151759765
368,642375.3151759765
369,642375.3151759765
370,619432.5453231607
371,619432.5453231607
372,619432.5453231607
373,619432.5453231607
374,619432.5453231602
375,619432.5453231602
376,619432.5453231602
377,619432.5453231602
378,619432.5453231602
379,619432.5453231602
380,619432.5453231602
381,619432.5453231602
382,591740.485750103
383,591740.485750103
384,591740.485750103
385,591740.485750103
386,591740.485750103
387,591740.485750103
388,591740.485750103
389,591740.485750103
390,591740.485750103
391,591740.485750103
392,591740.485750103
393,591740.485750103
394,591740.485750103
395,568518.0632450046
396,568518.0632450046
397,568518.0632450046
398,568518.0632450046
399,568518.0632450046
400,568518.0632450046
401,568518.0632450046
402,568518.0632450046
403,568518.0632450046
404,568518.0632450046
405,568518.0632450046
406,568518.0632450046
407,568518.0632450046
408,568518.0632450046
409,568518.0632450046
410,568518.0632450046
411,568518.0632450046
412,568518.0632450046
413,568518.0632450046
414,568518.0632450045
415,568518.0632450045
416,568518.0632450045
417,568518.0632450045
418,568518.0632450045
419,568518.0632450045
420,568518.0632450045
421,568518.0632450045
422,568518.0632450045
423,568518.0632450045
424,568518.0632450045
425,568518.0632450045
426,568518.0632450045
427,568518.0632450045
428,568518.0632450045
429,568518.0632450045
430,568518.0632450045
431,568518.0632450045
432,568518.0632450045
433,568518.0632450045
434,568518.0632450045
435,568518.0632450045
436,568518.0632450045
437,568518.0632450045
438,568518.0632450045
439,568518.0632450045
440,568518.0632450045
441,568518.0632450045
442,568518.0632450045
443,568518.0632450045
444,568518.0632450045
445,568518.0632450045
446,568518.0632450045
447,568518.0632450045
448,568518.0632450045
449,568518.0632450045
450,568518.0632450045
451,568518.0632450045
452,568518.0632450045
453,568518.0632450045
454,568518.0632450045
455,534258.9438934735
456,534258.9438934735
457,534258.9438934735
458,534258.9438934735
459,534258.9438934735
460,534258.9438934735
461,534258.9438934735
462,534258.9438934735
463,534258.9438934735
464,534258.9438934735
465,534258.9438934735
466,534258.9438934735
467,534258.9438934735
468,534258.9438934735
469,534258.9438934735
470,534258.9438934735
471,534258.9438934735
472,534258.9438934735
473,534258.9438934735
474,534258.9438934735
475,534258.9438934735
476,534258.9438934735
477,534258.9438934735
478,534258.9438934735
479,534258.9438934735
480,520691.06579797494
481,520691.06579797494
482,520691.06579797494
483,520691.06579797494
484,520691.06579797494
485,520691.06579797494
486,520691.06579797494
487,520691.06579797494
488,520691.06579797494
489,520691.06579797494
490,520691.06579797494
491,520691.06579797494
492,520691.06579797494
493,520691.06579797494
494,520691.06579797494
495,520691.06579797494
496,520691.06579797494
497,520691.06579797494
498,520691.06579797494
499,520691.06579797494
500,510371.59238759987
501,510371.59238759987
502,510371.59238759987
503,510371.59238759987
504,510371.5923875997
505,510371.5923875997
506,510371.5923875997
507,510371.5923875997
508,510371.5923875997
509,510371.5923875997
510,510371.5923875997
511,510371.5923875997
512,510371.5923875997
513,510371.5923875997
514,510371.5923875997
515,510371.5923875997
516,510371.5923875997
517,510371.5923875997
518,510371.5923875997
519,510371.5923875997
520,510371.5923875997
521,510371.5923875997
522,510371.5923875997
523,510371.5923875997
524,510371.5923875995
525,510371.5923875995
526,510371.5923875995
527,510371.5923875995
528,510371.5923875995
529,510371.5923875995
530,510371.5923875995
531,510371.5923875995
532,510371.5923875995
533,510371.5923875995
534,510371.5923875995
535,475973.93416233175
536,475973.93416233175
537,475973.93416233175
538,475973.93416233175
539,475973.93416233175
540,475973.93416233175
541,475973.93416233175
542,475973.93416233175
543,475973.93416233175
544,475973.93416233175
545,475973.93416233175
546,475973.93416233175
547,475973.93416233175
548,475973.93416233175
549,475973.93416233175
550,460997.77411504736
551,460997.77411504724
552,460997.77411504724
553,460997.77411504724
554,460997.77411504724
555,460997.77411504724
556,460997.77411504724
557,460997.77411504724
558,460997.77411504724
559,460997.77411504724
560,460997.77411504724
561,460997.77411504724
562,460997.77411504724
563,460997.77411504724
564,460997.77411504724
565,460997.77411504724
566,460997.77411504724
567,460997.77411504724
568,460997.77411504724
569,460997.77411504724
570,460997.77411504724
571,460997.77411504724
572,460997.77411504724
573,460997.77411504724
574,460997.77411504724
575,460997.77411504724
576,460997.77411504724
577,460997.77411504724
578,460997.77411504724
579,460997.77411504724
580,460997.77411504724
581,460997.77411504724
582,460997.77411504724
583,460997.77411504724
584,460997.77411504724
585,460997.77411504724
586,460997.77411504724
587,460997.77411504724
588,460997.77411504724
589,460997.77411504724
590,460997.77411504724
591,460997.77411504724
592,460997.77411504724
593,460997.77411504724
594,460997.77411504724
595,460997.77411504724
596,457049.9004084399
597,457049.9004084399
598,457049.9004084399
599,457049.9004084399
600,457049.9004084399
601,457049.9004084394
602,457049.9004084394
603,457049.9004084394
604,457049.9004084394
605,457049.9004084394
606,457049.9004084394
607,456985.4647178094
608,456985.4647178094
609,456985.4647178094
610,456985.4647178094
611,456985.4647178094
612,456985.4647178094
613,456985.4647178094
614,456985.4647178094
615,456985.4647178094
616,456985.4647178094
617,456985.4647178094
618,456985.4647178094
619,456985.4647178094
620,456985.4647178094
621,456985.4647178094
622,456985.4647178094
623,456985.4647178094
624,456985.4647178094
625,456985.4647178094
626,456985.4647178094
627,456985.4647178094
628,456985.4647178094
629,456985.4647178094
630,456985.4647178094
631,456985.4647178094
632,456985.4647178094
633,456985.4647178094
634,456985.4647178094
635,456985.4647178094
636,456985.4647178094
637,456985.4647178094
638,456985.4647178094
639,456985.4647178094
640,456985.4647178094
641,456985.4647178094
642,456985.4647178094
643,456985.4647178094
644,456985.4647178094
645,456985.4647178094
646,456985.4647178094
647,456985.4647178094
648,456985.4647178094
649,456985.4647178094
650,456985.4647178094
651,456985.4647178094
652,456985.4647178094
653,456985.4647178094
654,456985.4647178094
655,456985.4647178094
656,456985.4647178094
657,456985.4647178094
658,456985.4647178094
659,456985.4647178094
660,456985.4647178094
661,456985.4647178094
662,456985.4647178094
663,456985.4647178094
664,456985.4647178094
665,456985.4647178094
666,456985.4647178094
667,456985.4647178094
668,456985.4647178094
669,456985.4647178094
670,456985.4647178094
671,456985.4647178094
672,456985.4647178094
673,456985.4647178094
674,456985.4647178094
675,456985.4647178094
676,456985.4647178094
677,456985.4647178094
678,456985.4647178094
679,456985.4647178094
680,456985.4647178094
681,456985.4647178094
682,456985.4647178094
683,456985.4647178094
684,456985.4647178094
685,456985.4647178094
686,456985.4647178094
687,456985.4647178094
688,456985.4647178094
689,456985.4647178094
690,456985.4647178094
691,456985.4647178094
692,456985.4647178094
693,456985.4647178094
694,456985.4647178094
695,456985.4647178094
696,456985.4647178094
697,456985.4647178094
698,456985.4647178094
699,456985.4647178094
700,456985.4647178094
701,456985.4647178094
702,456985.4647178094
703,456985.4647178094
704,456985.4647178094
705,456985.4647178094
706,456985.4647178094
707,456985.4647178094
708,456985.4647178094
709,456985.4647178094
710,456985.4647178094
711,456985.4647178094
712,456985.4647178094
713,456985.4647178094
714,456985.4647178094
715,456985.4647178094
716,456985.4647178094
717,456985.4647178094
718,456985.4647178094
719,456985.4647178094
720,456985.4647178094
721,456985.4647178094
722,456985.4647178094
723,456985.4647178094
724,456985.4647178094
725,456985.4647178094
726,456985.4647178094
727,456985.4647178094
728,456985.4647178094
729,456985.4647178094
730,456985.4647178094
731,456985.4647178094
732,456985.4647178094
733,456985.4647178094
734,456985.4647178094
735,456985.4647178094
736,456985.4647178094
737,456985.4647178094
738,456985.4647178094
739,456985.4647178094
740,456985.4647178094
741,456985.4647178094
742,439987.1021112063
743,439987.10211120616
744,439987.1021112059
745,439987.1021112059
746,439987.1021112059
747,439987.1021112059
748,439987.1021112059
749,439987.1021112059
750,439987.1021112059
751,439987.1021112059
752,439987.1021112059
753,439987.1021112059
754,439987.1021112059
755,439987.1021112059
756,439987.1021112059
757,439987.1021112059
758,439987.1021112059
759,439987.1021112059
760,429850.85428778664
761,429850.85428778664
762,429850.8542877864
763,429850.8542877864
764,429850.8542877864
765,429850.8542877864
766,429850.8542877864
767,429850.8542877864
768,429850.8542877864
769,429850.8542877864
770,429850.8542877864
771,429850.8542877864
772,429850.8542877864
773,429850.8542877864
774,429850.8542877864
775,429850.8542877864
776,429850.8542877864
777,429850.8542877864
778,429850.8542877864
779,429850.8542877864
780,413880.16312901874
781,413880.16312901874
782,413880.16312901874
783,413880.16312901874
784,413880.16312901874
785,413880.16312901874
786,413880.16312901874
787,413880.16312901874
788,413880.16312901874
789,413880.16312901874
790,413880.16312901874
791,413880.16312901874
792,413880.16312901874
793,413880.16312901874
794,413880.16312901874
795,413880.16312901874
796,413880.16312901874
797,413880.16312901874
798,413880.16312901874
799,413880.16312901874
800,413880.16312901874
801,413880.16312901874
802,413880.16312901874
803,413880.16312901874
804,406499.6226205642
805,406499.6226205642
806,406499.6226205642
807,406499.6226205642
808,406499.6226205642
809,406499.6226205642
810,406499.6226205642
811,406499.6226205642
812,406499.6226205642
813,406499.6226205642
814,406499.6226205642
815,406499.6226205642
816,397678.43859499897
817,397678.43859499897
818,397678.43859499897
819,397678.43859499897
820,397678.43859499897
821,397678.43859499897
822,397678.43859499897
823,397678.43859499897
824,397678.43859499897
825,397678.43859499897
826,397678.43859499897
827,397678.43859499897
828,397678.43859499897
829,397678.43859499897
830,397678.43859499897
831,397678.43859499897
832,397678.43859499897
833,397678.43859499897
834,397678.43859499897
835,397678.43859499897
836,397678.43859499897
837,397678.43859499897
838,397678.43859499897
839,397678.43859499897
840,397678.43859499897
841,397678.43859499897
842,397678.43859499897
843,397678.43859499897
844,397678.43859499897
845,397678.43859499897
846,397678.43859499897
847,397678.43859499897
848,397678.43859499897
849,397678.43859499897
850,397678.43859499897
851,397678.43859499897
852,397678.43859499897
853,397678.43859499897
854,397678.4385949987
855,397678.4385949987
856,397678.4385949987
857,397678.4385949987
858,397678.4385949987
859,397678.4385949987
860,397678.4385949987
861,397678.4385949987
862,370621.34739827825
863,370621.34739827825
864,370621.34739827825
865,370621.34739827825
866,370621.34739827825
867,370621.34739827825
868,370621.34739827825
869,370621.34739827825
870,370621.34739827825
871,370621.34739827825
872,370621.34739827825
873,370621.34739827807
874,370621.34739827807
875,370621.34739827807
876,370621.34739827807
877,370621.34739827807
878,370621.34739827807
879,370621.34739827807
880,370621.34739827807
881,370621.34739827807
882,370621.34739827807
883,369736.98138500494
884,369736.98138500494
885,369736.98138500494
886,369736.98138500494
887,369736.98138500494
888,369736.98138500494
889,369736.98138500494
890,369736.98138500494
891,369736.98138500494
892,369736.98138500494
893,369736.98138500494
894,369736.98138500494
895,369736.98138500494
896,369736.98138500494
897,369736.98138500494
898,369736.98138500494
899,369736.98138500494
900,369736.98138500494
901,369736.98138500494
902,369736.98138500476
903,369736.98138500476
904,369736.98138500476
905,369736.98138500476
906,369736.98138500476
907,369736.98138500476
908,369736.98138500476
909,369736.98138500476
910,369736.98138500476
911,369736.98138500476
912,369736.98138500476
913,369736.98138500476
914,369736.98138500476
915,369736.98138500476
916,369736.98138500476
917,369736.98138500476
918,369736.98138500476
919,369736.98138500476
920,369736.98138500476
921,369736.98138500476
922,369736.98138500476
923,369736.98138500476
924,369736.98138500476
925,369736.98138500476
926,369736.98138500476
927,369736.98138500476
928,369736.98138500476
929,369736.98138500476
930,369736.98138500476
931,369736.98138500476
932,369736.98138500476
933,369736.98138500476
934,369736.98138500476
935,369736.98138500476
936,369736.98138500476
937,369736.98138500476
938,369736.98138500476
939,369736.98138500476
940,369736.98138500476
941,369736.98138500476
942,369151.28761521913
943,369151.28761521913
944,369151.28761521913
945,369151.28761521913
946,369151.28761521913
947,369151.28761521913
948,369151.28761521913
949,369151.28761521913
950,369151.28761521913
951,369151.28761521913
952,369151.28761521913
953,369151.28761521913
954,369151.287615219
955,369151.287615219
956,369151.287615219
957,369151.287615219
958,369151.287615219
959,369151.287615219
960,369151.287615219
961,369151.287615219
962,369151.287615219
963,369151.287615219
964,369151.287615219
965,369151.287615219
966,369151.287615219
967,369151.287615219
968,369151.287615219
969,369151.287615219
970,369151.287615219
971,369151.287615219
972,369151.287615219
973,369151.287615219
974,369151.287615219
975,369151.287615219
976,369151.28761521896
977,369151.28761521896
978,369151.28761521896
979,369151.28761521896
980,369151.28761521896
981,362780.8336330845
982,362780.8336330845
983,362780.8336330845
984,362780.8336330845
985,362780.8336330845
986,362780.8336330845
987,362780.8336330845
988,362780.8336330845
989,362780.8336330845
990,362780.8336330845
991,362780.8336330845
992,362780.8336330845
993,362780.8336330845
994,362780.8336330845
995,362780.8336330845
996,362780.8336330845
997,362780.8336330845
998,362780.8336330845
999,362780.8336330845
1000,362780.8336330845
1001,362780.8336330845
1002,362780.8336330845
1003,362780.8336330845
1004,362780.8336330845
1005,362780.8336330845
1006,362780.8336330845
1007,362780.8336330845
1008,362780.8336330845
1009,362780.8336330845
1010,362780.8336330845
1011,362780.8336330845
1012,362780.8336330845
1013,362780.8336330845
1014,362780.8336330845
1015,362780.8336330845
1016,362780.8336330845
1017,362780.8336330845
1018,362780.8336330845
1019,362780.8336330845
1020,362780.8336330845
1021,362780.8336330845
1022,362780.8336330845
1023,362780.8336330845
1024,362780.8336330845
1025,362780.8336330845
1026,362780.8336330845
1027,362780.8336330845
1028,362780.8336330845
1029,362780.8336330845
1030,362780.8336330845
1031,362780.8336330845
1032,362780.8336330845
1033,362780.8336330845
1034,362780.8336330845
1035,362780.8336330845
1036,362780.8336330845
1037,362780.8336330845
1038,362780.8336330845
1039,362780.8336330845
1040,362780.8336330845
1041,362780.8336330845
1042,362780.8336330845
1043,362780.8336330845
1044,362780.8336330845
1045,362780.8336330845
1046,362780.8336330845
1047,362780.8336330845
1048,362780.8336330845
1049,362780.8336330845
1050,362780.8336330845
1051,362780.8336330845
1052,362780.8336330845
1053,362780.8336330845
1054,362780.8336330845
1055,362780.8336330845
1056,362780.8336330845
1057,362780.8336330845
1058,362780.8336330845
1059,362780.8336330845
1060,362780.8336330845
1061,362780.8336330845
1062,362780.8336330845
1063,362780.8336330845
1064,362780.8336330845
1065,362780.8336330845
1066,362780.8336330845
1067,362780.8336330845
1068,358727.63366383914
1069,358727.63366383914
1070,358727.63366383914
1071,358727.63366383914
1072,358727.63366383914
1073,356902.547010788
1074,356902.5470107878
1075,356902.5470107878
1076,356902.5470107878
1077,356902.5470107878
1078,356902.5470107878
1079,356902.5470107878
1080,356902.5470107878
1081,356902.5470107878
1082,356902.5470107878
1083,356902.5470107878
1084,356902.5470107878
1085,356902.5470107878
1086,356902.5470107878
1087,356902.5470107878
1088,356902.5470107878
1089,356902.5470107878
1090,356902.5470107878
1091,356902.5470107878
1092,356902.5470107878
1093,356902.5470107878
1094,356902.5470107878
1095,356784.02149443806
1096,356784.021494438
1097,356784.021494438
1098,356784.021494438
1099,356784.021494438
1100,356784.021494438
1101,356784.021494438
1102,356784.021494438
1103,351628.32320561714
1104,351628.32320561714
1105,351628.32320561714
1106,351628.32320561714
1107,351628.32320561714
1108,351628.32320561714
1109,351628.32320561714
1110,351628.32320561714
1111,351628.32320561714
1112,351628.32320561714
1113,351628.32320561714
1114,351628.32320561714
1115,351628.32320561714
1116,351628.32320561714
1117,351628.32320561714
1118,351628.32320561714
1119,351628.32320561714
1120,351628.32320561714
1121,351628.32320561714
1122,351628.32320561714
1123,351628.32320561714
1124,351628.32320561714
1125,351628.32320561714
1126,351628.32320561714
1127,351628.32320561714
1128,351628.32320561714
1129,351628.32320561714
1130,351628.32320561714
1131,351628.32320561714
1132,351628.32320561714
1133,351628.32320561714
1134,351628.32320561714
1135,351585.4763977824
1136,351356.8561174974
1137,351356.8561174974
1138,351356.8561174974
1139,351356.8561174974
1140,351356.8561174974
1141,351356.8561174974
1142,351356.8561174974
1143,351356.8561174974
1144,351356.8561174974
1145,351356.8561174974
1146,351356.8561174974
1147,351356.8561174974
1148,351356.8561174974
1149,351356.8561174974
1150,351356.8561174974
1151,351356.8561174974
1152,351356.8561174974
1153,351356.8561174972
1154,351356.8561174972
1155,351356.8561174972
1156,351356.8561174972
1157,351356.8561174972
1158,351356.8561174972
1159,351356.8561174972
1160,351356.8561174972
1161,351356.8561174972
1162,351356.8561174972
1163,351356.8561174972
1164,351356.8561174972
1165,351356.8561174972
1166,351356.8561174972
1167,351356.8561174972
1168,351356.8561174972
1169,351356.8561174972
1170,351356.8561174972
1171,351356.8561174972
1172,351356.8561174972
1173,351356.8561174972
1174,351356.8561174972
1175,351356.8561174972
1176,351356.8561174972
1177,351356.8561174972
1178,351356.8561174972
1179,351356.8561174972
1180,351356.8561174972
1181,351356.8561174972
1182,351356.8561174972
1183,351356.8561174972
1184,351356.8561174972
1185,351356.8561174972
1186,351356.8561174972
1187,351356.8561174972
1188,351356.8561174972
1189,351356.8561174972
1190,351356.8561174972
1191,351356.85611749697
1192,351356.85611749697
1193,351356.85611749697
1194,351356.85611749697
1195,351356.85611749697
1196,351356.85611749697
1197,351356.85611749697
1198,351356.85611749697
1199,351356.85611749697
1200,351356.85611749697
1201,351356.85611749697
1202,351356.85611749697
1203,351356.85611749697
1204,351356.85611749697
1205,351356.85611749697
1206,351356.85611749697
1207,351356.85611749697
1208,351356.85611749697
1209,351356.85611749697
1210,351356.85611749697
1211,351356.85611749697
1212,351356.85611749697
1213,351356.85611749697
1214,351356.85611749697
1215,351356.85611749697
1216,351356.85611749697
1217,351356.85611749697
1218,351356.85611749697
1219,351356.85611749697
1220,351356.85611749697
1221,351356.85611749697
1222,351356.85611749697
1223,351356.85611749697
1224,351356.85611749697
1225,351356.85611749697
1226,351356.85611749697
1227,351356.85611749697
1228,351356.85611749697
1229,351356.85611749697
1230,351356.85611749697
1231,351356.85611749697
1232,351356.85611749697
1233,351356.85611749697
1234,351356.85611749697
1235,350876.3842744914
1236,350876.3842744914
1237,350876.3842744914
1238,350876.3842744914
1239,350876.38427449117
1240,350876.38427449117
1241,350876.38427449117
1242,350876.38427449117
1243,350876.38427449117
1244,350876.38427449117
1245,350876.38427449117
1246,350876.38427449117
1247,350876.38427449117
1248,350876.38427449117
1249,350876.38427449117
1250,350876.38427449117
1251,350876.38427449117
1252,350876.38427449117
1253,350876.38427449117
1254,350876.38427449117
1255,350876.38427449117
1256,350876.38427449117
1257,350876.38427449117
1258,350876.38427449117
1259,350876.38427449117
1260,350876.38427449117
1261,350876.38427449117
1262,350876.3842744911
1263,350876.3842744911
1264,350876.3842744911
1265,350876.3842744911
1266,350876.3842744911
1267,350876.3842744911
1268,350876.3842744911
1269,350876.3842744911
1270,350876.3842744911
1271,350876.3842744911
1272,350876.3842744911
1273,350876.3842744911
1274,350876.3842744911
1275,350876.3842744911
1276,350876.3842744911
1277,350876.3842744911
1278,350876.3842744911
1279,350876.3842744911
1280,350876.3842744911
1281,350876.3842744911
1282,350876.3842744911
1283,350876.3842744911
1284,350876.3842744911
1285,350876.3842744911
1286,350876.3842744911
1287,350876.3842744911
1288,350876.384274491
1289,350876.384274491
1290,350876.384274491
1291,350876.384274491
1292,350876.384274491
1293,350876.384274491
1294,350876.384274491
1295,350876.384274491
1296,350876.384274491
1297,350876.384274491
1298,350876.384274491
1299,350876.384274491
1300,350876.384274491
1301,350876.384274491
1302,350876.384274491
1303,350876.384274491
1304,350876.384274491
1305,350876.384274491
1306,350876.384274491
1307,350876.384274491
1308,350876.384274491
1309,350876.384274491
1310,350876.384274491
1311,350876.384274491
1312,350876.384274491
1313,350876.384274491
1314,350876.384274491
1315,350876.384274491
1316,350876.384274491
1317,350876.384274491
1318,350876.384274491
1319,350876.384274491
1320,350876.384274491
1321,350876.384274491
1322,350876.384274491
1323,350876.384274491
1324,350876.384274491
1325,350876.384274491
1326,350876.384274491
1327,350876.384274491
1328,350876.384274491
1329,350876.384274491
1330,350876.384274491
1331,350876.384274491
1332,350876.384274491
1333,350876.384274491
1334,350876.384274491
1335,350876.384274491
1336,350876.384274491
1337,350876.384274491
1338,350876.384274491
1339,350876.384274491
1340,350876.384274491
1341,350876.384274491
1342,350876.384274491
1343,350876.384274491
1344,350876.384274491
1345,350876.384274491
1346,350876.384274491
1347,350876.384274491
1348,350876.384274491
1349,350876.384274491
1350,350876.384274491
1351,350876.384274491
1352,350876.384274491
1353,350876.384274491
1354,350876.384274491
1355,350876.384274491
1356,350876.384274491
1357,350876.384274491
1358,350876.384274491
1359,350876.384274491
1360,350876.384274491
1361,350876.384274491
1362,350876.384274491
1363,350876.384274491
1364,350876.384274491
1365,350876.384274491
1366,350876.384274491
1367,350876.384274491
1368,350876.384274491
1369,350876.384274491
1370,350876.384274491
1371,350876.384274491
1372,350876.384274491
1373,350876.384274491
1374,350876.384274491
1375,350876.384274491
1376,350876.384274491
1377,350876.384274491
1378,350876.384274491
1379,350876.384274491
1380,350876.384274491
1381,350876.384274491
1382,350876.384274491
1383,350876.384274491
1384,350876.384274491
1385,350876.384274491
1386,350876.384274491
1387,350876.384274491
1388,350876.384274491
1389,350876.384274491
1390,331841.74404026486
1391,331841.7440402645
1392,331841.7440402645
1393,331841.7440402645
1394,331841.7440402645
1395,331841.7440402645
1396,331841.7440402645
1397,331841.7440402645
1398,331841.7440402645
1399,331841.7440402645
1400,331841.7440402645
1401,331841.7440402645
1402,331841.7440402645
1403,331841.7440402645
1404,331841.7440402645
1405,331841.7440402645
1406,331841.7440402645
1407,331841.7440402645
1408,331841.7440402645
1409,331841.7440402645
1410,331841.7440402645
1411,331841.7440402645
1412,331841.7440402645
1413,331841.7440402645
1414,331841.7440402645
1415,331841.7440402645
1416,331841.7440402645
1417,331841.7440402645
1418,331841.7440402645
1419,331841.7440402645
1420,331841.7440402645
1421,331841.7440402645
1422,331841.7440402645
1423,331841.7440402645
1424,331841.7440402645
1425,331841.7440402645
1426,331841.7440402645
1427,331841.7440402645
1428,331841.7440402645
1429,311285.1220723653
1430,311285.1220723653
1431,311285.1220723653
1432,311285.1220723653
1433,311285.1220723653
1434,311285.1220723653
1435,311285.1220723653
1436,311285.1220723653
1437,311285.1220723653
1438,311285.1220723653
1439,311285.1220723653
1440,311285.1220723653
1441,311285.1220723653
1442,311285.1220723653
1443,311285.1220723653
1444,311285.1220723653
1445,311285.1220723653
1446,311285.1220723653
1447,311285.1220723653
1448,311285.1220723653
1449,311285.1220723653
1450,311285.1220723653
1451,311285.1220723653
1452,311285.1220723653
1453,311285.1220723653
1454,311285.12207236496
1455,311285.12207236496
1456,311285.12207236496
1457,311285.12207236496
1458,311285.12207236496
1459,311285.12207236496
1460,311285.12207236496
1461,311285.12207236496
1462,311285.12207236496
1463,311285.12207236496
1464,311285.12207236496
1465,311285.12207236496
1466,311285.12207236496
1467,311285.12207236496
1468,311285.12207236496
1469,311285.12207236496
1470,311285.12207236496
1471,311285.12207236496
1472,311285.12207236496
1473,311285.12207236496
1474,311285.12207236496
1475,311285.12207236496
1476,311285.12207236496
1477,311285.12207236496
1478,311285.12207236496
1479,311285.12207236496
1480,311285.12207236496
1481,307691.0568929244
1482,307691.0568929244
1483,307691.0568929244
1484,307691.0568929244
1485,307691.0568929244
1486,307691.0568929244
1487,307691.0568929244
1488,307691.05689292424
1489,307691.0568929239
1490,307691.0568929239
1491,307691.0568929239
1492,307691.0568929239
1493,307691.0568929239
1494,307691.0568929239
1495,307691.0568929239
1496,307691.0568929239
1497,307691.0568929239
1498,307691.0568929239
1499,307691.0568929239
1500,307691.0568929239
1501,307691.05689292366
1502,307691.05689292366
1503,307691.05689292366
1504,307691.05689292366
1505,307691.05689292366
1506,307691.05689292366
1507,307691.05689292366
1508,307691.05689292366
1509,307691.05689292366
1510,307691.05689292366
1511,307691.05689292366
1512,307691.05689292366
1513,307691.05689292366
1514,307691.05689292366
1515,307691.05689292366
1516,307691.05689292366
1517,307691.05689292366
1518,307691.05689292366
1519,307691.05689292366
1520,307691.05689292366
1521,307691.05689292366
1522,307691.05689292366
1523,307691.05689292366
1524,307691.05689292366
1525,307691.05689292366
1526,307691.05689292366
1527,307691.05689292366
1528,307691.05689292366
1529,307691.05689292366
1530,307691.05689292366
1531,307691.05689292366
1532,307691.05689292366
1533,307691.05689292366
1534,307691.05689292366
1535,307691.05689292366
1536,307691.05689292366
1537,307691.05689292366
1538,307691.05689292366
1539,307691.05689292366
1540,307691.05689292366
1541,307691.05689292366
1542,307691.05689292366
1543,307691.05689292366
1544,306661.77345668105
1545,306661.77345668105
1546,306661.77345668105
1547,306661.77345668105
1548,306661.77345668105
1549,306661.77345668105
1550,306661.77345668105
1551,306661.77345668105
1552,306661.77345668105
1553,306661.77345668105
1554,306661.77345668105
1555,306661.77345668105
1556,306661.77345668105
1557,306661.77345668105
1558,306661.77345668105
1559,306661.77345668105
1560,306661.77345668105
1561,306661.77345668105
1562,306661.77345668105
1563,306661.77345668105
1564,306661.77345668105
1565,306661.77345668105
1566,306661.77345668105
1567,306661.77345668105
1568,306661.77345668105
1569,306661.77345668105
1570,306661.77345668105
1571,306661.77345668105
1572,306661.77345668105
1573,306661.77345668105
1574,306661.77345668105
1575,306661.77345668105
1576,306661.77345668105
1577,306661.77345668105
1578,306661.77345668105
1579,306661.77345668105
1580,306661.77345668105
1581,306661.77345668105
1582,306661.77345668105
1583,306661.77345668105
1584,306661.77345668105
1585,306661.77345668105
1586,306661.77345668105
1587,306661.77345668105
1588,306661.77345668105
1589,306661.77345668105
1590,306661.77345668105
1591,306661.77345668105
1592,306661.77345668105
1593,306661.77345668105
1594,306661.77345668105
1595,306661.77345668105
1596,306661.77345668105
1597,306661.77345668105
1598,306661.77345668105
1599,306661.77345668105
1600,306661.77345668105
1601,297455.1697888353
1602,297455.1697888353
1603,297455.1697888353
1604,297455.1697888353
1605,297455.1697888353
1606,297455.1697888353
1607,297455.1697888353
1608,297455.1697888353
1609,297455.1697888353
1610,297455.1697888353
1611,297455.1697888353
1612,297455.1697888353
1613,297455.1697888353
1614,297455.1697888353
1615,297455.1697888353
1616,297455.1697888353
1617,297455.1697888353
1618,297455.1697888353
1619,297455.1697888353
1620,297455.1697888353
1621,297455.1697888353
1622,297455.1697888353
1623,297455.1697888353
1624,297455.1697888353
1625,297455.1697888353
1626,297455.16978883505
1627,297455.16978883505
1628,297455.16978883505
1629,297455.16978883505
1630,297455.16978883505
1631,297455.16978883505
1632,297455.16978883505
1633,297455.16978883505
1634,297455.16978883505
1635,297455.16978883505
1636,297455.16978883505
1637,297455.16978883505
1638,297455.16978883505
1639,297455.16978883505
1640,297455.16978883505
1641,297455.16978883505
1642,297455.16978883505
1643,297455.16978883505
1644,297455.16978883505
1645,297455.16978883505
1646,297455.16978883505
1647,297455.16978883505
1648,297455.16978883505
1649,297455.16978883505
1650,297455.16978883505
1651,297455.16978883505
1652,297455.16978883505
1653,297455.16978883505
1654,297455.16978883505
1655,297455.16978883505
1656,297455.16978883505
1657,297455.16978883505
1658,297455.16978883505
1659,297455.16978883505
1660,297455.16978883505
1661,297455.16978883505
1662,296499.34428303473
1663,296499.34428303473
1664,296499.34428303473
1665,296499.34428303473
1666,296499.34428303473
1667,296499.34428303473
1668,296499.34428303473
1669,296499.34428303473
1670,296499.34428303473
1671,296499.34428303473
1672,295395.012437157
1673,295395.012437157
1674,295395.012437157
1675,295395.012437157
1676,295395.012437157
1677,295395.012437157
1678,295395.012437157
1679,295395.012437157
1680,295395.012437157
1681,295395.012437157
1682,295395.012437157
1683,295395.012437157
1684,295395.012437157
1685,295395.012437157
1686,295395.012437157
1687,295395.012437157
1688,295395.012437157
1689,295395.01243715675
1690,295395.01243715675
1691,295395.01243715675
1692,295395.01243715675
1693,295395.01243715675
1694,295395.01243715675
1695,295395.0124371567
1696,295395.0124371567
1697,295395.0124371567
1698,295395.0124371567
1699,295395.0124371567
1700,295395.0124371567
1701,295395.0124371567
1702,295395.0124371567
1703,295395.0124371567
1704,295395.0124371567
1705,295395.0124371567
1706,295395.0124371567
1707,295395.0124371567
1708,295395.0124371567
1709,295395.0124371567
1710,295395.0124371567
1711,295395.0124371567
1712,295395.0124371567
1713,295395.0124371567
1714,295395.0124371567
1715,295395.0124371567
1716,295395.0124371567
1717,295395.0124371567
1718,295395.0124371567
1719,295395.0124371567
1720,295395.0124371567
1721,295395.0124371567
1722,295395.0124371567
1723,295395.0124371567
1724,295395.0124371567
1725,295395.0124371567
1726,295395.0124371567
1727,295395.0124371567
1728,295395.0124371567
1729,295395.0124371567
1730,295395.0124371567
1731,295395.0124371567
1732,295395.0124371567
1733,295395.0124371567
1734,295395.0124371567
1735,295395.0124371567
1736,295395.0124371567
1737,295395.0124371567
1738,295395.0124371567
1739,295395.0124371567
1740,295395.0124371567
1741,295395.0124371567
1742,295395.0124371567
1743,295395.0124371567
1744,295395.0124371567
1745,295395.0124371567
1746,295395.0124371567
1747,295395.0124371567
1748,295395.0124371567
1749,295395.0124371567
1750,295395.0124371567
1751,295395.0124371567
1752,295395.0124371567
1753,295395.0124371567
1754,295395.01243715663
1755,295395.01243715663
1756,295395.01243715663
1757,295395.01243715663
1758,295395.01243715663
1759,295395.01243715663
1760,295395.01243715663
1761,295395.01243715663
1762,295395.01243715663
1763,295395.01243715663
1764,295395.01243715663
1765,295395.01243715663
1766,295395.01243715663
1767,295395.01243715663
1768,295395.01243715663
1769,295395.01243715663
1770,295395.01243715663
1771,295395.01243715663
1772,295395.01243715663
1773,295395.01243715663
1774,295395.01243715663
1775,295395.01243715663
1776,295395.01243715663
1777,295395.01243715663
1778,288725.5554393059
1779,288346.571200622
1780,288346.571200622
1781,288346.571200622
1782,288346.571200622
1783,288346.571200622
1784,288346.571200622
1785,288346.571200622
1786,276862.5467436873
1787,276862.5467436873
1788,276862.5467436873
1789,276862.5467436873
1790,276862.5467436873
1791,276862.5467436873
1792,276862.5467436873
1793,276862.5467436873
1794,276862.5467436873
1795,276862.5467436873
1796,276862.5467436873
1797,276862.5467436873
1798,276862.5467436873
1799,276862.5467436873
1800,276862.5467436873
1801,276862.5467436873
1802,276862.5467436873
1803,276862.5467436873
1804,276862.5467436873
1805,276862.5467436873
1806,276862.5467436873
1807,276862.5467436873
1808,276862.5467436873
1809,276862.5467436873
1810,276862.5467436873
1811,276862.5467436873
1812,276862.5467436873
1813,276862.5467436868
1814,276862.5467436868
1815,276862.5467436868
1816,276862.5467436868
1817,276862.5467436868
1818,276862.5467436868
1819,276862.5467436868
1820,276862.5467436868
1821,276862.5467436868
1822,276862.5467436868
1823,276862.5467436868
1824,276862.5467436868
1825,276862.5467436868
1826,276862.5467436868
1827,276862.5467436868
1828,276862.5467436868
1829,276862.5467436868
1830,276862.5467436868
1831,276862.5467436868
1832,276862.5467436868
1833,276862.5467436868
1834,276862.5467436868
1835,276862.5467436868
1836,276862.5467436868
1837,276862.5467436868
1838,276862.5467436868
1839,276862.5467436868
1840,276862.5467436868
1841,276862.5467436868
1842,276862.5467436868
1843,276862.5467436868
1844,276862.5467436868
1845,276862.5467436868
1846,276862.5467436868
1847,276862.5467436868
1848,276862.5467436868
1849,276862.5467436868
1850,276862.5467436868
1851,276862.5467436868
1852,276862.5467436868
1853,276862.5467436868
1854,276862.5467436868
1855,276862.5467436868
1856,276862.5467436868
1857,276862.5467436868
1858,276862.5467436868
1859,276862.5467436868
1860,276862.5467436868
1861,276862.5467436868
1862,276862.5467436868
1863,276862.5467436868
1864,276862.5467436868
1865,276862.5467436868
1866,276862.5467436868
1867,276862.5467436868
1868,276862.5467436868
1869,276862.5467436868
1870,276862.5467436868
1871,276862.5467436868
1872,276862.5467436868
1873,276862.5467436868
1874,276862.5467436868
1875,276862.5467436868
1876,276862.5467436868
1877,276862.5467436868
1878,276862.5467436868
1879,276862.5467436868
1880,276862.5467436868
1881,276862.5467436868
1882,276862.5467436868
1883,276862.5467436868
1884,276862.5467436868
1885,276862.5467436868
1886,276862.5467436868
1887,276862.5467436868
1888,276862.5467436868
1889,276862.5467436868
1890,276862.5467436868
1891,276862.5467436868
1892,276514.60939548054
1893,276514.60939548054
1894,276514.60939548054
1895,276514.60939548054
1896,276514.60939548054
1897,276514.60939548054
1898,276514.60939548054
1899,276514.60939548054
1900,276514.60939548054
1901,276514.60939548054
1902,276514.60939548054
1903,276514.60939548054
1904,276514.60939548054
1905,276514.60939548054
1906,276514.60939548054
1907,276514.60939548037
1908,276514.60939548037
1909,276514.60939548037
1910,276514.60939548037
1911,276514.60939548037
1912,276514.60939548037
1913,276514.60939548037
1914,276514.60939548037
1915,276514.60939548037
1916,276514.60939548037
1917,276514.60939548037
1918,276514.60939548037
1919,276514.60939548037
1920,276514.60939548037
1921,276514.60939548037
1922,276514.60939548037
1923,276514.60939548037
1924,276514.60939548037
1925,276514.60939548037
1926,276514.60939548037
1927,276514.60939548037
1928,276514.60939548037
1929,276514.60939548037
1930,276514.60939548037
1931,276514.60939548037
1932,276514.60939548037
1933,276514.60939548037
1934,276514.60939548037
1935,276514.60939548037
1936,276514.60939548037
1937,276514.60939548037
1938,276514.60939548037
1939,276514.60939548037
1940,276514.60939548037
1941,276514.60939548037
1942,276514.60939548037
1943,276514.60939548037
1944,276514.60939548037
1945,276514.60939548037
1946,276514.60939548037
1947,276514.60939548037
1948,276514.60939548037
1949,276514.60939548037
1950,276514.60939548037
1951,276514.60939548037
1952,276514.60939548037
1953,276514.60939548037
1954,276514.60939548037
1955,276514.60939548037
1956,276514.60939548037
1957,276514.60939548037
1958,276514.60939548037
1959,276514.60939548037
1960,221160.33789969853
1961,221160.33789969824
1962,221160.33789969824
1963,221160.33789969806
1964,221160.33789969806
1965,221160.33789969806
1966,221160.33789969806
1967,221160.33789969806
1968,221160.33789969806
1969,221160.33789969806
1970,221160.33789969806
1971,221160.33789969806
1972,221160.33789969806
1973,221160.33789969806
1974,221160.33789969806
1975,221160.33789969806
1976,221160.33789969806
1977,221160.33789969806
1978,221160.33789969806
1979,221160.33789969806
1980,221160.33789969806
1981,221160.33789969806
1982,221160.33789969806
1983,221160.33789969806
1984,221160.33789969806
1985,221160.33789969806
1986,221160.33789969806
1987,221160.33789969806
1988,203017.38329654254
1989,203017.38329654254
1990,203017.38329654254
1991,203017.38329654254
1992,202803.92914804906
1993,202803.92914804906
1994,201459.56339039988
1995,201459.56339039988
1996,201459.56339039988
1997,201459.56339039988
1998,201459.56339039988
1999,201459.56339039988
2000,201459.56339039988
2001,201459.56339039988
2002,201459.56339039988
2003,201459.56339039988
2004,201459.56339039933
2005,201459.56339039933
2006,201459.56339039933
2007,201459.56339039933
2008,201459.56339039933
2009,201459.56339039933
2010,201459.56339039933
2011,201459.56339039933
2012,201459.56339039933
2013,201459.56339039933
2014,201459.56339039933
2015,201459.56339039933
2016,201459.56339039933
2017,201459.56339039933
2018,201459.56339039933
2019,201459.56339039933
2020,201459.56339039933
2021,201459.56339039933
2022,201459.56339039933
2023,201459.56339039933
2024,201459.56339039933
2025,201459.56339039933
2026,201459.56339039933
2027,201459.56339039933
2028,201459.56339039933
2029,201459.56339039933
2030,201459.56339039933
2031,201459.56339039933
2032,201459.56339039933
2033,201459.56339039933
2034,201459.56339039933
2035,201459.56339039933
2036,201459.56339039933
2037,201459.56339039933
2038,201459.56339039933
2039,201459.56339039933
2040,201459.56339039933
2041,201459.56339039933
2042,201459.56339039933
2043,201459.56339039933
2044,201459.56339039933
2045,201459.56339039933
2046,201459.56339039933
2047,201459.56339039933
2048,201459.56339039933
2049,201459.56339039933
2050,201459.56339039933
2051,201459.56339039933
2052,201459.56339039933
2053,201459.56339039933
2054,201459.56339039933
2055,201459.56339039933
2056,201459.56339039933
2057,201459.56339039933
2058,201459.56339039933
2059,201459.56339039933
2060,201459.56339039933
2061,201459.56339039933
2062,201459.56339039933
2063,201459.56339039933
2064,201459.56339039933
2065,201459.56339039933
2066,201459.56339039933
2067,201459.56339039933
2068,201459.56339039933
2069,201459.56339039933
2070,201459.56339039933
2071,201459.56339039933
2072,201459.56339039933
2073,201459.56339039933
2074,201459.56339039933
2075,201459.56339039933
2076,201459.56339039933
2077,201459.56339039933
2078,201459.56339039933
2079,201459.56339039933
2080,201459.56339039933
2081,201459.56339039933
2082,201459.56339039933
2083,201459.56339039933
2084,201459.56339039933
2085,201459.5633903993
2086,201459.5633903993
2087,201459.5633903993
2088,201459.5633903993
2089,201459.5633903993
2090,201459.5633903993
2091,201459.5633903993
2092,201459.5633903993
2093,201459.5633903993
2094,201459.5633903993
2095,201459.5633903993
2096,201459.5633903993
2097,201459.56339039927
2098,201459.56339039927
2099,201459.56339039927
2100,201459.56339039927
2101,201459.56339039927
2102,201459.56339039927
2103,201459.56339039927
2104,201459.56339039927
2105,201459.56339039927
2106,201459.56339039927
2107,201459.56339039927
2108,201459.56339039927
2109,201459.56339039927
2110,201459.56339039927
2111,201459.56339039927
2112,201459.56339039927
2113,201459.56339039927
2114,201459.56339039927
2115,201459.56339039927
2116,201459.56339039927
2117,201459.56339039927
2118,201459.56339039927
2119,201459.56339039927
2120,201459.56339039927
2121,201459.56339039927
2122,201459.56339039927
2123,201459.56339039927
2124,201459.56339039927
2125,201459.56339039927
2126,201459.56339039927
2127,201459.56339039927
2128,201459.56339039927
2129,201459.56339039927
2130,201459.56339039927
2131,201459.56339039927
2132,201459.56339039927
2133,201459.56339039927
2134,201459.56339039927
2135,201459.56339039927
2136,201459.56339039918
2137,199517.36480502947
2138,199517.36480502947
2139,199517.36480502947
2140,199517.36480502947
2141,180619.7460546698
2142,180619.7460546698
2143,180619.7460546698
2144,180619.7460546698
2145,180619.7460546698
2146,180619.7460546698
2147,180619.7460546698
2148,180619.7460546698
2149,180619.7460546698
2150,180619.7460546698
2151,180619.7460546698
2152,180619.7460546698
2153,180619.7460546698
2154,180619.7460546698
2155,180619.7460546698
2156,180619.7460546698
2157,180619.7460546698
2158,180619.7460546698
2159,180619.7460546698
2160,180619.7460546698
2161,180619.7460546698
2162,180619.7460546698
2163,180619.7460546698
2164,180619.7460546698
2165,180619.7460546698
2166,180619.7460546698
2167,180619.7460546698
2168,180619.7460546698
2169,180619.7460546698
2170,180619.7460546698
2171,180619.7460546698
2172,180619.7460546698
2173,180619.7460546698
2174,180619.7460546698
2175,180619.7460546698
2176,180619.7460546698
2177,180619.7460546698
2178,180619.7460546698
2179,180619.7460546698
2180,180619.7460546698
2181,180619.7460546696
2182,180619.7460546696
2183,180619.7460546696
2184,180619.7460546696
2185,180619.7460546696
2186,180619.7460546696
2187,180619.7460546696
2188,180619.7460546696
2189,180619.7460546696
2190,180619.7460546696
2191,180619.7460546696
2192,180619.7460546696
2193,180619.7460546696
2194,180619.7460546696
2195,180619.7460546696
2196,180619.7460546696
2197,180619.7460546696
2198,180619.7460546696
2199,180619.7460546696
2200,180619.7460546696
2201,180619.7460546696
2202,180619.7460546696
2203,180619.7460546696
2204,180619.7460546696
2205,180619.7460546696
2206,180619.7460546696
2207,180619.7460546696
2208,180619.7460546696
2209,180619.7460546696
2210,180619.7460546696
2211,180619.7460546696
2212,180619.7460546696
2213,180619.7460546696
2214,180619.7460546696
2215,180619.7460546696
2216,180619.7460546696
2217,180619.7460546696
2218,180619.7460546696
2219,180619.7460546696
2220,180619.7460546696
2221,180619.7460546696
2222,180619.7460546696
2223,180619.7460546696
2224,180619.7460546696
2225,180619.7460546696
2226,180619.7460546696
2227,180619.7460546696
2228,180619.7460546696
2229,180619.7460546696
2230,180619.7460546696
2231,180619.7460546696
2232,180619.7460546696
2233,180619.7460546696
2234,180619.7460546696
2235,180619.7460546696
2236,180619.7460546696
2237,180619.7460546696
2238,173827.08464664107
2239,173827.08464664107
2240,173827.08464664107
2241,173827.08464664107
2242,173827.08464664107
2243,173827.08464664107
2244,173827.08464664107
2245,173827.08464664107
2246,173827.08464664107
2247,173827.08464664107
2248,173827.08464664107
2249,173827.08464664107
2250,173827.08464664107
2251,173827.08464664107
2252,173827.08464664107
2253,173827.08464664107
2254,173827.08464664107
2255,173827.08464664107
2256,173827.08464664093
2257,173827.08464664093
2258,173827.08464664093
2259,173827.08464664093
2260,173827.08464664093
2261,173827.08464664093
2262,173827.08464664093
2263,173827.08464664093
2264,173827.08464664093
2265,173827.08464664093
2266,173827.08464664093
2267,173827.08464664093
2268,173827.08464664093
2269,173827.08464664093
2270,173827.08464664093
2271,173827.08464664093
2272,173827.08464664093
2273,173827.08464664093
2274,173827.08464664093
2275,173827.08464664093
2276,173827.08464664093
2277,173827.08464664093
2278,173827.08464664093
2279,173827.08464664093
2280,173827.08464664093
2281,173827.08464664093
2282,173827.08464664093
2283,173827.08464664093
2284,173827.08464664093
2285,173827.08464664093
2286,173827.08464664093
2287,173827.08464664093
2288,173827.08464664093
2289,173827.08464664093
2290,173827.08464664093
2291,173827.08464664093
2292,173827.08464664093
2293,173827.08464664093
2294,173827.08464664093
2295,173827.08464664093
2296,173827.08464664093
2297,173827.08464664093
2298,173827.08464664093
2299,173827.08464664093
2300,173827.08464664093
2301,173827.08464664093
2302,173827.08464664093
2303,173827.08464664093
2304,173827.08464664093
2305,173827.08464664093
2306,173827.08464664093
2307,170508.69031126244
2308,170508.69031126244
2309,170508.69031126244
2310,170508.69031126244
2311,170508.69031126244
2312,170508.69031126244
2313,170508.69031126244
2314,170508.69031126244
2315,170508.69031126244
2316,170508.69031126244
2317,170508.69031126244
2318,170508.69031126244
2319,170508.69031126244
2320,170508.69031126244
2321,170508.69031126244
2322,170508.69031126244
2323,170508.69031126244
2324,170508.69031126244
2325,170508.69031126244
2326,170508.69031126244
2327,170508.69031126244
2328,170508.69031126244
2329,170508.69031126244
2330,170508.69031126244
2331,170508.69031126244
2332,170508.69031126244
2333,170508.69031126244
2334,170508.69031126244
2335,170508.69031126244
2336,170508.69031126244
2337,170508.69031126244
2338,170508.69031126244
2339,170508.69031126244
2340,170508.69031126244
2341,170508.69031126244
2342,170337.3553609114
2343,170337.3553609114
2344,170337.3553609114
2345,170337.35536091132
2346,170337.35536091132
2347,170337.35536091132
2348,170337.35536091132
2349,170337.35536091132
2350,170337.35536091132
2351,170337.35536091132
2352,170337.35536091132
2353,170337.35536091132
2354,170337.35536091132
2355,170337.35536091132
2356,170337.35536091132
2357,170337.35536091132
2358,170337.35536091132
2359,170337.35536091132
2360,170337.35536091132
2361,170337.35536091132
2362,170337.35536091132
2363,170337.35536091126
2364,170337.35536091126
2365,170337.35536091126
2366,170337.35536091126
2367,170337.35536091126
2368,170337.35536091126
2369,170337.35536091126
2370,170337.35536091126
2371,170337.35536091126
2372,170292.18581208287
2373,170292.18581208287
2374,170292.18581208287
2375,170292.18581208287
2376,170292.18581208287
2377,170292.18581208287
2378,170292.18581208287
2379,170292.18581208287
2380,170292.18581208287
2381,170292.18581208287
2382,170292.18581208287
2383,170292.18581208272
2384,170292.18581208272
2385,170292.18581208272
2386,170292.18581208272
2387,170292.18581208272
2388,170292.18581208272
2389,170292.18581208272
2390,170292.18581208272
2391,170292.18581208272
2392,170292.18581208272
2393,170292.18581208272
2394,170292.18581208272
2395,170292.18581208272
2396,170292.18581208272
2397,170292.18581208272
2398,170292.18581208272
2399,170292.18581208272
2400,170292.18581208272
2401,170292.18581208272
2402,170292.18581208272
2403,170292.18581208272
2404,170292.18581208246
2405,170292.18581208246
2406,170292.18581208246
2407,170292.18581208246
2408,170292.18581208246
2409,170292.18581208246
2410,170292.18581208246
2411,170292.18581208246
2412,170292.18581208246
2413,170292.18581208246
2414,170292.18581208246
2415,170292.18581208246
2416,170292.18581208246
2417,170292.18581208246
2418,170292.18581208246
2419,170292.18581208246
2420,170292.18581208246
2421,170292.18581208246
2422,170292.18581208246
2423,170292.18581208246
2424,170292.18581208246
2425,170292.18581208246
2426,170292.18581208246
2427,170292.18581208246
2428,170292.18581208246
2429,170292.18581208246
2430,170292.18581208246
2431,170292.18581208246
2432,170292.18581208246
2433,166866.14535546864
2434,159718.07629236343
2435,159718.07629236343
2436,159718.07629236343
2437,159718.07629236343
2438,159718.07629236343
2439,159718.07629236343
2440,159718.07629236343
2441,159718.07629236343
2442,159718.07629236343
2443,159718.07629236343
2444,159718.07629236343
2445,159718.07629236343
2446,159718.07629236343
2447,159718.07629236343
2448,159718.07629236343
2449,159718.07629236343
2450,159718.07629236343
2451,159718.07629236343
2452,159718.07629236343
2453,159718.07629236343
2454,159718.07629236343
2455,159718.07629236343
2456,148984.3675184743
2457,148984.3675184743
2458,148984.3675184743
2459,148984.3675184743
2460,148984.3675184743
2461,148984.3675184743
2462,148984.3675184743
2463,148984.3675184743
2464,148984.3675184743
2465,148984.3675184743
2466,148984.3675184743
2467,148984.3675184743
2468,148984.3675184743
2469,148984.3675184743
2470,148984.3675184743
2471,148984.3675184743
2472,148984.3675184743
2473,148984.3675184743
2474,148984.3675184743
2475,148984.3675184743
2476,148984.3675184743
2477,148984.3675184743
2478,148984.3675184743
2479,148984.3675184743
2480,148984.3675184743
2481,148984.3675184743
2482,148984.3675184743
2483,148984.3675184743
2484,148984.3675184743
2485,148984.3675184743
2486,148984.3675184743
2487,148984.3675184743
2488,148984.3675184743
2489,148984.3675184743
2490,148984.3675184743
2491,148984.3675184743
2492,148984.3675184743
2493,148984.3675184743
2494,148984.3675184743
2495,148984.3675184743
2496,148984.3675184743
2497,148984.3675184743
2498,148984.3675184743
2499,138438.50843735083
