iteracion,valor_coste
0,751033.1359666446
1,704227.6732887313
2,704227.6732887313
3,704227.6732887313
4,704227.6732887313
5,704227.6732887313
6,531363.7390382934
7,531363.7390382934
8,514603.4574520431
9,514603.4574520431
10,514603.4574520431
11,514603.4574520431
12,514603.4574520431
13,514603.4574520431
14,514603.4574520431
15,514603.4574520431
16,514603.4574520431
17,514603.4574520431
18,514603.4574520431
19,507799.4800212434
20,507799.4800212434
21,507799.4800212434
22,507799.4800212434
23,496712.44124559034
24,496712.44124559034
25,415990.1850640325
26,415990.1850640325
27,415990.1850640325
28,409915.4928125312
29,409915.4928125312
30,409915.4928125312
31,409915.4928125312
32,409915.4928125312
33,409915.4928125312
34,409915.4928125312
35,372224.7288468504
36,372224.7288468504
37,372224.7288468504
38,372224.7288468504
39,372224.7288468504
40,372224.7288468504
41,372224.72884685034
42,372224.72884685034
43,372224.72884685034
44,372224.72884685034
45,372224.72884685034
46,372224.72884685034
47,372224.72884685034
48,372224.72884685034
49,350546.9151470725
50,350546.9151470725
51,350546.9151470722
52,349322.31750766933
53,349322.31750766933
54,349322.31750766933
55,349322.31750766933
56,349322.31750766933
57,349322.31750766933
58,349322.31750766933
59,349322.31750766933
60,349322.31750766933
61,349322.31750766916
62,349322.31750766916
63,294884.9103845328
64,294884.9103845328
65,294884.9103845328
66,294884.9103845328
67,273468.4925061362
68,273468.4925061362
69,273468.4925061362
70,273468.4925061362
71,273468.4925061362
72,273468.4925061362
73,273468.4925061362
74,273468.4925061362
75,273468.4925061362
76,273468.4925061362
77,273468.4925061362
78,273468.4925061362
79,273468.4925061362
80,273468.4925061362
81,273468.4925061362
82,273468.4925061362
83,273468.4925061362
84,273468.4925061362
85,273468.4925061362
86,273468.4925061362
87,273468.4925061362
88,273468.4925061362
89,273468.4925061362
90,273468.4925061362
91,273468.4925061362
92,273468.4925061362
93,273468.4925061361
94,273468.4925061361
95,273468.4925061361
96,273468.4925061361
97,273468.4925061361
98,273468.4925061361
99,273468.4925061361
100,273468.4925061361
101,273468.4925061361
102,273468.4925061361
103,273468.4925061361
104,273468.4925061361
105,273468.4925061361
106,273468.4925061361
107,273468.4925061361
108,273468.4925061361
109,273468.4925061361
110,273468.4925061361
111,273468.4925061361
112,273468.4925061361
113,273468.4925061361
114,273468.4925061361
115,273468.4925061361
116,273396.99864226294
117,273396.99864226294
118,273396.9986422629
119,273396.9986422629
120,273396.9986422629
121,273396.9986422629
122,273396.9986422629
123,273396.9986422629
124,273396.9986422629
125,273396.9986422629
126,273396.9986422629
127,273396.9986422629
128,273396.9986422629
129,273396.9986422629
130,273396.9986422628
131,273396.9986422628
132,273396.9986422628
133,273396.9986422628
134,273396.9986422628
135,273396.9986422628
136,273396.9986422628
137,273396.9986422628
138,273396.9986422628
139,273396.9986422628
140,273396.9986422628
141,273396.9986422628
142,273396.9986422628
143,273396.9986422628
144,273396.9986422628
145,273396.9986422628
146,273396.9986422628
147,273396.9986422628
148,273396.9986422628
149,273396.9986422628
150,273396.9986422628
151,273396.9986422628
152,273396.9986422628
153,273396.9986422628
154,273396.9986422628
155,273396.9986422628
156,273396.9986422628
157,273396.9986422628
158,273396.9986422628
159,273396.9986422628
160,273396.9986422628
161,273396.9986422628
162,273396.9986422628
163,273396.9986422628
164,273396.9986422628
165,273396.9986422628
166,273396.9986422628
167,273396.9986422628
168,273396.9986422628
169,273396.9986422628
170,273396.9986422628
171,273396.9986422628
172,273396.9986422628
173,273396.9986422628
174,273396.9986422628
175,273396.99864226277
176,273396.99864226277
177,273396.99864226277
178,273396.99864226277
179,273396.99864226277
180,273396.99864226277
181,273396.99864226277
182,273396.99864226277
183,273396.99864226277
184,273396.99864226277
185,273396.99864226277
186,273396.99864226277
187,273396.99864226277
188,273396.99864226277
189,273396.99864226277
190,273396.99864226277
191,273396.99864226277
192,273396.99864226277
193,273396.99864226277
194,273396.99864226277
195,273396.99864226277
196,273396.99864226277
197,273396.99864226277
198,273396.99864226277
199,273396.99864226277
200,273396.99864226277
201,273396.99864226277
202,273396.99864226277
203,273396.99864226277
204,273396.99864226277
205,273396.99864226277
206,273396.99864226277
207,273396.99864226277
208,273396.99864226277
209,273396.99864226277
210,273396.99864226277
211,273396.99864226277
212,273396.99864226277
213,273396.99864226277
214,273396.99864226277
215,273396.99864226277
216,273396.99864226277
217,273396.99864226277
218,273396.99864226277
219,273396.99864226277
220,273396.99864226277
221,273396.99864226277
222,273396.99864226277
223,273396.99864226277
224,273396.99864226277
225,273396.99864226277
226,273396.99864226277
227,273396.99864226277
228,273396.99864226277
229,273396.99864226277
230,273396.99864226277
231,273396.99864226277
232,273396.99864226277
233,273396.99864226277
234,273396.99864226277
235,273396.99864226277
236,273396.99864226277
237,273396.99864226277
238,273396.99864226277
239,273396.99864226277
240,273396.99864226277
241,273396.99864226277
242,273396.99864226277
243,272655.41659703804
244,272655.41659703804
245,272655.41659703804
246,272655.41659703804
247,272655.41659703804
248,272655.41659703804
249,272655.41659703804
250,272655.41659703804
251,272655.41659703804
252,272655.41659703804
253,272655.41659703804
254,272655.41659703804
255,272655.41659703804
256,272655.41659703804
257,272655.41659703804
258,272655.41659703804
259,272655.41659703804
260,272655.41659703804
261,272655.41659703804
262,272655.41659703804
263,272655.41659703804
264,272655.41659703804
265,272655.41659703804
266,272655.41659703804
267,272655.41659703804
268,272655.41659703804
269,272655.41659703804
270,270173.18814886006
271,270173.18814886
272,270173.18814886
273,269386.5797906023
274,269386.5797906023
275,269386.5797906023
276,269386.5797906023
277,269386.57979060226
278,269386.57979060226
279,269386.5797906022
280,269386.5797906022
281,269386.5797906022
282,269386.5797906022
283,269386.5797906022
284,269386.5797906022
285,269386.5797906022
286,269386.5797906022
287,269386.5797906022
288,269386.5797906022
289,269386.5797906022
290,269386.5797906022
291,269386.5797906022
292,269386.5797906022
293,269386.5797906022
294,269386.5797906022
295,267627.6105120998
296,267627.6105120998
297,267627.6105120998
298,267627.6105120998
299,267627.6105120998
300,267627.6105120998
301,267627.6105120998
302,267627.6105120998
303,267627.6105120998
304,267627.6105120998
305,267627.6105120998
306,267627.6105120998
307,267627.6105120998
308,267627.6105120998
309,267627.61051209975
310,267627.61051209975
311,267627.61051209975
312,267627.61051209975
313,267627.61051209975
314,267627.61051209975
315,267627.61051209975
316,267627.61051209975
317,267627.61051209975
318,251134.62428685674
319,251134.62428685674
320,251134.62428685674
321,251134.62428685674
322,251134.62428685674
323,251134.62428685674
324,251134.62428685674
325,251134.62428685674
326,251134.62428685674
327,251134.62428685668
328,251134.62428685668
329,251134.62428685668
330,251134.62428685668
331,251134.62428685668
332,251134.62428685668
333,251134.62428685668
334,251134.62428685668
335,248595.67429858056
336,248595.67429858056
337,248595.67429858056
338,248595.67429858056
339,248595.67429858056
340,248595.67429858056
341,248595.67429858056
342,248595.67429858056
343,248595.67429858056
344,248329.35791847706
345,248329.35791847706
346,248329.35791847706
347,248329.35791847706
348,248329.35791847706
349,248329.35791847706
350,248329.35791847706
351,248329.35791847706
352,248329.35791847706
353,248329.35791847706
354,248329.35791847706
355,248329.35791847706
356,248329.35791847706
357,248329.35791847706
358,248329.35791847706
359,248329.35791847706
360,248329.35791847706
361,248329.35791847706
362,248329.35791847706
363,248329.35791847706
364,248329.35791847706
365,248329.35791847706
366,248329.35791847706
367,248329.35791847706
368,248329.35791847706
369,248329.35791847706
370,248329.35791847706
371,248329.35791847706
372,248329.35791847706
373,248329.35791847706
374,248329.35791847706
375,248329.35791847706
376,248329.35791847706
377,227131.11160324546
378,227131.11160324546
379,227131.11160324546
380,227131.11160324546
381,227131.11160324546
382,227131.11160324546
383,227131.11160324546
384,227131.11160324546
385,227131.11160324546
386,227131.11160324546
387,227131.11160324546
388,227131.11160324546
389,227131.11160324546
390,227131.11160324546
391,227131.11160324546
392,227131.11160324546
393,227131.11160324546
394,227131.11160324546
395,227131.11160324546
396,227131.11160324546
397,227131.11160324546
398,227131.11160324546
399,227131.11160324546
400,227131.11160324546
401,227131.11160324546
402,227131.11160324546
403,227131.11160324546
404,227131.11160324546
405,227131.11160324546
406,227131.11160324534
407,227131.11160324534
408,227131.11160324534
409,227131.11160324534
410,227131.11160324534
411,227131.11160324534
412,227131.11160324534
413,227131.11160324534
414,227131.11160324534
415,227131.11160324534
416,227131.11160324534
417,227131.11160324534
418,227131.11160324534
419,227131.11160324534
420,227131.11160324534
421,227131.11160324534
422,227131.11160324534
423,227131.11160324534
424,227131.11160324534
425,227131.11160324534
426,227131.11160324534
427,227131.11160324534
428,227131.11160324534
429,227131.11160324534
430,227131.11160324534
431,227131.11160324534
432,227131.11160324534
433,227131.11160324534
434,227131.11160324534
435,227131.11160324534
436,227131.11160324534
437,227131.11160324534
438,227131.11160324534
439,227131.11160324534
440,227131.11160324534
441,227131.11160324534
442,227131.11160324534
443,227131.11160324534
444,227131.11160324534
445,227131.11160324534
446,227131.11160324534
447,227131.11160324534
448,227131.11160324534
449,227131.11160324534
450,227131.11160324534
451,227131.11160324534
452,227131.11160324534
453,227131.11160324534
454,227131.11160324534
455,227131.11160324534
456,227131.11160324534
457,227131.11160324534
458,227131.11160324534
459,227131.11160324534
460,227131.11160324534
461,227131.11160324534
462,227131.11160324534
463,227131.11160324534
464,227131.11160324534
465,227131.11160324534
466,227131.11160324534
467,227131.11160324534
468,227131.11160324534
469,227131.11160324534
470,227131.11160324534
471,227131.11160324534
472,227131.11160324534
473,227131.11160324534
474,227131.11160324534
475,227131.11160324534
476,227131.11160324534
477,227131.11160324534
478,227131.11160324534
479,227131.11160324534
480,227131.11160324534
481,227131.11160324534
482,227131.11160324534
483,227131.11160324534
484,227131.11160324534
485,227131.11160324534
486,227131.11160324534
487,227131.11160324534
488,227131.11160324534
489,227131.11160324534
490,227131.11160324534
491,227131.11160324534
492,227131.11160324534
493,227131.11160324534
494,227131.11160324534
495,227131.11160324534
496,227131.11160324534
497,227131.11160324534
498,227131.11160324534
499,227131.11160324534
500,227131.11160324534
501,227131.11160324534
502,227131.11160324534
503,227131.11160324534
504,227131.11160324534
505,227131.11160324534
506,227131.11160324534
507,227131.11160324534
508,227131.11160324534
509,227131.11160324534
510,227131.11160324534
511,227131.11160324534
512,227131.11160324534
513,227131.11160324534
514,227131.11160324534
515,227131.11160324534
516,227131.11160324534
517,227131.11160324534
518,227131.11160324534
519,227131.11160324534
520,227131.11160324534
521,227131.11160324534
522,227131.11160324534
523,227131.11160324534
524,227131.11160324534
525,227131.11160324534
526,227131.11160324534
527,227131.11160324534
528,227131.11160324534
529,227131.11160324534
530,227131.11160324534
531,227131.11160324534
532,227131.11160324534
533,227131.11160324534
534,227131.11160324534
535,227131.11160324534
536,227131.11160324534
537,227131.11160324534
538,227131.11160324534
539,227131.11160324534
540,227131.11160324534
541,227131.11160324534
542,189889.85900756862
543,189889.85900756862
544,189889.85900756862
545,189889.85900756862
546,189889.85900756862
547,189889.85900756862
548,189889.85900756862
549,189889.85900756862
550,189889.85900756862
551,189889.85900756862
552,189889.85900756862
553,189889.85900756862
554,189889.85900756862
555,189889.85900756862
556,189889.85900756862
557,189889.85900756862
558,189889.85900756862
559,189889.85900756862
560,189889.85900756862
561,189889.85900756862
562,189889.85900756862
563,189889.85900756862
564,189889.85900756862
565,189889.85900756862
566,189889.85900756862
567,189889.85900756862
568,189889.85900756862
569,189889.85900756862
570,189889.85900756862
571,189889.85900756856
572,189889.85900756856
573,189889.85900756856
574,189889.85900756856
575,189889.85900756856
576,189889.85900756856
577,189889.85900756856
578,189889.85900756856
579,189889.85900756856
580,189889.85900756856
581,189889.85900756856
582,189889.85900756856
583,189889.85900756856
584,185189.25187688167
585,185189.25187688167
586,185189.25187688167
587,185189.25187688167
588,185189.25187688167
589,185189.25187688167
590,185189.25187688167
591,185189.25187688167
592,185189.25187688167
593,185189.25187688167
594,185189.25187688167
595,185189.25187688167
596,185189.25187688167
597,185189.25187688167
598,185189.25187688167
599,184923.04847553553
600,184923.04847553553
601,184923.04847553553
602,184923.04847553553
603,184923.04847553553
604,184923.04847553553
605,184923.04847553553
606,184923.04847553553
607,184923.04847553553
608,184923.04847553553
609,184923.04847553553
610,184923.04847553553
611,184923.04847553553
612,184923.04847553553
613,184923.04847553553
614,184923.04847553553
615,184923.04847553553
616,184923.04847553553
617,184923.04847553553
618,184923.04847553553
619,184923.04847553553
620,184923.04847553553
621,184923.04847553553
622,184923.04847553553
623,184923.04847553553
624,184923.04847553553
625,184923.04847553553
626,184923.04847553553
627,184923.04847553553
628,184923.04847553553
629,184923.04847553553
630,184923.04847553553
631,184923.04847553553
632,184923.04847553553
633,184923.04847553553
634,184923.04847553553
635,184923.04847553553
636,182016.79708841658
637,182016.79708841658
638,182016.79708841658
639,182016.79708841658
640,182016.79708841658
641,182016.79708841658
642,182016.79708841658
643,182016.79708841658
644,182016.79708841658
645,182016.79708841658
646,182016.79708841658
647,182016.79708841658
648,182016.79708841658
649,182016.79708841658
650,182016.79708841658
651,182016.79708841658
652,182016.79708841658
653,176177.27252537437
654,176177.27252537437
655,176177.27252537437
656,176177.27252537437
657,173769.72064431355
658,173769.72064431355
659,173769.72064431355
660,173769.72064431355
661,173769.72064431352
662,173769.72064431352
663,173769.72064431352
664,173769.72064431352
665,173769.72064431352
666,173769.72064431352
667,173769.72064431352
668,173769.72064431352
669,173769.72064431352
670,173769.72064431352
671,173769.72064431352
672,173769.72064431352
673,173769.72064431352
674,173769.72064431352
675,173769.72064431352
676,173769.72064431352
677,173769.72064431352
678,173769.72064431352
679,173769.72064431352
680,173769.72064431352
681,173769.72064431352
682,173769.72064431352
683,173769.72064431352
684,173769.72064431352
685,173769.72064431352
686,173769.72064431352
687,173769.72064431352
688,173769.72064431352
689,173769.72064431352
690,173769.72064431352
691,173769.72064431352
692,173769.72064431352
693,173769.72064431352
694,173769.72064431352
695,173769.72064431352
696,173769.72064431352
697,173769.72064431352
698,173769.72064431352
699,173769.72064431352
700,173769.72064431352
701,173769.72064431352
702,173769.72064431352
703,173769.72064431352
704,173769.72064431352
705,173769.72064431352
706,173769.72064431352
707,173769.72064431352
708,173769.72064431352
709,173769.72064431352
710,173769.72064431352
711,173769.72064431352
712,173769.72064431352
713,173769.72064431352
714,173769.72064431352
715,173769.72064431352
716,173769.72064431352
717,173769.72064431352
718,166063.4383090933
719,166063.4383090933
720,166063.4383090933
721,166063.4383090933
722,166063.4383090933
723,166063.4383090933
724,166063.4383090933
725,166063.4383090933
726,166063.43830909327
727,166063.43830909327
728,166063.43830909327
729,166063.43830909318
730,163531.62220358825
731,163531.62220358825
732,163531.62220358825
733,163531.62220358825
734,163531.62220358825
735,163531.62220358825
736,163531.62220358825
737,163531.62220358825
738,163531.62220358825
739,163531.62220358825
740,163531.62220358825
741,163531.62220358825
742,163531.62220358825
743,163531.62220358825
744,163531.62220358825
745,163531.62220358825
746,163531.62220358825
747,163531.62220358825
748,163531.62220358825
749,163531.62220358825
750,163531.62220358825
751,163531.62220358825
752,163531.62220358825
753,163531.62220358825
754,163531.62220358825
755,163531.62220358825
756,163531.62220358825
757,163531.62220358825
758,163531.62220358825
759,163531.62220358825
760,163531.62220358825
761,163531.62220358825
762,163531.62220358825
763,163531.62220358825
764,163531.62220358825
765,163531.62220358825
766,163531.62220358825
767,163531.62220358825
768,163531.62220358825
769,163531.62220358825
770,163531.62220358825
771,163531.62220358825
772,163531.62220358825
773,163531.62220358825
774,163531.62220358825
775,163531.62220358825
776,163531.62220358825
777,163531.62220358825
778,163531.62220358825
779,163531.62220358825
780,163531.62220358825
781,163531.62220358825
782,163531.62220358825
783,163531.62220358825
784,163531.62220358825
785,163531.62220358825
786,163531.62220358825
787,163531.62220358825
788,163531.62220358825
789,163531.62220358825
790,163531.62220358825
791,163531.62220358825
792,163531.62220358825
793,163531.62220358825
794,163531.62220358825
795,163531.62220358825
796,163531.62220358825
797,163531.62220358825
798,163531.62220358825
799,163531.62220358825
800,163531.62220358825
801,163531.62220358825
802,163531.62220358825
803,163531.62220358825
804,163531.62220358825
805,163531.62220358825
806,163531.62220358825
807,163531.62220358825
808,163531.62220358825
809,163531.62220358825
810,163531.62220358825
811,163531.62220358825
812,163531.62220358825
813,163531.62220358825
814,163531.62220358825
815,163531.62220358825
816,163531.62220358825
817,163531.62220358825
818,163531.62220358825
819,163531.62220358825
820,163531.62220358825
821,163531.62220358825
822,163531.62220358825
823,163531.62220358825
824,163531.62220358825
825,163531.62220358825
826,163531.62220358825
827,163531.62220358825
828,163531.62220358825
829,163531.62220358825
830,163531.62220358825
831,163531.62220358825
832,163531.62220358825
833,163531.62220358825
834,163531.62220358817
835,163531.62220358817
836,163531.62220358817
837,163531.62220358817
838,163531.62220358817
839,163531.62220358817
840,163531.62220358817
841,163531.62220358817
842,163531.62220358817
843,163531.62220358817
844,163531.62220358817
845,163531.62220358817
846,158989.3881863963
847,158989.3881863963
848,158989.3881863963
849,158989.3881863963
850,158989.3881863963
851,158989.3881863963
852,158989.3881863963
853,158989.3881863963
854,158989.3881863963
855,158989.3881863963
856,158989.3881863963
857,158989.3881863963
858,158989.3881863963
859,158989.3881863963
860,158989.3881863963
861,158989.3881863963
862,158989.3881863963
863,158989.3881863963
864,158989.3881863963
865,158989.3881863963
866,158989.3881863963
867,158989.3881863963
868,158989.3881863963
869,158989.3881863963
870,158989.3881863963
871,158989.3881863963
872,158989.3881863963
873,158989.3881863963
874,158989.3881863963
875,158989.3881863963
876,158989.3881863963
877,158989.3881863963
878,158989.3881863963
879,158989.3881863963
880,158989.3881863963
881,158989.3881863962
882,158989.3881863962
883,117267.44141822093
884,117267.44141822093
885,117267.44141822093
886,110130.63999352603
887,110130.63999352603
888,110130.63999352603
889,110130.63999352603
890,110130.63999352603
891,110130.63999352603
892,110130.63999352603
893,110130.63999352603
894,110130.63999352603
895,110130.63999352603
896,110130.63999352603
897,110130.63999352603
898,110130.63999352603
899,110130.63999352603
900,110130.63999352603
901,110130.63999352603
902,110130.63999352603
903,110130.63999352603
904,110130.63999352587
905,110130.63999352587
906,110130.63999352587
907,110130.63999352587
908,110130.63999352587
909,110130.63999352587
910,110130.63999352587
911,110130.63999352587
912,110130.63999352587
913,110130.63999352587
914,110130.63999352587
915,110130.63999352587
916,110130.63999352587
917,110130.63999352587
918,110130.63999352587
919,110130.63999352587
920,110130.63999352587
921,110130.63999352587
922,110130.63999352587
923,110130.63999352587
924,110130.63999352578
925,110130.63999352578
926,110130.63999352578
927,110130.63999352578
928,110130.63999352578
929,110130.63999352578
930,110130.63999352578
931,110130.63999352578
932,110130.63999352578
933,110130.63999352578
934,109742.27120193858
935,109742.27120193858
936,109742.27120193858
937,109742.27120193858
938,109742.27120193858
939,109742.27120193858
940,109742.27120193858
941,109742.27120193858
942,109742.27120193858
943,109742.27120193858
944,109742.27120193858
945,109742.27120193858
946,109742.27120193858
947,109742.27120193858
948,109742.27120193858
949,109742.27120193858
950,105540.45657610224
951,105540.45657610224
952,105540.45657610224
953,105494.35204325891
954,105494.35204325891
955,105494.35204325891
956,105494.35204325891
957,105494.35204325891
958,105494.35204325891
959,105494.35204325891
960,105494.35204325891
961,100383.15550074141
962,100383.15550074141
963,100383.15550074134
964,100383.15550074134
965,100383.15550074134
966,100383.15550074134
967,100383.15550074134
968,100383.15550074134
969,100383.15550074134
970,100383.15550074134
971,100383.15550074134
972,100383.15550074134
973,100383.15550074134
974,100383.15550074134
975,100383.15550074134
976,100383.15550074134
977,100383.15550074134
978,100383.15550074134
979,100383.15550074134
980,100383.15550074134
981,100383.15550074134
982,100383.15550074134
983,100383.15550074134
984,98033.35462211304
985,98033.35462211304
986,98033.35462211304
987,98033.35462211304
988,98033.35462211304
989,98033.35462211304
990,98033.35462211304
991,98033.35462211304
992,98033.35462211302
993,98033.35462211302
994,95332.37089352742
995,95332.37089352742
996,95332.37089352742
997,95332.37089352742
998,95332.37089352742
999,95332.37089352742
1000,95332.37089352742
1001,95332.37089352742
1002,95332.37089352742
1003,95332.37089352736
1004,95332.37089352736
1005,95332.37089352736
1006,95332.37089352736
1007,95332.37089352736
1008,95332.37089352736
1009,95332.37089352736
1010,95332.37089352736
1011,95332.37089352736
1012,95332.37089352736
1013,95332.37089352736
1014,95332.37089352736
1015,95332.37089352736
1016,95332.37089352736
1017,95332.37089352736
1018,95332.37089352736
1019,95332.37089352736
1020,95332.37089352735
1021,95332.37089352735
1022,95332.37089352735
1023,95332.37089352735
1024,95332.37089352735
1025,95332.37089352735
1026,95332.37089352735
1027,95332.37089352735
1028,95332.37089352735
1029,92791.49179982381
1030,92791.49179982381
1031,92080.13434977167
1032,92080.13434977167
1033,92080.13434977167
1034,92080.13434977167
1035,92080.13434977167
1036,92080.13434977167
1037,92080.13434977167
1038,92080.13434977167
1039,92080.13434977167
1040,92080.13434977167
1041,92080.13434977167
1042,92080.13434977167
1043,92080.13434977167
1044,92080.13434977167
1045,92080.13434977167
1046,92080.13434977167
1047,92080.13434977167
1048,92080.13434977167
1049,92080.13434977167
1050,92080.13434977167
1051,92080.13434977167
1052,92080.13434977167
1053,92080.13434977167
1054,92080.13434977167
1055,92080.13434977167
1056,92080.13434977167
1057,92080.13434977167
1058,92080.13434977167
1059,92080.13434977167
1060,92080.13434977167
1061,92080.13434977167
1062,92080.13434977167
1063,92080.13434977167
1064,92080.13434977167
1065,92080.13434977167
1066,92080.13434977167
1067,92080.13434977167
1068,92080.13434977167
1069,92080.13434977167
1070,92080.13434977167
1071,92080.13434977167
1072,92080.13434977167
1073,92080.13434977167
1074,92080.13434977167
1075,92080.13434977167
1076,92080.13434977167
1077,92080.13434977167
1078,92080.13434977167
1079,92080.13434977167
1080,92080.13434977167
1081,92080.13434977167
1082,92080.13434977167
1083,92080.13434977167
1084,92080.13434977167
1085,92080.13434977167
1086,92080.13434977167
1087,92080.13434977167
1088,92080.13434977167
1089,92080.13434977167
1090,92080.13434977167
1091,92080.13434977167
1092,92080.13434977167
1093,92080.13434977167
1094,92080.13434977167
1095,92080.13434977167
1096,92080.13434977167
1097,92080.13434977167
1098,92080.13434977167
1099,92080.13434977167
1100,92080.13434977167
1101,92080.13434977167
1102,92080.13434977167
1103,92080.13434977167
1104,92080.13434977167
1105,92080.13434977167
1106,92080.13434977167
1107,92080.13434977167
1108,92080.13434977167
1109,92080.13434977167
1110,92080.13434977167
1111,92080.13434977167
1112,92080.13434977167
1113,92080.13434977167
1114,92080.13434977167
1115,92080.13434977167
1116,92080.13434977167
1117,92080.13434977167
1118,92080.13434977167
1119,92080.13434977167
1120,92080.13434977167
1121,92080.13434977167
1122,92080.13434977167
1123,92080.13434977166
1124,92080.13434977166
1125,92080.13434977166
1126,92080.13434977156
1127,92080.13434977156
1128,92080.13434977156
1129,92080.13434977156
1130,92080.13434977156
1131,89517.8646458574
1132,89517.8646458574
1133,89517.8646458574
1134,89517.8646458574
1135,89517.8646458574
1136,89517.8646458574
1137,89517.8646458574
1138,89517.86464585738
1139,89517.86464585733
1140,89517.86464585733
1141,89517.86464585733
1142,89517.86464585733
1143,89517.86464585733
1144,89517.86464585733
1145,89517.86464585733
1146,89228.42789454955
1147,89228.42789454955
1148,89228.42789454955
1149,89228.42789454955
1150,89228.42789454955
1151,89228.42789454955
1152,89228.42789454955
1153,89228.42789454955
1154,89228.42789454955
1155,89228.42789454955
1156,89228.42789454955
1157,83602.31264638471
1158,83602.31264638471
1159,83602.31264638471
1160,83602.31264638471
1161,83602.31264638471
1162,83602.31264638471
1163,83602.31264638471
1164,83602.31264638471
1165,83602.31264638471
1166,83602.31264638471
1167,83602.31264638471
1168,83602.31264638471
1169,83602.31264638471
1170,83602.31264638471
1171,83602.31264638471
1172,83602.31264638471
1173,83602.31264638471
1174,83602.31264638471
1175,83602.31264638471
1176,83602.31264638471
1177,83602.31264638471
1178,83602.31264638471
1179,83602.31264638471
1180,83602.31264638471
1181,83602.31264638471
1182,83602.31264638471
1183,83602.31264638471
1184,83602.31264638471
1185,83602.31264638471
1186,83602.31264638471
1187,83602.31264638471
1188,83602.31264638471
1189,83602.31264638471
1190,83602.31264638471
1191,83602.31264638471
1192,83602.31264638471
1193,83602.31264638471
1194,83602.31264638471
1195,83602.31264638471
1196,83602.31264638471
1197,83602.31264638471
1198,83602.31264638471
1199,83602.31264638471
1200,83602.3126463847
1201,83602.3126463847
1202,83602.3126463847
1203,83602.3126463847
1204,83602.3126463847
1205,83602.3126463847
1206,83602.3126463847
1207,83602.3126463847
1208,83602.3126463847
1209,83602.3126463847
1210,83602.3126463847
1211,83602.3126463847
1212,83602.3126463847
1213,83602.3126463847
1214,83602.3126463847
1215,83602.3126463847
1216,83602.3126463847
1217,83602.3126463847
1218,83602.3126463847
1219,83602.3126463847
1220,83602.3126463847
1221,83602.3126463847
1222,83602.3126463847
1223,83602.3126463847
1224,83602.3126463847
1225,83602.3126463847
1226,83602.3126463847
1227,83602.3126463847
1228,83602.3126463847
1229,83602.3126463847
1230,83602.3126463847
1231,83602.3126463847
1232,83602.3126463847
1233,83602.3126463847
1234,83602.3126463847
1235,83602.3126463847
1236,83602.3126463847
1237,83602.3126463847
1238,83602.3126463847
1239,83602.3126463847
1240,83602.3126463847
1241,83602.3126463847
1242,83602.3126463847
1243,83602.3126463847
1244,83602.3126463847
1245,83602.3126463847
1246,83602.3126463847
1247,83602.3126463847
1248,83602.3126463847
1249,83602.3126463847
1250,83602.3126463847
1251,83602.3126463847
1252,83602.3126463847
1253,83602.3126463847
1254,83602.3126463847
1255,83602.3126463847
1256,83602.3126463847
1257,83602.3126463847
1258,83602.3126463847
1259,83602.31264638467
1260,83602.31264638467
1261,83602.31264638466
1262,83602.31264638466
1263,83602.31264638466
1264,83602.31264638466
1265,83602.31264638466
1266,83602.31264638466
1267,83602.31264638466
1268,83602.31264638466
1269,83602.31264638466
1270,83602.31264638466
1271,83602.31264638466
1272,83602.31264638466
1273,83602.31264638466
1274,83602.31264638466
1275,83159.64114034372
1276,83159.64114034372
1277,83159.64114034372
1278,83159.64114034372
1279,83159.64114034372
1280,83159.64114034372
1281,83159.64114034372
1282,83159.64114034372
1283,83159.64114034372
1284,83159.64114034372
1285,83159.64114034372
1286,83159.64114034372
1287,83159.64114034372
1288,83159.64114034372
1289,83159.64114034372
1290,83159.64114034372
1291,83159.6411403437
1292,83159.6411403437
1293,83159.6411403437
1294,83159.6411403437
1295,83159.6411403437
1296,83159.64114034362
1297,83159.64114034362
1298,83159.64114034362
1299,83159.64114034362
1300,83159.64114034362
1301,83159.64114034362
1302,83159.64114034362
1303,83159.64114034362
1304,83159.64114034362
1305,83159.64114034355
1306,83159.64114034355
1307,83159.64114034355
1308,83159.64114034355
1309,83159.64114034355
1310,83159.64114034355
1311,83159.64114034355
1312,83159.64114034355
1313,79749.32102532618
1314,79749.32102532618
1315,79749.32102532618
1316,79749.32102532618
1317,79749.32102532618
1318,79749.32102532618
1319,79749.32102532618
1320,79749.32102532618
1321,79749.32102532618
1322,79749.32102532618
1323,79749.32102532618
1324,79749.32102532618
1325,63599.33796690169
1326,63599.33796690169
1327,63599.33796690169
1328,63599.33796690169
1329,63599.33796690169
1330,63599.33796690169
1331,63599.33796690169
1332,63599.33796690169
1333,63599.33796690165
1334,63599.33796690165
1335,63599.33796690165
1336,63599.33796690165
1337,63599.33796690165
1338,63599.33796690165
1339,63599.33796690165
1340,63599.33796690165
1341,63599.33796690165
1342,63599.33796690165
1343,63599.33796690165
1344,63599.33796690165
1345,63599.33796690165
1346,63599.33796690165
1347,63599.33796690165
1348,63599.33796690165
1349,63599.33796690165
1350,63599.33796690165
1351,63599.33796690165
1352,63599.33796690165
1353,62298.75337651366
1354,62298.75337651366
1355,62298.75337651366
1356,62298.75337651366
1357,62298.75337651366
1358,62298.75337651366
1359,62298.75337651366
1360,62298.75337651366
1361,62298.75337651366
1362,62298.75337651366
1363,62298.75337651366
1364,62298.75337651366
1365,62298.75337651366
1366,62298.75337651366
1367,62298.75337651366
1368,62298.75337651366
1369,62298.75337651366
1370,62298.75337651366
1371,62298.75337651366
1372,62298.75337651366
1373,62298.75337651366
1374,62298.75337651366
1375,62298.75337651366
1376,62298.75337651366
1377,62298.75337651366
1378,62298.75337651366
1379,62298.75337651366
1380,62298.75337651366
1381,62298.75337651366
1382,62298.75337651366
1383,62298.75337651366
1384,62298.75337651366
1385,62298.75337651366
1386,62298.75337651366
1387,62298.75337651366
1388,62298.75337651366
1389,62298.75337651366
1390,62298.75337651366
1391,62298.75337651366
1392,62298.75337651366
1393,62298.75337651366
1394,62298.75337651366
1395,56388.65690310203
1396,56388.65690310203
1397,56388.65690310203
1398,56388.65690310203
1399,56388.65690310203
1400,56388.65690310203
1401,56388.65690310203
1402,56388.65690310203
1403,56388.65690310203
1404,56388.65690310203
1405,56388.65690310203
1406,56388.65690310203
1407,56388.65690310203
1408,56388.65690310203
1409,56283.52451000383
1410,56283.52451000383
1411,56283.52451000383
1412,56283.52451000383
1413,56283.52451000383
1414,56283.52451000383
1415,56283.52451000383
1416,56283.52451000383
1417,56283.52451000383
1418,56283.52451000383
1419,56283.52451000383
1420,56283.52451000383
1421,56283.52451000383
1422,56283.52451000383
1423,56283.52451000383
1424,56283.52451000383
1425,56283.52451000383
1426,56283.52451000383
1427,56283.52451000383
1428,56283.52451000383
1429,56283.52451000383
1430,56283.52451000383
1431,56283.52451000383
1432,56283.52451000383
1433,56283.52451000383
1434,56283.52451000383
1435,56283.52451000383
1436,56283.52451000383
1437,55350.73188581852
1438,55350.73188581852
1439,55350.73188581852
1440,55350.73188581852
1441,55350.73188581852
1442,55350.73188581852
1443,55350.73188581852
1444,55350.73188581852
1445,55350.73188581852
1446,55350.73188581852
1447,55350.73188581852
1448,55350.73188581852
1449,55350.73188581852
1450,55350.73188581852
1451,55350.73188581852
1452,55350.73188581852
1453,55350.73188581852
1454,55350.73188581852
1455,55350.73188581852
1456,55350.73188581852
1457,55350.73188581852
1458,55350.73188581852
1459,55350.73188581852
1460,55350.73188581852
1461,55350.73188581852
1462,55350.73188581852
1463,55350.73188581852
1464,55350.73188581852
1465,55350.73188581852
1466,55350.73188581852
1467,55350.73188581852
1468,55350.73188581852
1469,55350.73188581852
1470,55350.73188581852
1471,55350.73188581852
1472,55231.98997079913
1473,55231.98997079913
1474,55231.98997079913
1475,55231.98997079913
1476,55231.98997079913
1477,51957.71597852321
1478,51957.71597852321
1479,51957.71597852321
1480,51957.71597852321
1481,51957.7159785232
1482,51957.7159785232
1483,51957.7159785232
1484,51957.7159785232
1485,51957.7159785232
1486,51957.7159785232
1487,51957.7159785232
1488,51957.7159785232
1489,51957.7159785232
1490,51957.7159785232
1491,51957.7159785232
1492,51957.7159785232
1493,51957.7159785232
1494,51957.7159785232
1495,51957.7159785232
1496,51957.7159785232
1497,51957.7159785232
1498,51957.7159785232
1499,51957.7159785232
1500,51957.7159785232
1501,51957.7159785232
1502,51957.7159785232
1503,51957.7159785232
1504,51957.7159785232
1505,51957.7159785232
1506,51957.7159785232
1507,51957.7159785232
1508,51957.7159785232
1509,51957.7159785232
1510,51957.7159785232
1511,51957.7159785232
1512,51957.7159785232
1513,51957.7159785232
1514,51957.7159785232
1515,51957.7159785232
1516,51957.7159785232
1517,51957.7159785232
1518,51957.7159785232
1519,51957.7159785232
1520,51957.7159785232
1521,51957.7159785232
1522,51957.7159785232
1523,51957.7159785232
1524,51957.7159785232
1525,51957.7159785232
1526,51957.7159785232
1527,51957.71597852313
1528,51957.71597852313
1529,51957.71597852313
1530,51957.71597852313
1531,51957.71597852313
1532,51957.71597852313
1533,51957.71597852313
1534,51957.71597852313
1535,51957.71597852313
1536,51957.71597852313
1537,51957.71597852313
1538,51957.71597852313
1539,51957.71597852313
1540,51957.71597852313
1541,51957.71597852313
1542,51957.71597852313
1543,51957.71597852313
1544,51957.71597852313
1545,51957.71597852313
1546,51957.71597852313
1547,51957.71597852313
1548,51957.71597852313
1549,51957.71597852313
1550,51957.71597852313
1551,51523.113211160824
1552,51523.113211160824
1553,51523.113211160824
1554,51523.113211160824
1555,51523.113211160824
1556,51523.113211160824
1557,51523.113211160824
1558,51523.113211160824
1559,51523.113211160824
1560,51523.113211160824
1561,51523.113211160824
1562,51523.113211160824
1563,51523.113211160824
1564,51523.113211160824
1565,51523.113211160824
1566,51523.113211160824
1567,51523.113211160824
1568,51523.11321116075
1569,51523.11321116075
1570,51523.11321116075
1571,51523.11321116075
1572,51523.11321116075
1573,51523.11321116075
1574,51523.11321116075
1575,51523.11321116075
1576,51523.11321116075
1577,51523.11321116075
1578,51523.11321116075
1579,51523.11321116075
1580,51523.11321116075
1581,51523.11321116075
1582,51523.11321116075
1583,51523.11321116075
1584,51523.11321116075
1585,51523.11321116075
1586,51523.11321116075
1587,51523.11321116075
1588,51523.11321116075
1589,51523.11321116075
1590,51523.11321116075
1591,51523.11321116075
1592,51523.11321116075
1593,51523.11321116075
1594,51523.11321116075
1595,51523.11321116075
1596,51523.11321116075
1597,51523.11321116075
1598,51523.11321116075
1599,51523.11321116075
1600,51523.11321116075
1601,51523.11321116075
1602,51523.11321116075
1603,51523.11321116075
1604,51523.11321116075
1605,51523.11321116075
1606,51523.11321116075
1607,51523.11321116075
1608,51523.11321116075
1609,51523.11321116075
1610,51523.11321116075
1611,51523.11321116075
1612,51523.11321116075
1613,51523.11321116075
1614,51523.11321116075
1615,51523.11321116075
1616,51523.11321116075
1617,51523.11321116075
1618,51523.11321116075
1619,51523.11321116075
1620,51523.11321116075
1621,51523.11321116075
1622,51523.11321116075
1623,51523.11321116075
1624,51523.11321116075
1625,51523.11321116075
1626,51523.11321116075
1627,51523.11321116075
1628,51523.11321116075
1629,51523.11321116075
1630,51523.11321116075
1631,51523.11321116075
1632,51523.11321116075
1633,51523.11321116075
1634,51523.11321116075
1635,51523.11321116075
1636,51523.11321116075
1637,51523.11321116075
1638,51523.11321116075
1639,51523.11321116075
1640,51523.11321116075
1641,51523.11321116075
1642,51523.11321116075
1643,51523.11321116075
1644,51523.11321116075
1645,51523.11321116075
1646,51523.11321116075
1647,51523.11321116075
1648,51523.11321116075
1649,51523.11321116075
1650,51523.11321116075
1651,51523.11321116075
1652,51523.11321116075
1653,51523.11321116075
1654,51523.11321116075
1655,51523.11321116075
1656,51523.11321116075
1657,51523.11321116075
1658,51523.11321116075
1659,51523.11321116075
1660,51523.11321116075
1661,51523.11321116075
1662,51523.11321116075
1663,51523.11321116075
1664,51523.11321116075
1665,51523.11321116075
1666,51523.11321116075
1667,51523.11321116075
1668,51523.11321116075
1669,51523.11321116075
1670,51523.11321116075
1671,51523.11321116075
1672,51523.11321116075
1673,51523.11321116075
1674,51523.11321116075
1675,51523.11321116075
1676,51523.11321116075
1677,51523.11321116075
1678,51523.11321116075
1679,51523.11321116075
1680,51523.11321116075
1681,51523.11321116075
1682,51523.11321116075
1683,51523.11321116075
1684,51523.11321116075
1685,51523.11321116075
1686,51523.11321116075
1687,51523.11321116075
1688,51523.11321116075
1689,51523.11321116075
1690,51523.11321116075
1691,51523.11321116075
1692,51523.11321116075
1693,51523.11321116075
1694,51523.11321116075
1695,51523.11321116075
1696,51523.11321116075
1697,51523.11321116075
1698,51523.11321116075
1699,51523.11321116075
1700,51523.11321116075
1701,51523.11321116075
1702,51523.11321116075
1703,51523.11321116075
1704,51523.11321116075
1705,51523.11321116075
1706,51523.11321116075
1707,51523.11321116075
1708,51523.11321116075
1709,51523.11321116075
1710,51523.11321116075
1711,51523.11321116075
1712,51523.11321116075
1713,51523.11321116075
1714,51523.11321116075
1715,51523.11321116075
1716,51523.11321116075
1717,51523.11321116075
1718,51523.11321116075
1719,51523.11321116075
1720,51523.11321116075
1721,51523.11321116075
1722,51523.11321116075
1723,51523.11321116075
1724,51523.11321116075
1725,51523.11321116075
1726,51523.11321116075
1727,51523.11321116075
1728,51523.11321116075
1729,51523.11321116075
1730,51523.11321116075
1731,51523.11321116075
1732,51523.11321116075
1733,51523.11321116075
1734,51523.11321116075
1735,51523.11321116075
1736,51523.11321116075
1737,51523.11321116075
1738,51523.11321116075
1739,51523.11321116075
1740,51523.11321116075
1741,51523.11321116075
1742,51523.11321116075
1743,51523.11321116075
1744,51523.11321116075
1745,51523.11321116075
1746,51523.11321116075
1747,51523.11321116075
1748,51523.11321116075
1749,51523.11321116075
1750,51523.11321116075
1751,51523.11321116075
1752,51523.11321116075
1753,51523.11321116075
1754,51523.11321116075
1755,51523.11321116075
1756,51523.11321116075
1757,51523.11321116075
1758,51523.11321116075
1759,51523.11321116075
1760,51523.11321116075
1761,51523.11321116075
1762,51523.11321116075
1763,51523.11321116075
1764,51523.11321116075
1765,51523.11321116075
1766,51523.11321116075
1767,51523.11321116075
1768,51523.11321116075
1769,51523.11321116075
1770,51523.11321116075
1771,51523.11321116075
1772,51523.11321116075
1773,51523.11321116075
1774,51523.11321116075
1775,51523.11321116075
1776,51523.11321116075
1777,51523.11321116075
1778,51523.11321116075
1779,51523.11321116075
1780,51523.11321116075
1781,51523.11321116075
1782,51523.11321116075
1783,51523.11321116075
1784,51523.11321116075
1785,51523.11321116075
1786,51523.11321116075
1787,51523.11321116075
1788,51523.11321116075
1789,51523.11321116075
1790,51523.11321116075
1791,51523.11321116075
1792,51523.11321116075
1793,51523.11321116075
1794,51523.11321116075
1795,51523.11321116075
1796,51523.11321116075
1797,51523.11321116075
1798,51523.11321116075
1799,51523.11321116075
1800,51523.11321116075
1801,51523.11321116075
1802,51523.11321116075
1803,51523.11321116075
1804,51523.11321116075
1805,51523.11321116075
1806,51523.11321116075
1807,51523.11321116075
1808,51523.11321116075
1809,51523.11321116075
1810,51523.11321116075
1811,51523.11321116075
1812,51523.11321116075
1813,51523.11321116075
1814,51523.11321116075
1815,51523.11321116075
1816,51523.11321116075
1817,51523.11321116075
1818,49506.650966140005
1819,49506.650966140005
1820,49506.650966140005
1821,49506.650966140005
1822,49506.650966140005
1823,49506.650966140005
1824,49506.650966140005
1825,49506.650966140005
1826,49506.650966140005
1827,49506.650966140005
1828,49506.650966140005
1829,48264.92632215587
1830,48264.92632215587
1831,48264.92632215587
1832,48264.92632215587
1833,48264.92632215587
1834,48264.92632215587
1835,48264.92632215587
1836,48264.92632215587
1837,48264.92632215587
1838,48264.92632215587
1839,48264.92632215587
1840,48264.92632215587
1841,48264.92632215587
1842,48264.92632215587
1843,48264.92632215587
1844,48264.92632215587
1845,48264.92632215587
1846,48264.92632215587
1847,48264.92632215587
1848,48264.92632215587
1849,48264.92632215587
1850,48264.92632215587
1851,48264.92632215587
1852,48264.92632215587
1853,48264.92632215587
1854,48264.92632215587
1855,48264.92632215587
1856,48264.92632215587
1857,48264.92632215587
1858,48264.92632215587
1859,48264.92632215587
1860,48264.92632215587
1861,48264.92632215587
1862,48264.92632215587
1863,48264.92632215587
1864,48264.92632215587
1865,48264.92632215587
1866,48264.92632215587
1867,48264.92632215586
1868,48264.92632215586
1869,48264.92632215586
1870,48264.92632215586
1871,48264.92632215586
1872,48264.92632215586
1873,48264.92632215586
1874,48264.92632215586
1875,48264.92632215586
1876,48264.92632215586
1877,48264.92632215586
1878,48264.92632215586
1879,48264.92632215586
1880,48264.92632215586
1881,48264.92632215586
1882,48264.92632215586
1883,48264.92632215586
1884,48264.92632215586
1885,48264.92632215586
1886,48264.92632215586
1887,48264.92632215586
1888,48264.92632215586
1889,48264.92632215586
1890,48264.92632215586
1891,48264.92632215586
1892,48264.92632215586
1893,48264.92632215586
1894,48264.92632215586
1895,48264.92632215586
1896,48264.92632215586
1897,48264.92632215586
1898,48264.92632215586
1899,48264.92632215586
1900,48264.92632215586
1901,48264.92632215586
1902,48264.92632215586
1903,48264.92632215586
1904,48264.92632215586
1905,48264.92632215586
1906,48264.92632215586
1907,48264.92632215586
1908,48264.92632215586
1909,48264.92632215586
1910,48264.92632215586
1911,48264.92632215586
1912,48264.92632215586
1913,48264.92632215586
1914,48264.92632215585
1915,48264.92632215585
1916,48264.92632215585
1917,48264.92632215585
1918,48264.92632215585
1919,48264.92632215585
1920,48264.92632215585
1921,48264.92632215585
1922,48264.92632215585
1923,48264.92632215585
1924,48264.92632215585
1925,48264.92632215585
1926,48264.92632215585
1927,48264.92632215585
1928,48264.92632215585
1929,48264.92632215585
1930,48264.92632215585
1931,48264.92632215585
1932,48264.92632215585
1933,48264.92632215585
1934,48264.92632215585
1935,48264.92632215585
1936,48264.92632215585
1937,48264.92632215585
1938,48264.92632215585
1939,48264.92632215585
1940,48264.92632215585
1941,48264.92632215585
1942,48264.92632215585
1943,48264.92632215585
1944,48264.92632215585
1945,48264.92632215585
1946,48264.92632215585
1947,48264.92632215585
1948,48264.92632215585
1949,48264.92632215585
1950,48264.92632215585
1951,48264.92632215585
1952,48264.92632215585
1953,48264.92632215585
1954,48264.92632215585
1955,48264.92632215585
1956,48264.92632215585
1957,48264.92632215585
1958,48264.92632215585
1959,48264.92632215585
1960,48264.92632215585
1961,48264.92632215585
1962,48264.92632215585
1963,48264.92632215585
1964,48264.92632215585
1965,48264.92632215585
1966,48264.92632215585
1967,48264.92632215585
1968,48264.92632215585
1969,48264.92632215585
1970,48264.92632215585
1971,48264.92632215585
1972,48264.92632215585
1973,48264.92632215585
1974,48264.92632215585
1975,48264.92632215585
1976,48264.92632215585
1977,48264.92632215585
1978,48264.92632215585
1979,48264.92632215585
1980,48264.92632215585
1981,48264.92632215585
1982,48264.92632215585
1983,48264.92632215585
1984,48264.92632215585
1985,48264.92632215585
1986,48264.92632215585
1987,48264.92632215585
1988,48264.92632215585
1989,48264.92632215585
1990,48264.92632215585
1991,48264.92632215585
1992,48264.92632215585
1993,48264.92632215585
1994,48264.92632215585
1995,48264.92632215585
1996,48264.92632215585
1997,48264.92632215585
1998,48264.92632215585
1999,48264.92632215585
2000,48264.92632215585
2001,48264.92632215585
2002,48264.92632215585
2003,48264.92632215585
2004,48264.92632215585
2005,48264.92632215585
2006,48264.92632215585
2007,48264.92632215585
2008,48264.92632215585
2009,48264.92632215585
2010,48264.92632215585
2011,48264.92632215585
2012,48264.92632215585
2013,48264.92632215585
2014,48264.92632215585
2015,48264.92632215585
2016,48264.92632215585
2017,48264.92632215585
2018,48264.92632215585
2019,48264.92632215585
2020,48264.92632215585
2021,48264.92632215585
2022,48264.92632215585
2023,48264.92632215585
2024,48264.92632215585
2025,48264.92632215585
2026,48264.92632215585
2027,48264.92632215585
2028,48264.92632215585
2029,48264.92632215585
2030,48264.92632215585
2031,48264.92632215585
2032,48264.92632215585
2033,48264.92632215585
2034,48264.92632215585
2035,48264.92632215585
2036,48264.92632215585
2037,48264.92632215585
2038,45952.41827854578
2039,45952.41827854573
2040,45952.41827854573
2041,45952.41827854573
2042,45952.41827854573
2043,45952.41827854573
2044,45952.41827854573
2045,45952.41827854573
2046,45952.41827854573
2047,45952.41827854573
2048,45952.41827854573
2049,45952.41827854573
2050,45952.41827854573
2051,45952.41827854573
2052,45952.41827854573
2053,45952.41827854573
2054,45952.41827854573
2055,45952.41827854573
2056,45952.41827854573
2057,45952.41827854573
2058,45952.41827854573
2059,45952.41827854573
2060,45952.41827854573
2061,45952.41827854573
2062,45952.41827854573
2063,45952.41827854573
2064,45952.41827854573
2065,45952.41827854573
2066,45952.41827854568
2067,45952.41827854568
2068,45952.41827854568
2069,45952.41827854568
2070,45952.41827854568
2071,45952.41827854568
2072,45952.41827854568
2073,45952.41827854568
2074,45952.41827854568
2075,45952.41827854568
2076,45952.41827854568
2077,45952.41827854568
2078,45952.41827854568
2079,45952.41827854568
2080,45952.41827854568
2081,45952.41827854568
2082,45952.41827854568
2083,45952.41827854568
2084,45952.41827854568
2085,45952.41827854568
2086,45952.41827854568
2087,45952.41827854568
2088,45952.41827854568
2089,45952.41827854568
2090,45952.41827854568
2091,45952.41827854568
2092,45952.41827854568
2093,45952.41827854568
2094,45952.41827854568
2095,45952.41827854568
2096,45952.41827854568
2097,45952.41827854568
2098,45281.55383927247
2099,45281.55383927247
2100,45281.55383927247
2101,45281.55383927247
2102,45281.55383927247
2103,45281.55383927247
2104,45281.55383927247
2105,45281.55383927247
2106,45281.55383927247
2107,45281.55383927247
2108,45281.55383927247
2109,45281.55383927247
2110,45281.55383927247
2111,45281.55383927247
2112,45281.55383927247
2113,45281.55383927247
2114,45281.55383927247
2115,45281.55383927247
2116,45281.55383927247
2117,45281.55383927247
2118,45281.55383927247
2119,45281.55383927247
2120,45281.55383927247
2121,45281.55383927247
2122,45281.55383927247
2123,45281.55383927247
2124,45281.55383927247
2125,45281.55383927247
2126,45281.55383927247
2127,45281.55383927247
2128,45281.55383927247
2129,45281.55383927247
2130,45281.55383927247
2131,45281.55383927247
2132,45281.55383927247
2133,45281.55383927247
2134,45281.55383927247
2135,45281.55383927247
2136,45281.55383927247
2137,45281.55383927247
2138,45281.55383927247
2139,45281.55383927247
2140,45281.55383927247
2141,45281.55383927247
2142,45281.55383927247
2143,45281.55383927247
2144,45281.55383927247
2145,45281.55383927247
2146,45281.55383927247
2147,45281.55383927247
2148,45281.55383927247
2149,45281.55383927247
2150,45281.55383927247
2151,45281.55383927247
2152,45281.55383927247
2153,45281.55383927247
2154,45281.55383927247
2155,45281.55383927247
2156,45281.55383927247
2157,45281.55383927247
2158,45281.55383927247
2159,45281.55383927247
2160,45281.55383927247
2161,45281.55383927247
2162,45281.55383927247
2163,45281.55383927247
2164,45281.55383927247
2165,45281.55383927247
2166,45281.55383927247
2167,45281.55383927247
2168,45281.55383927247
2169,45281.55383927247
2170,45281.55383927247
2171,45281.55383927247
2172,45281.55383927247
2173,45281.55383927247
2174,45281.55383927247
2175,45281.55383927247
2176,45281.55383927247
2177,45281.55383927247
2178,45281.55383927247
2179,45281.55383927247
2180,45281.55383927247
2181,44764.44991612243
2182,44764.44991612243
2183,44764.44991612243
2184,44764.44991612243
2185,44764.44991612243
2186,44764.44991612243
2187,44764.44991612243
2188,44764.44991612243
2189,44764.44991612243
2190,44764.44991612243
2191,44764.44991612243
2192,44764.44991612243
2193,44764.44991612243
2194,44764.44991612243
2195,44764.44991612243
2196,44764.44991612243
2197,44764.44991612243
2198,44764.44991612243
2199,44764.44991612243
2200,44764.44991612243
2201,44764.44991612237
2202,44764.44991612237
2203,44764.44991612237
2204,44764.44991612237
2205,44764.44991612237
2206,44764.44991612237
2207,44764.44991612237
2208,44764.44991612237
2209,44764.44991612237
2210,44764.44991612237
2211,44764.44991612237
2212,44764.44991612237
2213,44764.44991612237
2214,44764.44991612237
2215,44764.44991612237
2216,44764.44991612237
2217,44764.44991612237
2218,44764.44991612237
2219,44764.44991612237
2220,44764.44991612237
2221,44764.44991612237
2222,44764.44991612237
2223,44764.44991612237
2224,44764.44991612237
2225,44764.44991612237
2226,44764.44991612237
2227,44764.44991612237
2228,44764.44991612237
2229,44764.44991612237
2230,44764.44991612237
2231,44764.44991612237
2232,44764.44991612237
2233,44764.44991612237
2234,44764.44991612237
2235,44764.44991612237
2236,44764.44991612237
2237,44764.44991612237
2238,44764.44991612237
2239,44764.44991612237
2240,44764.44991612237
2241,44764.44991612237
2242,44764.44991612237
2243,44764.44991612237
2244,44764.44991612237
2245,44764.44991612237
2246,44764.44991612237
2247,44764.44991612237
2248,44764.44991612237
2249,44764.44991612237
2250,44764.44991612237
2251,44764.44991612237
2252,44764.44991612237
2253,44764.44991612237
2254,44764.44991612237
2255,44764.44991612237
2256,44764.44991612237
2257,44764.44991612237
2258,44764.44991612237
2259,44764.44991612237
2260,44764.44991612237
2261,44764.44991612237
2262,44764.44991612237
2263,44764.44991612237
2264,44764.44991612237
2265,44764.44991612237
2266,44764.44991612237
2267,44764.44991612237
2268,44764.44991612237
2269,44764.44991612237
2270,44764.44991612237
2271,44764.44991612237
2272,44764.44991612236
2273,44764.44991612236
2274,44764.44991612236
2275,44764.44991612236
2276,44764.44991612236
2277,44764.44991612236
2278,44764.44991612236
2279,44764.44991612236
2280,44764.44991612236
2281,44764.44991612236
2282,44764.44991612236
2283,44764.44991612236
2284,44764.44991612236
2285,44764.44991612236
2286,44764.44991612236
2287,44764.44991612236
2288,44764.44991612236
2289,44764.44991612236
2290,44764.44991612236
2291,44764.44991612236
2292,44764.44991612236
2293,44764.44991612236
2294,44764.44991612236
2295,44764.44991612236
2296,44764.44991612236
2297,44764.44991612236
2298,44764.44991612236
2299,44764.44991612236
2300,44764.44991612236
2301,44764.44991612236
2302,44764.44991612236
2303,43482.60940031753
2304,43482.60940031753
2305,43482.60940031753
2306,43482.60940031753
2307,43482.60940031753
2308,43482.60940031753
2309,43482.60940031753
2310,43482.60940031753
2311,41762.484728744814
2312,41762.48472874479
2313,41762.48472874479
2314,41762.48472874479
2315,41762.48472874479
2316,41762.48472874477
2317,41762.48472874477
2318,41762.48472874477
2319,41762.48472874477
2320,41762.48472874477
2321,41762.48472874477
2322,41762.48472874477
2323,41762.48472874477
2324,41762.48472874477
2325,41762.48472874477
2326,41762.48472874477
2327,41762.48472874477
2328,41762.48472874477
2329,41762.48472874477
2330,41762.48472874477
2331,41762.48472874477
2332,41762.48472874477
2333,41762.48472874477
2334,41762.48472874477
2335,41762.48472874477
2336,41762.48472874477
2337,41762.48472874477
2338,41762.48472874477
2339,41762.48472874477
2340,41762.48472874477
2341,41762.48472874477
2342,41762.48472874477
2343,41762.48472874477
2344,41762.48472874477
2345,41762.48472874477
2346,41762.48472874477
2347,41762.48472874477
2348,41762.48472874477
2349,41762.48472874477
2350,41762.48472874477
2351,41762.48472874477
2352,41762.48472874477
2353,41762.48472874477
2354,41762.48472874477
2355,41762.48472874477
2356,41762.48472874477
2357,41762.48472874477
2358,41762.48472874477
2359,41762.48472874477
2360,41762.48472874477
2361,41762.48472874477
2362,41762.48472874477
2363,41762.48472874477
2364,41762.48472874477
2365,41762.48472874477
2366,41762.48472874477
2367,41762.48472874477
2368,41512.36779742599
2369,41512.36779742599
2370,41512.36779742599
2371,41512.36779742599
2372,41512.36779742599
2373,41512.36779742599
2374,41512.36779742594
2375,41512.36779742594
2376,41512.36779742594
2377,41512.36779742594
2378,41512.36779742594
2379,41512.36779742594
2380,41512.36779742594
2381,41512.36779742594
2382,41512.36779742594
2383,41512.36779742594
2384,41512.36779742594
2385,41512.36779742594
2386,38513.68456812625
2387,38513.684568126206
2388,38513.684568126206
2389,38513.684568126206
2390,38513.684568126206
2391,38513.684568126206
2392,38513.684568126206
2393,38513.684568126184
2394,38513.684568126184
2395,38513.684568126184
2396,38513.684568126184
2397,38513.684568126184
2398,38513.684568126184
2399,38513.684568126184
2400,38513.684568126184
2401,38513.684568126184
2402,38513.684568126184
2403,38513.684568126184
2404,38513.684568126184
2405,38513.684568126184
2406,38513.684568126184
2407,38513.684568126184
2408,38513.684568126184
2409,38513.684568126184
2410,38513.684568126184
2411,38513.684568126184
2412,38513.684568126184
2413,38513.684568126184
2414,38513.68456812618
2415,38513.68456812618
2416,38513.68456812618
2417,38513.68456812618
2418,38513.68456812618
2419,38513.68456812618
2420,38513.68456812618
2421,38513.68456812618
2422,38513.68456812618
2423,38513.68456812618
2424,38513.68456812618
2425,38513.68456812618
2426,38513.68456812618
2427,38513.68456812618
2428,38513.68456812618
2429,38513.68456812618
2430,38513.68456812618
2431,38513.68456812618
2432,38513.68456812618
2433,38513.68456812618
2434,38513.68456812618
2435,38513.68456812618
2436,38513.68456812618
2437,38513.68456812618
2438,38513.68456812618
2439,38513.68456812618
2440,38513.68456812618
2441,38513.68456812618
2442,38513.68456812618
2443,38513.684568126155
2444,38513.684568126155
2445,38513.684568126155
2446,38513.684568126155
2447,38513.684568126155
2448,38513.684568126155
2449,38513.684568126155
2450,38513.684568126155
2451,38513.684568126155
2452,38513.684568126155
2453,38513.684568126155
2454,38513.684568126155
2455,38513.684568126155
2456,38513.684568126155
2457,38513.684568126155
2458,38513.684568126155
2459,38513.684568126155
2460,38513.684568126155
2461,38513.684568126155
2462,38513.684568126155
2463,38513.684568126155
2464,38513.684568126155
2465,38513.684568126155
2466,38513.68456812613
2467,38513.68456812613
2468,38513.68456812613
2469,38513.68456812613
2470,38513.68456812613
2471,38513.68456812613
2472,38513.68456812613
2473,38513.68456812613
2474,38513.68456812613
2475,38513.68456812613
2476,38513.68456812613
2477,38513.68456812613
2478,38513.68456812613
2479,38513.68456812613
2480,38513.68456812613
2481,38513.68456812613
2482,38513.68456812613
2483,38513.68456812613
2484,38513.68456812613
2485,38513.68456812613
2486,38513.68456812613
2487,38513.68456812613
2488,38513.68456812613
2489,38513.68456812613
2490,38513.68456812613
2491,38513.68456812613
2492,38513.68456812613
2493,38513.68456812613
2494,38513.68456812613
2495,38513.68456812613
2496,38513.68456812613
2497,38513.68456812613
2498,37831.340763113585
2499,37831.340763113585
