iteracion,valor_coste
0,1533711.5964579878
1,1297539.2162840576
2,1264647.5499151812
3,1264647.549915181
4,1264647.549915181
5,1264647.549915181
6,1106748.9086205699
7,1106748.9086205699
8,1106748.9086205696
9,1106748.9086205696
10,1106748.9086205696
11,1106748.9086205696
12,1106748.9086205696
13,1106748.9086205696
14,1106748.9086205696
15,1106748.9086205696
16,1106748.9086205696
17,1045936.7471831054
18,1045936.7471831054
19,1033859.864051
20,1005257.63127963
21,1005257.63127963
22,1005257.63127963
23,1005257.63127963
24,1005257.63127963
25,1005257.63127963
26,1005257.63127963
27,1005257.63127963
28,1005257.63127963
29,997539.7581627326
30,997539.7581627326
31,986699.2806314189
32,986699.2806314189
33,964345.0835707521
34,964345.0835707521
35,964345.0835707521
36,964345.0835707521
37,938239.1528850863
38,938239.1528850863
39,938239.1528850863
40,938239.1528850863
41,891045.883031476
42,891045.883031476
43,891045.883031476
44,891045.883031476
45,891045.883031476
46,836730.2288549994
47,836730.2288549994
48,836730.2288549994
49,733695.4159335097
50,733695.4159335097
51,733695.4159335097
52,733695.4159335097
53,733695.4159335096
54,733695.4159335096
55,733695.4159335096
56,733695.4159335096
57,733695.4159335096
58,682826.8964502203
59,682826.8964502203
60,682826.8964502203
61,682826.8964502203
62,609768.7895572942
63,609768.7895572942
64,609768.7895572942
65,609768.7895572942
66,609768.7895572942
67,508004.7604797476
68,508004.7604797476
69,508004.76047974714
70,508004.76047974714
71,508004.76047974714
72,508004.76047974714
73,508004.76047974714
74,508004.76047974714
75,508004.76047974714
76,508004.76047974714
77,508004.76047974714
78,508004.76047974714
79,508004.76047974714
80,508004.76047974714
81,508004.76047974714
82,508004.76047974714
83,508004.76047974714
84,508004.76047974714
85,508004.76047974714
86,508004.76047974714
87,508004.76047974714
88,508004.76047974714
89,508004.76047974714
90,495355.43048744823
91,495355.43048744823
92,495355.43048744823
93,495355.43048744823
94,495355.43048744823
95,495355.43048744823
96,495355.43048744823
97,495355.43048744823
98,495355.43048744823
99,495355.43048744823
100,495355.43048744823
101,495355.43048744823
102,495355.43048744823
103,495355.43048744823
104,495355.43048744823
105,494734.0046408385
106,494734.0046408385
107,494734.0046408385
108,494734.0046408385
109,494734.0046408385
110,439197.4879700173
111,439197.4879700173
112,439197.4879700173
113,439197.4879700173
114,439197.4879700173
115,439197.4879700173
116,439197.4879700173
117,439197.4879700173
118,439197.4879700173
119,439197.4879700173
120,439197.4879700173
121,439197.4879700173
122,439197.4879700173
123,439197.4879700173
124,439197.4879700172
125,439197.4879700172
126,439197.4879700172
127,439197.4879700172
128,439197.4879700172
129,439197.4879700172
130,439197.4879700172
131,439197.4879700172
132,439197.4879700172
133,439197.4879700172
134,439197.4879700172
135,439197.4879700172
136,439197.4879700172
137,439197.4879700172
138,439197.4879700172
139,439197.4879700172
140,424561.95735752006
141,424561.95735752006
142,424561.95735752006
143,424561.95735752006
144,424561.95735752006
145,424561.95735752006
146,424561.95735752006
147,424561.95735752006
148,424561.95735752006
149,424561.95735752006
150,424561.95735752006
151,424561.95735752006
152,424561.95735752006
153,424561.95735752006
154,424561.95735752006
155,424561.95735752006
156,424561.95735752006
157,424561.95735752006
158,424561.95735752006
159,424561.95735752006
160,424561.95735752006
161,424561.95735752006
162,424561.95735752006
163,424561.95735752006
164,424561.95735752006
165,424561.95735752006
166,424561.95735752006
167,424561.95735752006
168,424561.95735752006
169,424561.95735752006
170,424561.95735752006
171,405322.51435902907
172,405322.51435902907
173,405322.51435902907
174,405322.51435902907
175,405322.51435902907
176,405322.51435902907
177,405322.51435902907
178,405322.51435902907
179,405322.51435902907
180,405322.51435902907
181,405322.51435902907
182,405322.51435902907
183,405322.51435902907
184,405322.51435902907
185,405322.51435902907
186,405322.51435902907
187,405322.51435902907
188,405322.51435902907
189,405322.51435902907
190,405322.51435902907
191,405322.51435902907
192,405322.51435902907
193,405322.51435902907
194,405322.51435902907
195,405322.51435902907
196,405322.51435902907
197,405322.51435902907
198,405322.51435902907
199,360319.00736750633
200,360319.0073675062
201,360319.0073675062
202,360319.0073675062
203,360319.0073675062
204,360319.0073675062
205,360319.0073675062
206,360319.0073675062
207,360319.0073675062
208,360319.0073675062
209,360319.0073675062
210,360319.0073675062
211,360319.0073675062
212,360319.0073675062
213,360319.0073675062
214,360319.0073675059
215,360319.0073675059
216,360319.0073675059
217,360319.0073675059
218,360319.0073675059
219,360319.0073675059
220,360319.00736750587
221,360319.00736750587
222,360319.00736750587
223,360319.00736750587
224,360319.00736750587
225,360319.00736750587
226,360319.00736750587
227,360319.00736750587
228,360319.00736750587
229,360319.00736750587
230,360319.00736750587
231,360319.00736750587
232,360319.00736750587
233,360319.00736750587
234,360319.00736750587
235,360319.00736750587
236,360319.00736750587
237,360319.00736750587
238,360319.00736750587
239,360319.00736750587
240,360319.00736750587
241,360319.00736750587
242,360319.00736750587
243,360319.00736750587
244,360319.00736750587
245,360319.00736750587
246,360319.00736750587
247,360319.00736750587
248,360319.00736750587
249,360319.00736750587
250,360319.00736750587
251,360319.00736750563
252,360319.00736750563
253,360319.00736750563
254,360319.00736750563
255,360319.00736750563
256,360319.00736750563
257,360319.00736750563
258,360319.00736750563
259,360319.00736750563
260,360319.00736750563
261,360319.00736750563
262,360319.00736750563
263,360319.00736750563
264,360319.00736750563
265,360319.00736750563
266,360319.00736750563
267,360319.00736750563
268,360319.00736750563
269,360319.00736750563
270,360319.00736750563
271,360319.00736750563
272,360319.00736750563
273,360319.00736750563
274,360319.00736750563
275,360319.00736750563
276,360319.00736750563
277,360319.00736750563
278,360319.00736750563
279,360319.00736750563
280,360319.00736750563
281,360319.00736750563
282,360319.00736750563
283,360319.00736750563
284,360319.00736750563
285,360319.00736750563
286,360319.00736750563
287,360319.00736750563
288,360319.00736750563
289,360319.00736750563
290,360319.00736750563
291,360319.00736750563
292,360319.00736750563
293,360319.00736750563
294,360319.00736750563
295,360319.00736750563
296,360319.00736750563
297,360319.00736750563
298,360319.00736750563
299,360319.00736750563
300,360319.00736750563
301,360319.00736750563
302,360319.00736750563
303,340508.19047570147
304,340508.19047570147
305,340508.19047570147
306,340508.19047570147
307,340508.19047570147
308,340508.19047570147
309,340508.19047570147
310,340508.19047570147
311,340508.19047570147
312,340508.19047570147
313,340508.19047570147
314,340508.19047570147
315,340508.19047570147
316,340508.19047570147
317,340508.19047570135
318,340508.19047570135
319,340508.19047570135
320,340508.19047570135
321,340508.19047570135
322,340508.19047570135
323,340508.19047570135
324,340508.19047570135
325,340508.19047570135
326,340508.19047570135
327,340508.19047570135
328,340508.19047570135
329,340508.19047570135
330,340508.19047570135
331,340508.19047570106
332,340508.19047570106
333,340508.19047570106
334,340508.19047570106
335,340508.19047570106
336,340508.19047570106
337,340508.19047570106
338,340508.19047570106
339,340508.19047570106
340,340508.19047570106
341,340508.19047570106
342,340508.19047570106
343,340508.19047570106
344,340508.19047570106
345,340508.19047570106
346,340508.19047570106
347,340508.19047570106
348,340508.19047570106
349,340508.19047570106
350,340508.19047570106
351,340508.19047570106
352,340508.19047570106
353,340508.19047570106
354,340508.19047570106
355,340508.19047570106
356,340508.19047570106
357,340508.19047570106
358,340508.19047570106
359,340508.19047570106
360,340508.19047570106
361,340508.19047570106
362,340508.19047570106
363,340508.19047570106
364,340508.19047570106
365,340508.19047570106
366,340508.19047570106
367,340508.19047570106
368,340508.19047570106
369,340508.19047570106
370,340508.19047570106
371,340508.19047570106
372,340508.19047570106
373,340508.19047570106
374,339826.51654614
375,339826.51654614
376,339826.51654614
377,339826.51654614
378,339826.51654614
379,339826.51654614
380,339826.51654614
381,339826.51654614
382,339826.51654614
383,339826.51654614
384,339826.51654614
385,339826.51654614
386,339826.51654614
387,339826.51654614
388,339826.51654614
389,339826.51654614
390,339826.51654614
391,339826.51654614
392,339826.51654614
393,339826.51654614
394,339826.51654614
395,339826.51654614
396,339826.51654614
397,339826.51654614
398,339826.51654614
399,339826.51654614
400,339826.51654614
401,339826.51654614
402,339826.51654614
403,339826.51654614
404,339826.51654614
405,339826.51654614
406,339826.51654614
407,339826.51654614
408,339826.51654614
409,339826.51654614
410,339826.51654614
411,339826.51654614
412,339826.51654614
413,339826.51654614
414,339826.51654614
415,339826.51654614
416,339826.51654614
417,339826.51654614
418,339826.51654614
419,339826.51654614
420,339826.51654614
421,339826.51654614
422,339826.51654614
423,339826.51654614
424,339826.51654614
425,339826.51654614
426,339826.51654614
427,339826.51654614
428,339424.5206805925
429,339424.5206805925
430,339424.5206805925
431,339424.52068059245
432,339424.52068059245
433,339424.52068059245
434,339424.52068059245
435,339424.52068059245
436,339424.52068059245
437,339424.52068059245
438,339424.52068059245
439,339424.52068059245
440,339424.52068059245
441,339424.52068059245
442,339424.52068059245
443,339424.52068059245
444,339424.52068059245
445,339424.52068059245
446,339424.52068059245
447,339424.52068059245
448,339424.52068059245
449,339424.52068059245
450,339424.52068059245
451,339424.52068059245
452,339424.52068059245
453,339424.52068059245
454,339424.52068059245
455,339424.52068059245
456,339424.52068059245
457,339424.52068059245
458,339424.52068059245
459,339424.52068059245
460,339424.52068059245
461,339424.52068059245
462,339424.52068059245
463,339424.52068059245
464,339424.52068059245
465,339424.52068059245
466,339424.52068059245
467,339424.52068059245
468,339424.52068059245
469,339424.52068059245
470,339424.52068059245
471,339424.52068059245
472,339424.52068059245
473,339424.52068059245
474,339424.52068059245
475,339424.52068059245
476,339424.52068059245
477,339424.52068059245
478,339424.52068059245
479,339424.52068059245
480,339424.52068059245
481,339424.52068059245
482,339424.52068059245
483,339424.52068059245
484,339424.52068059245
485,339424.52068059245
486,339424.52068059245
487,339424.52068059245
488,339424.52068059245
489,339424.52068059245
490,339424.52068059245
491,339424.52068059245
492,339424.52068059245
493,339424.52068059245
494,339424.52068059245
495,339424.52068059245
496,339424.52068059245
497,339424.52068059245
498,339424.52068059245
499,339424.52068059245
500,339424.52068059245
501,339424.52068059245
502,339424.52068059245
503,339424.52068059245
504,339424.52068059245
505,339424.52068059245
506,339424.52068059245
507,335654.2290222677
508,335654.2290222677
509,335654.2290222677
510,335654.2290222677
511,313031.2349754262
512,313031.2349754262
513,313031.2349754262
514,313031.2349754262
515,313031.2349754262
516,313031.2349754262
517,313031.2349754262
518,313031.2349754262
519,313031.2349754262
520,313031.2349754262
521,313031.2349754262
522,313031.2349754262
523,313031.2349754262
524,313031.2349754262
525,313031.2349754262
526,313031.2349754262
527,313031.2349754262
528,313031.2349754262
529,313031.2349754262
530,313031.2349754262
531,313031.2349754262
532,313031.2349754262
533,313031.2349754262
534,313031.2349754262
535,313031.2349754262
536,313031.2349754262
537,313031.2349754262
538,313031.2349754262
539,313031.2349754262
540,313031.2349754262
541,313031.2349754262
542,313031.2349754262
543,313031.2349754262
544,313031.2349754262
545,313031.2349754262
546,313031.2349754262
547,313031.2349754262
548,313031.2349754262
549,313031.2349754262
550,313031.2349754262
551,313031.2349754262
552,313031.2349754262
553,313031.2349754262
554,313031.2349754262
555,313031.2349754262
556,313031.2349754262
557,313031.2349754262
558,313031.2349754262
559,313031.2349754262
560,313031.2349754262
561,313031.2349754262
562,313031.2349754262
563,313031.2349754262
564,313031.2349754262
565,313031.2349754262
566,313031.2349754262
567,313031.2349754262
568,313031.2349754262
569,313031.2349754262
570,313031.2349754262
571,313031.2349754262
572,313031.2349754262
573,313031.2349754262
574,313031.2349754262
575,313031.2349754262
576,313031.2349754262
577,313031.2349754262
578,313031.2349754262
579,313031.2349754262
580,313031.2349754262
581,313031.2349754262
582,313031.2349754262
583,313031.2349754262
584,313031.2349754262
585,313031.2349754262
586,313031.2349754262
587,313031.2349754262
588,313031.2349754262
589,313031.2349754262
590,313031.2349754262
591,313031.2349754262
592,313031.2349754262
593,313031.2349754262
594,313031.2349754262
595,313031.2349754262
596,313031.2349754262
597,313031.2349754262
598,313031.2349754262
599,313031.2349754262
600,313031.2349754262
601,313031.2349754262
602,313031.2349754262
603,313031.2349754262
604,313031.2349754262
605,313031.2349754262
606,313031.2349754262
607,313031.2349754262
608,313031.2349754262
609,309882.62588870537
610,309882.62588870537
611,309882.62588870537
612,309882.62588870537
613,309882.62588870537
614,309882.62588870537
615,309882.62588870537
616,309882.62588870537
617,309882.62588870537
618,309882.62588870537
619,309882.62588870537
620,309882.62588870537
621,309882.62588870537
622,309882.62588870537
623,309882.62588870537
624,309882.62588870537
625,309882.62588870537
626,309882.62588870537
627,309882.62588870537
628,309882.62588870537
629,309882.62588870537
630,309882.62588870537
631,309882.62588870537
632,309882.62588870525
633,309882.62588870525
634,309882.62588870525
635,309882.62588870525
636,309882.62588870525
637,272879.99490893405
638,272879.99490893405
639,272879.99490893405
640,272879.99490893405
641,272879.99490893405
642,272879.99490893405
643,272879.99490893405
644,272879.99490893405
645,272879.994908934
646,272879.994908934
647,272879.994908934
648,272879.994908934
649,272879.994908934
650,272879.994908934
651,272879.994908934
652,272879.994908934
653,272879.994908934
654,272879.994908934
655,272879.994908934
656,272879.994908934
657,272879.994908934
658,272879.994908934
659,272879.994908934
660,272879.994908934
661,272879.994908934
662,272879.994908934
663,272879.994908934
664,272879.994908934
665,272879.994908934
666,272879.994908934
667,272879.994908934
668,272879.994908934
669,272879.994908934
670,272879.994908934
671,272879.994908934
672,272879.994908934
673,272879.994908934
674,272879.99490893394
675,272879.9949089339
676,272879.9949089339
677,272879.9949089339
678,272879.9949089339
679,272879.9949089339
680,272879.9949089339
681,272879.9949089339
682,272879.9949089339
683,272879.9949089339
684,272879.9949089339
685,272879.9949089339
686,272879.9949089339
687,272879.9949089339
688,272879.9949089339
689,272879.9949089339
690,272879.9949089339
691,272879.9949089339
692,272879.9949089339
693,272879.9949089339
694,272879.9949089339
695,272879.9949089339
696,272879.99490893376
697,272879.99490893376
698,272879.99490893376
699,272879.99490893376
700,272879.99490893376
701,272879.99490893376
702,272879.99490893376
703,272879.99490893376
704,272879.99490893376
705,272879.99490893376
706,272879.99490893376
707,272879.99490893376
708,272879.99490893376
709,272879.99490893376
710,269477.4948151391
711,269477.4948151391
712,269477.4948151391
713,269477.4948151391
714,269477.4948151391
715,269477.4948151391
716,269477.4948151391
717,269477.4948151391
718,269477.4948151391
719,269477.4948151391
720,269477.4948151391
721,269477.4948151391
722,269477.4948151391
723,269477.4948151391
724,269477.4948151391
725,269477.4948151391
726,269477.4948151391
727,269477.4948151391
728,269477.4948151391
729,269477.4948151391
730,269477.4948151391
731,269477.4948151391
732,269477.4948151391
733,269477.4948151391
734,269477.4948151391
735,269477.4948151391
736,269477.4948151391
737,269477.4948151391
738,269477.4948151391
739,269477.4948151391
740,269477.4948151391
741,269477.4948151391
742,249963.65363955506
743,249963.65363955506
744,249963.65363955506
745,249963.65363955506
746,249963.65363955506
747,249963.65363955506
748,247437.94475772185
749,247437.94475772185
750,247437.94475772185
751,247437.94475772185
752,247437.94475772185
753,247437.94475772185
754,247437.94475772185
755,247437.94475772185
756,247437.94475772185
757,247437.94475772174
758,247437.94475772174
759,247437.94475772174
760,247437.94475772174
761,247437.94475772174
762,247437.94475772174
763,247437.94475772174
764,247437.94475772174
765,247437.94475772174
766,247437.94475772174
767,247437.94475772174
768,247437.94475772174
769,247437.94475772174
770,247437.94475772174
771,247437.94475772174
772,247437.94475772174
773,247437.94475772174
774,247437.94475772174
775,247437.94475772174
776,247437.94475772174
777,247437.94475772174
778,247437.94475772174
779,247437.94475772174
780,247437.94475772174
781,247437.94475772174
782,247437.94475772174
783,247437.94475772174
784,247437.9447577217
785,247437.9447577217
786,247437.9447577217
787,247437.9447577217
788,247437.9447577217
789,247437.9447577217
790,247437.9447577217
791,247437.9447577217
792,247437.9447577217
793,247437.9447577217
794,247437.9447577217
795,247437.9447577217
796,247437.9447577217
797,247437.9447577217
798,247437.9447577217
799,247437.9447577217
800,247437.9447577217
801,247437.9447577217
802,247437.9447577217
803,247437.9447577217
804,247437.94475772165
805,247437.94475772165
806,247437.94475772165
807,247437.94475772165
808,247437.94475772165
809,247437.94475772165
810,247437.94475772165
811,247437.94475772165
812,247437.94475772165
813,247437.94475772165
814,247437.94475772165
815,247437.94475772165
816,247437.94475772165
817,247437.94475772165
818,247437.94475772165
819,247437.94475772165
820,247437.94475772165
821,247437.94475772165
822,247437.94475772165
823,247437.9447577216
824,247437.9447577216
825,247437.9447577216
826,247437.9447577216
827,247437.9447577216
828,247437.9447577216
829,247437.9447577216
830,247437.9447577216
831,247437.9447577216
832,247437.9447577216
833,247437.94475772127
834,247437.94475772127
835,247437.94475772127
836,247437.94475772127
837,247437.94475772127
838,247437.94475772127
839,247437.94475772127
840,247437.94475772127
841,247437.94475772127
842,247437.94475772127
843,247437.94475772127
844,247437.94475772127
845,247437.94475772127
846,247437.94475772127
847,247437.94475772127
848,247437.94475772127
849,247437.94475772127
850,247437.94475772127
851,247437.94475772127
852,247437.94475772127
853,242158.68628129785
854,242158.68628129785
855,242158.68628129785
856,242158.68628129785
857,242158.68628129785
858,242158.68628129785
859,242158.68628129785
860,242158.68628129785
861,242158.68628129785
862,242158.68628129785
863,242158.68628129785
864,242158.68628129785
865,242158.68628129785
866,242158.68628129785
867,242158.68628129785
868,242158.68628129785
869,242158.68628129785
870,242158.68628129785
871,242158.68628129785
872,242158.68628129785
873,242158.68628129785
874,242158.68628129785
875,242158.68628129785
876,242158.68628129785
877,242158.68628129785
878,242158.68628129785
879,242158.68628129785
880,242158.68628129785
881,242158.68628129785
882,242158.68628129785
883,242158.68628129785
884,242158.68628129785
885,242158.68628129785
886,242158.68628129785
887,242158.68628129785
888,242158.68628129785
889,242158.68628129785
890,242158.68628129785
891,242158.68628129785
892,237210.38157440932
893,237210.38157440932
894,237210.38157440932
895,237210.38157440932
896,237210.38157440932
897,237210.38157440932
898,237210.38157440932
899,237210.38157440932
900,237210.38157440932
901,237210.38157440932
902,237210.38157440902
903,237210.38157440902
904,237210.38157440902
905,237210.38157440902
906,237210.38157440902
907,237210.38157440902
908,237210.38157440902
909,237210.38157440902
910,237210.38157440902
911,237210.38157440902
912,237210.38157440902
913,237210.38157440902
914,237210.38157440902
915,237210.38157440902
916,237210.38157440902
917,237210.38157440902
918,235594.92753853044
919,235594.92753853044
920,235594.92753853044
921,235594.92753853044
922,235594.92753853044
923,235594.92753853044
924,235594.92753853044
925,235594.92753853044
926,235594.92753853044
927,235594.92753853044
928,235594.92753853044
929,235594.92753853044
930,235594.92753853044
931,235594.92753853044
932,235594.92753853044
933,235594.92753853044
934,235594.92753853044
935,235594.92753853044
936,235594.92753853044
937,235594.92753853044
938,235594.92753853044
939,235594.92753853044
940,235594.92753853044
941,235594.92753853044
942,235594.92753853044
943,235594.9275385301
944,235594.9275385301
945,235594.9275385301
946,235594.9275385301
947,235594.9275385301
948,235594.9275385301
949,235594.9275385301
950,235594.9275385301
951,235594.9275385301
952,235594.9275385301
953,235594.9275385301
954,235594.9275385301
955,235594.9275385301
956,235594.9275385301
957,230976.81477605933
958,230976.81477605933
959,230976.81477605933
960,230976.81477605933
961,230976.81477605933
962,230976.81477605933
963,230976.81477605933
964,230976.81477605933
965,230976.81477605933
966,230976.81477605933
967,230976.81477605933
968,230976.81477605933
969,230976.81477605933
970,230976.81477605933
971,230976.81477605933
972,230976.81477605933
973,230976.81477605933
974,230976.81477605933
975,230976.81477605933
976,230976.81477605933
977,230976.81477605933
978,230976.81477605933
979,230976.81477605933
980,230976.81477605933
981,230976.81477605933
982,230976.81477605933
983,230976.81477605933
984,230976.81477605933
985,230976.81477605933
986,230976.81477605933
987,230976.81477605933
988,230976.81477605933
989,230976.81477605933
990,230976.81477605933
991,230976.81477605933
992,230976.81477605933
993,230976.81477605933
994,230976.81477605933
995,230976.81477605933
996,230976.81477605933
997,230976.81477605933
998,230976.81477605933
999,230976.81477605933
1000,230976.81477605933
1001,230976.81477605933
1002,230976.81477605933
1003,230976.81477605933
1004,230976.81477605915
1005,230976.81477605915
1006,230976.81477605915
1007,230976.81477605915
1008,230976.81477605915
1009,230976.81477605915
1010,225422.31014602477
1011,225422.31014602477
1012,225422.31014602477
1013,225422.31014602477
1014,225422.31014602477
1015,225422.31014602477
1016,225422.31014602477
1017,225422.31014602477
1018,225422.31014602477
1019,225422.31014602477
1020,225422.31014602477
1021,225422.31014602477
1022,225422.31014602477
1023,225422.31014602477
1024,225422.31014602477
1025,225422.31014602477
1026,225422.31014602477
1027,225422.31014602477
1028,225422.31014602465
1029,225422.31014602465
1030,225422.31014602465
1031,223858.81317163876
1032,223858.81317163876
1033,223858.81317163876
1034,223858.81317163876
1035,223858.81317163876
1036,223858.81317163876
1037,223537.05049916534
1038,223537.05049916534
1039,223537.05049916534
1040,223537.05049916534
1041,223537.05049916534
1042,223537.05049916534
1043,223537.05049916534
1044,223537.05049916534
1045,223537.05049916534
1046,223537.05049916534
1047,223537.05049916534
1048,223537.05049916534
1049,223537.05049916534
1050,223537.05049916534
1051,223537.05049916534
1052,223537.05049916534
1053,223537.05049916534
1054,223537.05049916534
1055,223537.05049916534
1056,223537.05049916534
1057,223537.05049916534
1058,223537.05049916534
1059,223537.05049916534
1060,223537.05049916534
1061,223537.05049916534
1062,223537.05049916534
1063,223537.05049916534
1064,223537.05049916534
1065,223537.05049916534
1066,223537.05049916534
1067,223537.05049916534
1068,223537.05049916534
1069,223537.05049916534
1070,223537.05049916534
1071,223537.05049916534
1072,223537.05049916534
1073,223537.05049916523
1074,223537.05049916523
1075,223537.05049916523
1076,223537.05049916523
1077,223537.05049916523
1078,223537.05049916523
1079,223537.05049916523
1080,223537.05049916523
1081,223537.05049916523
1082,223537.05049916523
1083,223537.05049916523
1084,223537.05049916523
1085,223537.05049916523
1086,223537.05049916523
1087,223537.05049916523
1088,223537.05049916523
1089,223537.05049916523
1090,223537.05049916523
1091,223537.05049916523
1092,223537.05049916523
1093,223537.05049916523
1094,223537.05049916523
1095,223537.05049916523
1096,223537.05049916523
1097,223537.05049916523
1098,223537.05049916523
1099,223537.05049916523
1100,223537.05049916523
1101,223537.05049916523
1102,223537.05049916523
1103,223537.05049916523
1104,223537.05049916523
1105,223537.05049916523
1106,223537.05049916523
1107,223537.05049916523
1108,223537.05049916523
1109,223537.05049916523
1110,223537.05049916523
1111,223537.05049916523
1112,223537.05049916523
1113,223537.05049916523
1114,223537.05049916523
1115,223537.05049916523
1116,223537.05049916523
1117,223537.05049916523
1118,223537.05049916523
1119,223537.05049916523
1120,223537.05049916523
1121,223537.05049916523
1122,223537.05049916523
1123,223537.05049916523
1124,223537.05049916523
1125,223537.05049916523
1126,223537.05049916523
1127,223537.05049916523
1128,223537.05049916523
1129,223537.05049916523
1130,223537.05049916523
1131,223537.05049916523
1132,223537.05049916523
1133,223537.05049916523
1134,223537.05049916523
1135,223537.05049916523
1136,223537.05049916523
1137,223537.05049916523
1138,223537.05049916523
1139,223537.05049916523
1140,223537.05049916523
1141,223537.05049916523
1142,223537.05049916523
1143,223537.05049916523
1144,223537.05049916523
1145,223537.05049916523
1146,223537.05049916523
1147,223537.05049916523
1148,223537.05049916523
1149,223537.05049916523
1150,223537.05049916523
1151,223537.05049916523
1152,223537.05049916523
1153,223537.05049916523
1154,223537.05049916523
1155,223537.05049916523
1156,223537.05049916523
1157,223537.05049916523
1158,223537.05049916523
1159,223537.05049916523
1160,223537.05049916523
1161,223537.05049916523
1162,223537.05049916523
1163,223537.05049916523
1164,223537.05049916523
1165,223537.05049916523
1166,223537.05049916523
1167,223537.05049916523
1168,223537.05049916523
1169,223537.05049916523
1170,223537.05049916523
1171,223537.05049916523
1172,223537.05049916523
1173,223537.05049916523
1174,221170.7651476457
1175,221170.7651476457
1176,221170.7651476457
1177,221170.7651476457
1178,221170.7651476457
1179,221170.7651476457
1180,221170.7651476457
1181,221170.7651476457
1182,221170.7651476457
1183,221170.7651476457
1184,221170.7651476457
1185,221170.7651476457
1186,221170.7651476457
1187,221170.7651476457
1188,221170.7651476457
1189,221170.7651476457
1190,221170.7651476457
1191,220800.8351702029
1192,220800.8351702029
1193,220800.8351702029
1194,220800.8351702029
1195,220800.8351702029
1196,220800.8351702026
1197,220800.8351702026
1198,220800.8351702026
1199,220800.8351702026
1200,220800.8351702026
1201,220800.8351702026
1202,220800.8351702026
1203,220800.8351702026
1204,220800.8351702026
1205,220800.8351702026
1206,220800.8351702026
1207,220800.8351702026
1208,220800.8351702026
1209,220800.8351702026
1210,220800.8351702026
1211,220800.8351702026
1212,220800.8351702026
1213,220800.8351702026
1214,220800.8351702026
1215,220800.8351702026
1216,220800.8351702026
1217,220800.8351702026
1218,220800.8351702026
1219,220800.8351702026
1220,220800.8351702026
1221,220800.8351702026
1222,220800.8351702026
1223,220800.8351702026
1224,220800.8351702026
1225,220800.8351702026
1226,220800.8351702026
1227,220800.8351702026
1228,220800.8351702026
1229,220800.8351702026
1230,220800.8351702026
1231,220800.8351702026
1232,220800.8351702026
1233,220800.8351702026
1234,220800.8351702026
1235,220800.8351702026
1236,220800.8351702026
1237,220800.8351702026
1238,220800.8351702026
1239,220800.8351702026
1240,220800.8351702026
1241,220800.8351702026
1242,220800.8351702026
1243,220800.8351702026
1244,220800.8351702026
1245,220800.8351702026
1246,220800.8351702026
1247,220800.8351702026
1248,220800.8351702026
1249,220800.8351702026
1250,220800.8351702026
1251,220800.8351702026
1252,220800.8351702026
1253,220800.8351702026
1254,220800.8351702026
1255,220800.8351702026
1256,220800.8351702026
1257,220800.8351702026
1258,220800.8351702026
1259,220800.8351702026
1260,220800.8351702026
1261,220800.8351702026
1262,220800.8351702026
1263,216939.55463057823
1264,216939.55463057823
1265,216939.55463057806
1266,216939.55463057806
1267,216939.55463057806
1268,216939.55463057806
1269,216939.55463057806
1270,216939.55463057806
1271,216939.55463057806
1272,216939.55463057806
1273,216939.55463057806
1274,216939.55463057806
1275,216939.55463057806
1276,216939.55463057806
1277,216939.55463057806
1278,216939.55463057806
1279,216939.55463057806
1280,216939.55463057806
1281,216939.55463057806
1282,216939.55463057806
1283,216939.55463057806
1284,216939.55463057806
1285,216939.55463057806
1286,216939.55463057806
1287,216939.55463057806
1288,216939.55463057806
1289,216939.55463057806
1290,216939.55463057806
1291,216939.55463057806
1292,216939.55463057806
1293,216939.55463057806
1294,216939.55463057806
1295,216939.55463057806
1296,216939.55463057806
1297,216939.55463057806
1298,216939.55463057806
1299,216939.55463057806
1300,216939.55463057806
1301,216939.55463057806
1302,216939.55463057806
1303,216939.55463057806
1304,216939.55463057806
1305,216939.55463057806
1306,216939.55463057806
1307,216939.55463057806
1308,216939.55463057806
1309,216939.55463057806
1310,216939.55463057806
1311,216939.55463057806
1312,216939.55463057806
1313,216939.55463057806
1314,216939.55463057806
1315,216939.55463057806
1316,216939.55463057806
1317,216939.55463057806
1318,216939.55463057806
1319,216939.55463057806
1320,216939.55463057806
1321,215213.09774572213
1322,215213.09774572213
1323,215213.09774572213
1324,215213.09774572213
1325,215213.09774572213
1326,215213.09774572213
1327,215213.09774572213
1328,215213.09774572213
1329,211823.1168149314
1330,211823.1168149314
1331,211823.1168149314
1332,211823.1168149314
1333,211823.1168149314
1334,211823.1168149314
1335,211823.1168149314
1336,211823.1168149314
1337,211823.1168149314
1338,211823.1168149314
1339,211823.1168149314
1340,211823.1168149314
1341,211823.1168149314
1342,211823.1168149314
1343,211823.1168149314
1344,211823.1168149314
1345,211823.1168149314
1346,211823.1168149314
1347,211823.1168149314
1348,211823.1168149314
1349,211823.1168149314
1350,211823.1168149314
1351,211823.1168149314
1352,211823.1168149314
1353,211823.1168149314
1354,211823.1168149314
1355,211823.1168149314
1356,211823.1168149314
1357,211823.1168149314
1358,211823.1168149314
1359,211823.1168149314
1360,211823.1168149314
1361,211823.1168149314
1362,211823.1168149314
1363,211823.1168149314
1364,211823.1168149314
1365,211823.1168149314
1366,211823.1168149314
1367,211823.1168149314
1368,211823.1168149314
1369,211823.1168149314
1370,211823.1168149314
1371,211823.1168149314
1372,211823.1168149314
1373,211823.1168149314
1374,211823.1168149314
1375,211823.1168149314
1376,211823.1168149314
1377,210432.6432472607
1378,210432.6432472607
1379,210432.6432472607
1380,210432.6432472607
1381,210432.6432472607
1382,210432.6432472607
1383,210432.6432472607
1384,210432.6432472607
1385,210432.6432472607
1386,210432.6432472607
1387,210432.6432472607
1388,210432.64324726054
1389,210432.64324726054
1390,210432.64324726054
1391,210432.64324726054
1392,210432.64324726054
1393,210432.64324726054
1394,210432.64324726054
1395,210432.64324726054
1396,210432.64324726054
1397,210432.64324726054
1398,210432.64324726054
1399,210432.64324726054
1400,210432.64324726054
1401,210432.64324726054
1402,210432.64324726054
1403,210432.64324726054
1404,210432.64324726054
1405,210432.64324726054
1406,210432.64324726054
1407,210432.64324726054
1408,210432.64324726054
1409,210432.64324726054
1410,210432.64324726054
1411,210432.64324726054
1412,210432.64324726054
1413,210432.64324726054
1414,210432.64324726054
1415,210432.64324726054
1416,210432.64324726054
1417,210432.64324726054
1418,210432.64324726054
1419,210432.64324726054
1420,210432.64324726054
1421,210432.64324726054
1422,210432.64324726054
1423,210432.64324726054
1424,210432.64324726054
1425,202119.56705831297
1426,202119.56705831297
1427,202119.56705831297
1428,202119.56705831297
1429,202119.56705831297
1430,202119.56705831297
1431,202119.56705831297
1432,202119.56705831297
1433,202119.56705831297
1434,202119.56705831297
1435,202119.56705831297
1436,202119.56705831297
1437,202119.56705831297
1438,202119.56705831297
1439,202119.56705831297
1440,202119.56705831297
1441,202119.56705831297
1442,202119.56705831297
1443,202119.56705831297
1444,202119.56705831297
1445,202119.56705831297
1446,202119.56705831297
1447,202119.56705831297
1448,202119.56705831297
1449,202119.56705831297
1450,202119.56705831297
1451,202119.56705831297
1452,202119.56705831297
1453,202119.56705831297
1454,202119.56705831297
1455,202119.56705831297
1456,202119.56705831297
1457,202119.56705831297
1458,202119.56705831297
1459,202119.56705831297
1460,202119.56705831297
1461,202119.56705831297
1462,202119.56705831297
1463,202119.56705831297
1464,202119.56705831297
1465,202119.56705831297
1466,200538.3151302862
1467,200538.3151302862
1468,200538.3151302862
1469,200538.3151302862
1470,200538.3151302862
1471,200538.3151302862
1472,200538.3151302862
1473,200538.3151302862
1474,200538.3151302862
1475,200538.3151302862
1476,200538.3151302862
1477,200538.3151302862
1478,200538.3151302862
1479,200538.3151302862
1480,200538.3151302862
1481,200538.3151302862
1482,200538.3151302862
1483,200538.3151302862
1484,200538.3151302862
1485,200538.3151302862
1486,200538.3151302862
1487,200538.3151302862
1488,200538.3151302862
1489,200538.3151302862
1490,200538.3151302862
1491,200538.3151302862
1492,200538.3151302862
1493,200538.3151302862
1494,200538.3151302862
1495,200538.3151302862
1496,200538.3151302862
1497,200538.3151302862
1498,200538.3151302862
1499,200538.3151302862
1500,200538.3151302862
1501,200538.3151302862
1502,200538.3151302862
1503,200538.3151302862
1504,200538.3151302862
1505,200538.3151302862
1506,200538.3151302862
1507,200538.3151302862
1508,200538.3151302862
1509,200538.3151302862
1510,200538.3151302862
1511,200538.3151302862
1512,200538.3151302862
1513,200538.3151302862
1514,200538.3151302862
1515,200538.3151302862
1516,200538.3151302862
1517,200538.3151302862
1518,200538.3151302862
1519,200538.3151302862
1520,200538.3151302862
1521,200538.3151302862
1522,200538.3151302862
1523,200538.3151302862
1524,200538.3151302862
1525,200538.3151302862
1526,200538.3151302862
1527,200538.3151302862
1528,200538.3151302862
1529,200538.3151302862
1530,200538.3151302862
1531,200538.3151302862
1532,200538.3151302862
1533,200538.3151302862
1534,200538.3151302862
1535,200538.3151302862
1536,200538.3151302862
1537,200538.3151302862
1538,200538.3151302862
1539,200538.3151302862
1540,200538.3151302862
1541,200538.3151302862
1542,200538.3151302862
1543,200538.3151302862
1544,200538.3151302862
1545,200538.3151302862
1546,200538.3151302862
1547,200538.3151302862
1548,200538.3151302862
1549,200538.3151302862
1550,200538.3151302862
1551,200538.3151302862
1552,200538.3151302862
1553,200538.3151302862
1554,200538.3151302862
1555,200538.3151302862
1556,200538.3151302862
1557,200538.3151302862
1558,200538.3151302862
1559,200538.3151302862
1560,200538.3151302862
1561,200538.3151302862
1562,200538.3151302862
1563,200538.31513028615
1564,200538.31513028615
1565,200538.31513028615
1566,200538.31513028615
1567,200538.31513028615
1568,200538.31513028615
1569,200538.31513028615
1570,200538.31513028615
1571,200538.31513028615
1572,200538.31513028615
1573,200538.31513028615
1574,200538.31513028615
1575,200538.31513028615
1576,200538.31513028615
1577,198127.53404625726
1578,198127.53404625726
1579,198127.53404625726
1580,198127.53404625723
1581,198127.53404625723
1582,198127.53404625723
1583,198127.53404625723
1584,198127.53404625723
1585,198127.53404625723
1586,198127.53404625723
1587,198127.53404625723
1588,198127.53404625723
1589,198127.53404625723
1590,198127.53404625723
1591,198127.53404625723
1592,198127.53404625723
1593,198127.53404625723
1594,198127.53404625723
1595,198127.53404625723
1596,198127.53404625723
1597,198127.53404625723
1598,198127.53404625723
1599,198127.53404625723
1600,198127.53404625723
1601,198127.53404625723
1602,198127.53404625723
1603,198127.53404625723
1604,198127.53404625723
1605,198127.53404625723
1606,198127.53404625723
1607,198127.53404625723
1608,198127.53404625723
1609,198127.53404625723
1610,198127.53404625723
1611,198127.53404625723
1612,198127.53404625723
1613,198127.53404625723
1614,198127.53404625723
1615,198127.53404625723
1616,198127.53404625723
1617,198127.53404625723
1618,198127.53404625723
1619,198127.53404625723
1620,198127.53404625723
1621,198127.53404625723
1622,198127.53404625723
1623,198127.53404625723
1624,198127.53404625723
1625,198127.53404625723
1626,198127.53404625723
1627,198127.53404625723
1628,198127.53404625723
1629,198127.53404625723
1630,198127.53404625723
1631,198127.53404625723
1632,198127.53404625723
1633,198127.53404625723
1634,198127.53404625723
1635,198127.53404625723
1636,198127.53404625723
1637,198127.53404625723
1638,198127.53404625723
1639,198127.53404625723
1640,198127.53404625723
1641,198127.53404625723
1642,198127.53404625723
1643,198127.53404625723
1644,198127.53404625723
1645,198127.53404625723
1646,198127.53404625723
1647,198127.53404625723
1648,198127.53404625723
1649,198127.53404625723
1650,198127.53404625723
1651,198127.53404625723
1652,198127.53404625723
1653,198127.53404625723
1654,198127.53404625723
1655,198127.53404625723
1656,198127.53404625723
1657,198127.53404625723
1658,198127.53404625723
1659,198127.53404625715
1660,198127.53404625715
1661,198127.53404625715
1662,198127.53404625715
1663,198127.53404625715
1664,198127.53404625715
1665,198127.53404625715
1666,198127.53404625715
1667,198127.53404625715
1668,198127.53404625715
1669,198127.53404625715
1670,198127.53404625715
1671,198127.53404625715
1672,198127.53404625715
1673,198127.53404625715
1674,198127.53404625715
1675,198127.53404625715
1676,198127.53404625715
1677,198127.53404625715
1678,198127.53404625715
1679,198127.53404625715
1680,198127.53404625715
1681,198127.53404625715
1682,198127.53404625715
1683,198127.53404625715
1684,198127.53404625715
1685,198127.53404625715
1686,198127.53404625715
1687,198127.53404625715
1688,198127.53404625715
1689,198127.53404625715
1690,198127.53404625715
1691,198127.53404625715
1692,198127.53404625715
1693,198127.53404625715
1694,198127.53404625715
1695,198127.53404625715
1696,198127.53404625715
1697,198127.53404625715
1698,198127.53404625715
1699,198127.53404625715
1700,198127.53404625715
1701,198127.53404625715
1702,198127.53404625715
1703,198127.53404625715
1704,198127.53404625715
1705,198127.53404625715
1706,198127.53404625715
1707,198127.53404625715
1708,198127.53404625715
1709,198127.53404625715
1710,198127.53404625715
1711,198127.53404625715
1712,198127.53404625715
1713,198127.53404625715
1714,198127.53404625715
1715,198127.53404625715
1716,198127.53404625715
1717,198127.53404625715
1718,194119.21505774028
1719,194119.21505774028
1720,194119.21505774028
1721,194119.21505774028
1722,194119.21505774028
1723,194119.21505774028
1724,194119.21505774028
1725,194119.21505774028
1726,194119.21505774028
1727,194119.21505774028
1728,194119.21505774028
1729,194119.21505774028
1730,194119.21505774028
1731,194119.21505774028
1732,194119.21505774028
1733,194119.21505774025
1734,194119.21505774025
1735,194119.21505774025
1736,194119.21505774025
1737,194119.21505774025
1738,194119.21505774025
1739,194119.21505774025
1740,194119.21505774025
1741,194119.21505774025
1742,194119.2150577401
1743,194119.2150577401
1744,194119.2150577401
1745,194119.2150577401
1746,194119.2150577401
1747,192983.77429430105
1748,192983.77429430105
1749,192983.77429430105
1750,192983.77429430105
1751,192983.77429430105
1752,192983.77429430105
1753,192983.77429430105
1754,192983.77429430105
1755,192983.77429430105
1756,192983.77429430105
1757,192983.77429430105
1758,192983.77429430105
1759,192983.77429430105
1760,192983.77429430105
1761,192983.77429430105
1762,192983.77429430105
1763,192983.77429430105
1764,192983.77429430105
1765,192983.77429430105
1766,192983.77429430105
1767,192983.77429430105
1768,192983.77429430105
1769,192983.77429430105
1770,192983.77429430105
1771,192983.77429430105
1772,192983.77429430105
1773,192983.77429430105
1774,192983.77429430105
1775,192983.77429430105
1776,192983.77429430105
1777,192983.77429430105
1778,192983.77429430105
1779,192983.77429430105
1780,192983.77429430105
1781,192983.77429430105
1782,192983.77429430105
1783,192983.77429430105
1784,192983.77429430105
1785,192983.77429430105
1786,192983.77429430105
1787,192983.77429430105
1788,192983.77429430105
1789,192983.77429430105
1790,192983.77429430105
1791,192983.77429430105
1792,192983.77429430105
1793,192983.77429430105
1794,192983.77429430105
1795,192983.77429430105
1796,192983.77429430105
1797,192983.77429430105
1798,192983.77429430105
1799,192983.77429430105
1800,192983.77429430105
1801,192983.77429430105
1802,187353.5627525641
1803,187353.5627525641
1804,187353.5627525641
1805,187353.5627525641
1806,187353.5627525641
1807,187353.5627525641
1808,187353.5627525641
1809,187353.5627525641
1810,187353.5627525641
1811,187353.5627525641
1812,187353.5627525641
1813,187353.5627525641
1814,187353.5627525641
1815,187353.5627525641
1816,187353.5627525641
1817,187353.5627525641
1818,187353.5627525641
1819,187353.5627525641
1820,187353.5627525641
1821,187353.5627525641
1822,187353.5627525641
1823,187353.5627525641
1824,187353.5627525641
1825,187353.5627525641
1826,187353.5627525641
1827,187353.5627525641
1828,187353.5627525641
1829,187353.5627525641
1830,187353.5627525641
1831,187353.5627525641
1832,187353.5627525641
1833,187353.5627525641
1834,187353.5627525641
1835,187353.5627525641
1836,187353.5627525641
1837,187353.5627525641
1838,187353.5627525641
1839,187353.5627525641
1840,187353.5627525641
1841,187353.5627525641
1842,187353.5627525641
1843,187353.5627525641
1844,187353.5627525641
1845,187353.5627525641
1846,187353.5627525641
1847,187353.5627525641
1848,187353.5627525641
1849,187353.5627525641
1850,187353.5627525641
1851,187353.5627525641
1852,187353.5627525641
1853,187353.5627525641
1854,187353.5627525641
1855,185907.97918296553
1856,185907.97918296553
1857,185907.97918296553
1858,185907.97918296553
1859,185907.97918296553
1860,185907.97918296553
1861,185907.97918296553
1862,185907.97918296553
1863,185907.97918296553
1864,185907.97918296553
1865,185907.97918296553
1866,185907.97918296553
1867,185907.97918296553
1868,185907.97918296553
1869,185907.97918296553
1870,185907.97918296553
1871,185907.97918296553
1872,185907.97918296553
1873,185907.97918296553
1874,185907.97918296553
1875,185907.97918296553
1876,185907.97918296553
1877,185907.97918296553
1878,185907.97918296553
1879,185907.97918296553
1880,185907.97918296553
1881,185907.97918296553
1882,185907.97918296553
1883,185907.97918296553
1884,185907.97918296553
1885,185907.97918296553
1886,185907.97918296553
1887,185907.97918296553
1888,185907.97918296553
1889,185907.97918296553
1890,185907.97918296553
1891,185907.97918296553
1892,185907.97918296553
1893,185907.97918296544
1894,185907.97918296544
1895,185907.97918296544
1896,185907.97918296544
1897,185907.97918296544
1898,185907.97918296544
1899,185907.97918296544
1900,185907.97918296544
1901,185907.97918296544
1902,185907.97918296544
1903,185907.97918296544
1904,185907.97918296544
1905,185907.97918296544
1906,185907.97918296544
1907,185907.97918296544
1908,185907.97918296544
1909,185907.97918296544
1910,185907.97918296544
1911,185907.97918296544
1912,185209.78843207765
1913,185209.78843207765
1914,185209.78843207765
1915,185209.78843207765
1916,185209.78843207765
1917,185209.78843207765
1918,185209.78843207765
1919,185209.78843207765
1920,185209.78843207765
1921,185209.78843207765
1922,185209.78843207765
1923,185209.78843207765
1924,185209.78843207765
1925,185209.78843207765
1926,185209.78843207765
1927,185209.78843207765
1928,185209.78843207765
1929,185209.78843207765
1930,185209.78843207765
1931,185209.78843207765
1932,185209.78843207765
1933,185209.78843207765
1934,185209.78843207765
1935,185209.78843207765
1936,185209.78843207765
1937,185209.78843207765
1938,185209.78843207765
1939,185209.78843207765
1940,185209.78843207765
1941,185209.78843207765
1942,185209.78843207765
1943,185209.78843207765
1944,185209.78843207765
1945,185209.78843207765
1946,185209.78843207765
1947,185209.78843207765
1948,185209.78843207765
1949,185209.78843207765
1950,185209.78843207765
1951,185209.78843207765
1952,185209.78843207765
1953,185209.78843207765
1954,185209.78843207765
1955,185209.78843207765
1956,163296.4321263329
1957,163296.4321263329
1958,163296.4321263329
1959,163296.4321263329
1960,163296.4321263329
1961,163296.4321263329
1962,163296.4321263329
1963,163296.4321263329
1964,163296.4321263329
1965,163296.4321263329
1966,163296.4321263329
1967,163296.4321263329
1968,163296.4321263329
1969,163296.4321263329
1970,163296.4321263329
1971,163296.4321263329
1972,163296.4321263329
1973,163296.4321263329
1974,163296.4321263329
1975,163296.4321263329
1976,163296.4321263329
1977,163296.4321263329
1978,163296.4321263329
1979,163296.4321263329
1980,163296.4321263329
1981,163296.4321263329
1982,163296.4321263329
1983,163296.4321263329
1984,163296.4321263329
1985,163296.4321263329
1986,163296.4321263329
1987,163296.4321263329
1988,163296.4321263329
1989,163296.4321263329
1990,163296.4321263329
1991,163296.4321263329
1992,163296.4321263329
1993,163296.4321263329
1994,163296.4321263329
1995,163296.4321263329
1996,163296.4321263329
1997,163296.4321263329
1998,163296.4321263329
1999,163296.4321263329
2000,163296.4321263329
2001,163296.4321263329
2002,163296.4321263329
2003,163296.4321263329
2004,163296.4321263329
2005,163296.4321263329
2006,163296.4321263329
2007,163296.4321263329
2008,163296.4321263329
2009,163296.4321263329
2010,163296.4321263329
2011,163296.4321263329
2012,163296.4321263329
2013,163296.43212633274
2014,163296.43212633274
2015,163296.43212633274
2016,163296.43212633274
2017,163296.43212633274
2018,163296.43212633274
2019,163296.43212633274
2020,163296.43212633274
2021,163296.43212633274
2022,163296.43212633274
2023,163296.43212633274
2024,163296.43212633274
2025,163296.43212633274
2026,163296.43212633274
2027,163296.43212633274
2028,163296.43212633274
2029,163296.43212633274
2030,163296.43212633274
2031,163296.43212633274
2032,163296.43212633274
2033,163296.43212633274
2034,163296.43212633274
2035,163296.43212633274
2036,163296.43212633274
2037,163296.43212633274
2038,163296.43212633274
2039,163296.43212633274
2040,163296.43212633274
2041,163296.43212633274
2042,163296.43212633274
2043,163296.43212633274
2044,163296.43212633274
2045,163296.43212633274
2046,163296.43212633274
2047,163296.43212633274
2048,163296.43212633274
2049,163296.43212633274
2050,163296.43212633274
2051,163296.43212633274
2052,163296.43212633274
2053,163296.43212633274
2054,163296.43212633274
2055,163296.43212633274
2056,163296.43212633274
2057,163296.43212633274
2058,163296.43212633274
2059,163296.43212633274
2060,163296.43212633274
2061,163296.43212633274
2062,163296.43212633274
2063,163296.43212633274
2064,163296.43212633274
2065,163296.43212633274
2066,163296.43212633274
2067,163296.43212633274
2068,163296.43212633274
2069,163296.43212633274
2070,163296.43212633274
2071,163296.43212633274
2072,163296.43212633274
2073,163296.43212633274
2074,163296.43212633274
2075,163296.43212633274
2076,163296.43212633274
2077,161894.15354504847
2078,161894.15354504847
2079,161894.15354504847
2080,161894.15354504847
2081,161894.15354504847
2082,161894.15354504847
2083,161894.15354504847
2084,161894.15354504847
2085,161894.15354504847
2086,161894.15354504847
2087,161894.15354504847
2088,161894.15354504847
2089,161894.15354504847
2090,161894.15354504847
2091,161894.15354504847
2092,161894.15354504847
2093,161894.15354504847
2094,161894.15354504847
2095,161894.15354504847
2096,161894.15354504847
2097,161894.15354504847
2098,161894.15354504847
2099,161894.15354504847
2100,161894.15354504847
2101,161894.15354504847
2102,161894.15354504847
2103,161894.15354504847
2104,161894.15354504847
2105,161894.15354504847
2106,161894.15354504847
2107,161894.15354504847
2108,161894.15354504847
2109,161894.15354504847
2110,161894.15354504826
2111,161894.15354504826
2112,161894.15354504826
2113,161894.15354504826
2114,161894.15354504826
2115,161894.15354504826
2116,161894.15354504826
2117,161894.15354504826
2118,161894.15354504826
2119,161894.15354504826
2120,161894.15354504826
2121,161894.15354504826
2122,161894.15354504826
2123,161894.15354504826
2124,161894.15354504826
2125,161894.15354504826
2126,161894.15354504826
2127,161894.15354504826
2128,161894.15354504826
2129,161894.15354504826
2130,161894.15354504826
2131,161894.15354504826
2132,161894.15354504826
2133,161894.15354504826
2134,161894.15354504826
2135,161894.15354504826
2136,161894.15354504826
2137,161894.15354504826
2138,161894.15354504826
2139,161894.15354504826
2140,161894.15354504826
2141,161894.15354504826
2142,161894.15354504826
2143,161894.15354504826
2144,161894.15354504826
2145,161894.15354504826
2146,157656.02070387182
2147,157656.02070387182
2148,157656.02070387182
2149,157656.02070387182
2150,157656.02070387182
2151,157656.02070387182
2152,157656.02070387182
2153,157656.02070387182
2154,157656.02070387182
2155,157656.02070387182
2156,157656.02070387182
2157,157656.02070387182
2158,157656.02070387182
2159,157656.02070387182
2160,157656.02070387182
2161,157656.02070387182
2162,157656.02070387182
2163,157656.02070387182
2164,157656.02070387182
2165,157656.02070387182
2166,157656.02070387182
2167,157656.02070387182
2168,157656.02070387182
2169,157656.02070387182
2170,157656.02070387182
2171,157656.02070387182
2172,157656.02070387182
2173,157656.02070387182
2174,157656.02070387182
2175,157656.02070387182
2176,157656.02070387182
2177,157656.02070387182
2178,157656.02070387182
2179,157656.02070387182
2180,157656.02070387182
2181,157656.02070387182
2182,157656.02070387182
2183,157656.02070387182
2184,157656.02070387182
2185,157656.02070387182
2186,157656.02070387182
2187,157656.02070387182
2188,157656.02070387182
2189,157656.02070387182
2190,157656.02070387182
2191,157656.02070387182
2192,157656.02070387182
2193,157656.02070387182
2194,157656.02070387182
2195,157656.02070387182
2196,157656.02070387182
2197,157656.02070387182
2198,157656.02070387182
2199,157656.02070387182
2200,157656.02070387182
2201,157656.02070387182
2202,157316.15962689155
2203,157316.15962689155
2204,157316.15962689155
2205,157316.15962689155
2206,157316.15962689155
2207,157316.15962689155
2208,157316.15962689155
2209,157316.15962689155
2210,157316.15962689155
2211,157316.15962689155
2212,157316.15962689155
2213,157316.15962689155
2214,155946.2253625532
2215,155946.2253625532
2216,155946.2253625532
2217,155946.22536255314
2218,155946.22536255314
2219,155946.22536255314
2220,155946.22536255314
2221,155946.22536255314
2222,155946.22536255314
2223,155946.22536255314
2224,155946.22536255314
2225,155946.22536255314
2226,155946.22536255314
2227,155946.22536255314
2228,155946.22536255314
2229,155946.22536255314
2230,155946.22536255314
2231,155946.22536255314
2232,155946.22536255314
2233,155946.22536255314
2234,155946.22536255314
2235,155946.22536255314
2236,155946.22536255314
2237,155946.22536255314
2238,155946.22536255314
2239,155946.22536255314
2240,155946.22536255314
2241,155946.22536255314
2242,155946.22536255314
2243,155946.22536255314
2244,155946.22536255314
2245,155946.22536255314
2246,155946.22536255314
2247,155946.22536255314
2248,155946.225362553
2249,155946.225362553
2250,155946.225362553
2251,155946.225362553
2252,155946.225362553
2253,155946.225362553
2254,155946.225362553
2255,155946.225362553
2256,155946.225362553
2257,155946.225362553
2258,155946.225362553
2259,155946.225362553
2260,155946.225362553
2261,155946.225362553
2262,155946.225362553
2263,155946.225362553
2264,155946.225362553
2265,155946.225362553
2266,155946.225362553
2267,155946.225362553
2268,155946.225362553
2269,155946.225362553
2270,155946.225362553
2271,155946.225362553
2272,155946.2253625529
2273,155946.2253625529
2274,155946.2253625529
2275,155946.2253625529
2276,155946.2253625529
2277,155946.2253625529
2278,150867.08797432232
2279,150867.08797432232
2280,150867.08797432232
2281,150867.08797432232
2282,150867.08797432232
2283,150867.0879743223
2284,150867.0879743223
2285,150867.0879743223
2286,150867.0879743223
2287,150867.0879743223
2288,150867.0879743223
2289,150867.0879743223
2290,150867.0879743223
2291,150867.0879743223
2292,150867.0879743223
2293,150867.0879743223
2294,150867.0879743223
2295,150867.0879743223
2296,150867.0879743223
2297,150867.0879743223
2298,150867.0879743223
2299,150867.0879743223
2300,150867.08797432226
2301,150867.08797432226
2302,150867.08797432226
2303,150867.08797432226
2304,150867.08797432226
2305,150867.08797432226
2306,150867.08797432226
2307,150867.08797432226
2308,150867.08797432226
2309,150867.08797432226
2310,150867.08797432226
2311,150867.08797432226
2312,150867.08797432226
2313,150867.08797432226
2314,150867.08797432226
2315,150867.08797432223
2316,150867.08797432223
2317,150867.08797432223
2318,150867.08797432223
2319,150867.08797432223
2320,150867.08797432223
2321,150867.08797432223
2322,150635.79544889354
2323,150635.79544889354
2324,150635.79544889354
2325,150635.79544889354
2326,150635.79544889354
2327,150635.79544889354
2328,150635.79544889354
2329,150635.79544889354
2330,150635.79544889354
2331,150635.79544889354
2332,150551.26206120872
2333,150551.26206120872
2334,150551.26206120872
2335,150551.26206120872
2336,150551.26206120872
2337,150551.26206120872
2338,150551.26206120872
2339,150551.26206120872
2340,150551.26206120872
2341,150551.26206120872
2342,150551.26206120872
2343,150551.26206120872
2344,150551.26206120872
2345,150551.26206120872
2346,150551.26206120872
2347,150551.26206120872
2348,150551.26206120872
2349,150551.26206120872
2350,150551.26206120872
2351,150551.26206120872
2352,150551.26206120872
2353,150551.26206120872
2354,150551.26206120872
2355,150551.26206120872
2356,150551.26206120872
2357,150551.26206120872
2358,150551.2620612084
2359,150551.2620612084
2360,150551.2620612084
2361,150551.2620612084
2362,150551.2620612084
2363,150551.2620612084
2364,150551.2620612084
2365,150551.2620612084
2366,150551.2620612084
2367,150551.2620612084
2368,150551.2620612084
2369,150551.2620612084
2370,150551.2620612084
2371,150551.2620612084
2372,150551.2620612084
2373,150551.2620612084
2374,150551.2620612084
2375,150551.2620612084
2376,150551.2620612084
2377,150551.2620612084
2378,150551.2620612084
2379,150551.2620612084
2380,150551.2620612084
2381,150551.2620612084
2382,150551.2620612084
2383,150551.2620612084
2384,150551.2620612084
2385,150551.2620612084
2386,150551.2620612084
2387,150551.2620612084
2388,150551.2620612084
2389,150551.2620612084
2390,150551.2620612084
2391,150551.2620612084
2392,150551.2620612084
2393,150551.2620612084
2394,149568.93481080123
2395,149568.93481080123
2396,149568.93481080123
2397,149568.93481080123
2398,149568.93481080123
2399,149568.93481080123
2400,149568.93481080123
2401,149568.93481080123
2402,149568.93481080123
2403,149568.93481080123
2404,149568.93481080123
2405,149568.93481080123
2406,149568.93481080123
2407,149568.93481080123
2408,149568.93481080123
2409,149568.93481080123
2410,149568.93481080123
2411,149568.93481080123
2412,149568.93481080123
2413,149568.93481080123
2414,149568.93481080123
2415,149568.9348108011
2416,149568.9348108011
2417,149568.9348108011
2418,149568.9348108011
2419,149568.9348108011
2420,149568.9348108011
2421,149568.9348108011
2422,149568.9348108011
2423,149568.9348108011
2424,149568.9348108011
2425,149568.9348108011
2426,149568.9348108011
2427,149568.9348108011
2428,149568.9348108011
2429,149568.9348108011
2430,149568.9348108011
2431,149568.9348108011
2432,149568.9348108011
2433,149568.9348108011
2434,149568.9348108011
2435,149568.9348108011
2436,149568.9348108011
2437,149568.9348108011
2438,149568.934810801
2439,149568.934810801
2440,149568.934810801
2441,149568.934810801
2442,147314.81480079686
2443,147314.81480079686
2444,147314.81480079686
2445,147314.81480079686
2446,147314.81480079686
2447,147314.81480079686
2448,147314.81480079686
2449,147314.81480079686
2450,147314.81480079686
2451,147314.81480079686
2452,147314.81480079686
2453,147314.81480079686
2454,147314.81480079686
2455,147314.81480079686
2456,147314.81480079686
2457,147314.81480079686
2458,147314.81480079686
2459,147314.81480079686
2460,147314.81480079686
2461,147314.81480079674
2462,147314.81480079674
2463,147314.81480079674
2464,147314.81480079674
2465,147314.81480079674
2466,147314.81480079674
2467,147314.81480079674
2468,147314.81480079674
2469,147314.81480079674
2470,147314.81480079674
2471,147314.81480079674
2472,147314.81480079674
2473,147314.81480079674
2474,147314.81480079674
2475,147314.81480079674
2476,147314.81480079674
2477,147314.81480079674
2478,147314.81480079674
2479,147314.81480079674
2480,147314.81480079674
2481,147314.81480079674
2482,147314.81480079674
2483,147314.81480079674
2484,147314.81480079674
2485,146939.02385076106
2486,146939.02385076106
2487,146939.02385076106
2488,146939.02385076106
2489,146939.02385076106
2490,146939.02385076106
2491,146939.02385076106
2492,146939.02385076106
2493,146939.02385076106
2494,146939.02385076106
2495,146939.02385076106
2496,146939.02385076106
2497,146939.02385076106
2498,146939.02385076106
2499,146939.02385076106
