iteracion,valor_coste
0,1078850.5964979206
1,1015731.8708748153
2,1000944.9512657747
3,1000944.9512657747
4,863823.6026718206
5,832874.721324371
6,832874.721324371
7,826449.0587021034
8,826449.0587021034
9,801445.2545581136
10,801445.2545581136
11,753246.8367580156
12,753246.8367580149
13,753246.8367580149
14,753246.8367580149
15,753246.8367580149
16,753246.8367580149
17,748101.073037095
18,748101.073037095
19,748101.073037095
20,748101.073037095
21,748101.073037095
22,748101.073037095
23,748101.073037095
24,748101.073037095
25,593828.9851554825
26,593828.9851554825
27,593828.9851554825
28,593828.9851554825
29,593828.9851554825
30,593828.9851554825
31,593828.9851554825
32,593828.9851554825
33,593828.9851554825
34,593828.9851554825
35,593828.9851554825
36,593828.9851554825
37,557419.0901685301
38,557419.0901685301
39,557419.0901685301
40,557419.0901685301
41,557419.0901685301
42,557419.0901685301
43,557419.0901685301
44,557419.0901685301
45,557419.0901685301
46,557419.0901685301
47,557419.0901685301
48,557419.0901685301
49,557419.0901685301
50,557419.0901685301
51,557419.0901685299
52,557419.0901685299
53,557419.0901685299
54,557419.0901685299
55,550764.4103100033
56,550764.4103100033
57,531118.7146913424
58,493545.46760699607
59,493545.46760699607
60,493545.46760699607
61,493545.46760699607
62,493545.46760699607
63,493545.46760699607
64,493545.46760699607
65,469587.8249966548
66,469587.8249966548
67,469587.8249966548
68,469587.8249966548
69,469587.8249966548
70,469587.8249966548
71,469587.8249966548
72,469587.8249966548
73,469587.8249966548
74,469587.8249966548
75,469587.8249966548
76,469587.8249966548
77,469587.8249966548
78,469587.82499665476
79,469587.82499665476
80,469587.82499665476
81,469587.82499665476
82,469587.82499665476
83,469587.82499665476
84,469587.82499665476
85,469587.82499665476
86,469587.82499665476
87,469587.82499665476
88,469587.82499665476
89,469587.82499665476
90,469587.82499665476
91,469587.82499665476
92,373240.9085181782
93,373240.9085181782
94,373240.9085181782
95,373240.9085181782
96,373240.9085181782
97,373240.9085181782
98,373240.9085181782
99,373240.9085181782
100,373240.9085181782
101,373240.9085181782
102,373240.9085181782
103,373240.9085181782
104,372527.238049514
105,372527.238049514
106,372527.23804951366
107,372527.23804951366
108,372527.23804951366
109,372527.23804951366
110,372527.23804951366
111,372527.23804951366
112,372527.23804951366
113,372527.23804951366
114,372527.23804951366
115,372527.23804951366
116,372527.23804951366
117,372527.23804951366
118,372527.23804951366
119,372527.23804951366
120,372527.23804951366
121,372527.23804951366
122,372527.23804951366
123,372527.23804951366
124,372527.23804951366
125,372527.23804951366
126,372527.23804951366
127,372527.23804951366
128,372527.23804951366
129,353951.9984039346
130,353951.9984039346
131,353951.9984039346
132,353951.9984039346
133,353951.9984039346
134,353951.9984039346
135,353951.9984039346
136,353951.9984039346
137,353951.9984039346
138,353951.9984039346
139,353951.9984039346
140,353951.9984039346
141,353951.9984039346
142,353951.9984039346
143,353951.9984039346
144,353951.9984039346
145,353951.9984039346
146,353951.9984039346
147,353951.9984039346
148,353951.9984039346
149,353951.9984039346
150,353951.9984039346
151,353951.9984039345
152,353951.9984039345
153,353951.9984039345
154,353951.9984039345
155,353951.9984039345
156,353951.9984039345
157,353951.9984039345
158,353951.9984039345
159,353951.9984039345
160,353951.9984039345
161,312591.5321423047
162,312591.5321423047
163,312591.5321423047
164,312591.5321423047
165,312591.5321423047
166,312591.5321423047
167,312591.5321423047
168,312591.5321423047
169,312591.5321423047
170,312591.5321423045
171,312591.5321423045
172,312591.5321423045
173,312591.5321423045
174,312591.5321423045
175,312591.5321423045
176,312591.5321423045
177,312591.5321423045
178,312591.5321423045
179,312591.5321423045
180,312591.5321423045
181,302696.20401055104
182,302696.20401055104
183,302696.20401055104
184,302696.20401055104
185,302696.20401055104
186,302696.20401055104
187,302696.20401055104
188,302696.20401055104
189,302696.20401055104
190,302696.20401055104
191,302696.20401055104
192,302696.20401055104
193,302696.20401055104
194,302696.20401055104
195,302696.20401055104
196,302696.204010551
197,302696.204010551
198,302696.204010551
199,302696.204010551
200,278940.7006267129
201,278940.7006267129
202,278940.7006267129
203,276029.15373407776
204,276029.15373407776
205,276029.15373407776
206,276029.15373407776
207,276029.15373407776
208,276029.15373407776
209,276029.15373407776
210,276029.15373407776
211,276029.15373407776
212,276029.15373407776
213,276029.15373407776
214,276029.15373407776
215,218073.76148487776
216,218073.76148487776
217,218073.76148487776
218,218073.76148487776
219,218073.76148487776
220,218073.76148487776
221,218073.76148487776
222,218073.76148487776
223,218073.76148487776
224,218073.76148487776
225,218073.76148487776
226,218073.76148487776
227,218073.76148487776
228,218073.76148487776
229,218073.76148487776
230,218073.76148487776
231,218073.76148487776
232,218073.76148487776
233,218073.76148487776
234,218073.76148487776
235,218073.76148487776
236,218073.76148487776
237,217292.1099513454
238,217292.1099513454
239,217292.1099513454
240,217292.1099513454
241,217292.1099513454
242,217292.1099513454
243,217292.1099513454
244,217292.1099513454
245,217292.1099513454
246,214694.58542049868
247,214694.58542049868
248,214694.58542049868
249,214694.58542049868
250,214694.58542049868
251,214694.58542049868
252,214694.58542049868
253,214694.58542049868
254,214694.58542049868
255,214694.5854204986
256,214694.5854204986
257,214694.5854204986
258,214694.5854204986
259,214694.5854204986
260,214694.5854204986
261,214694.5854204986
262,214694.5854204986
263,214694.5854204986
264,214694.5854204986
265,214694.5854204986
266,214694.5854204986
267,214694.5854204986
268,214694.5854204986
269,214694.5854204986
270,214694.5854204986
271,214694.5854204986
272,214694.5854204986
273,214694.5854204986
274,214694.5854204986
275,214694.5854204986
276,214694.5854204986
277,214694.5854204986
278,214694.5854204986
279,214694.58542049842
280,214694.58542049842
281,214694.58542049842
282,214694.58542049842
283,214694.58542049842
284,214694.58542049842
285,214694.58542049842
286,214694.58542049842
287,214694.58542049842
288,214694.58542049842
289,214694.58542049842
290,214694.58542049842
291,214694.58542049842
292,214694.58542049842
293,214694.58542049842
294,214694.58542049842
295,214694.58542049842
296,214694.58542049842
297,214694.58542049842
298,214694.58542049842
299,214694.58542049842
300,214694.58542049842
301,214694.58542049842
302,214694.58542049842
303,214694.58542049842
304,214694.58542049842
305,214694.58542049842
306,214694.58542049842
307,214694.58542049842
308,214694.58542049842
309,214694.58542049842
310,214694.58542049842
311,214694.58542049842
312,214694.58542049842
313,214694.58542049842
314,214694.58542049842
315,214694.58542049842
316,214694.58542049842
317,214694.58542049842
318,214694.58542049842
319,214694.58542049842
320,214694.58542049842
321,214694.58542049842
322,214694.58542049842
323,214694.58542049842
324,214694.58542049842
325,214694.58542049842
326,214694.58542049842
327,188295.99458863874
328,188295.99458863874
329,188295.99458863874
330,188295.99458863874
331,188295.99458863874
332,188295.99458863874
333,188295.99458863874
334,188295.99458863874
335,188295.99458863874
336,188295.99458863874
337,188295.99458863874
338,188295.99458863874
339,188295.99458863874
340,188295.99458863874
341,188295.99458863874
342,188295.99458863874
343,188295.99458863874
344,188295.99458863874
345,188295.99458863874
346,188295.99458863874
347,173788.79373112894
348,173788.7937311289
349,173788.7937311289
350,173788.7937311289
351,173788.7937311289
352,173788.7937311289
353,173788.7937311289
354,173788.7937311289
355,173788.7937311289
356,173788.7937311289
357,173788.7937311289
358,173788.7937311289
359,173788.7937311289
360,173788.7937311289
361,173788.7937311289
362,173788.7937311289
363,173788.7937311289
364,173788.7937311289
365,173788.79373112886
366,173788.79373112886
367,173788.79373112886
368,173788.79373112886
369,173788.79373112886
370,173788.79373112886
371,173788.79373112886
372,173788.79373112886
373,173788.79373112886
374,173788.79373112886
375,173788.79373112886
376,173788.79373112886
377,173788.79373112886
378,173788.79373112886
379,173788.79373112886
380,172632.96114275002
381,172632.96114275002
382,172632.96114275002
383,172632.96114275002
384,172632.96114275002
385,172632.96114275002
386,172632.96114275002
387,172632.96114275002
388,172632.96114275002
389,172632.96114275002
390,172632.96114275002
391,172632.96114275002
392,172632.96114275002
393,172632.96114275002
394,172632.96114275002
395,172632.96114275002
396,172632.96114275002
397,172632.96114275002
398,172632.96114275002
399,172632.96114275002
400,172632.96114275002
401,172632.96114275002
402,172632.96114275002
403,172632.96114275002
404,172632.96114275002
405,172632.96114275002
406,172632.96114275002
407,172632.96114275002
408,172632.96114275002
409,172632.96114275002
410,172632.96114275002
411,172632.9611427499
412,172632.9611427499
413,172632.9611427499
414,172632.9611427499
415,172632.9611427499
416,172632.9611427499
417,172632.9611427499
418,172632.9611427499
419,172632.9611427499
420,172632.9611427499
421,172632.9611427499
422,172632.9611427499
423,172632.9611427499
424,172632.9611427499
425,172632.9611427499
426,172632.9611427499
427,172632.9611427499
428,172632.9611427499
429,172632.9611427499
430,172632.9611427499
431,172632.9611427499
432,172632.9611427499
433,172632.9611427499
434,172632.9611427499
435,172632.9611427499
436,172632.9611427499
437,172632.9611427499
438,172632.9611427499
439,172632.9611427499
440,172632.9611427499
441,172632.9611427499
442,172632.9611427499
443,172632.9611427499
444,172632.9611427499
445,172632.9611427499
446,172632.9611427499
447,172632.9611427499
448,172632.9611427499
449,172632.9611427499
450,172632.9611427499
451,172632.9611427499
452,172632.9611427499
453,172632.9611427499
454,172632.9611427499
455,172632.9611427499
456,172632.9611427499
457,172632.9611427499
458,172632.9611427499
459,172632.9611427499
460,172632.9611427499
461,172632.9611427499
462,172632.9611427499
463,172632.9611427499
464,172632.9611427499
465,172632.9611427499
466,172632.9611427499
467,172632.9611427499
468,172632.9611427499
469,172632.9611427499
470,172632.9611427499
471,172632.9611427499
472,172632.9611427499
473,172632.9611427499
474,172632.9611427499
475,172632.9611427499
476,172632.9611427499
477,172632.9611427499
478,172632.9611427499
479,155144.814397752
480,155144.814397752
481,155144.814397752
482,155144.814397752
483,155144.814397752
484,155144.814397752
485,155144.814397752
486,155144.814397752
487,155144.814397752
488,155144.814397752
489,155144.814397752
490,155144.814397752
491,155144.814397752
492,155144.814397752
493,155144.814397752
494,155144.814397752
495,155144.814397752
496,155144.814397752
497,155144.814397752
498,155144.814397752
499,155144.814397752
500,155144.814397752
501,155144.814397752
502,155144.814397752
503,155144.814397752
504,155144.814397752
505,155144.814397752
506,155144.814397752
507,155144.814397752
508,155144.814397752
509,155144.814397752
510,155144.814397752
511,155144.814397752
512,155144.814397752
513,155144.81439775188
514,155144.81439775188
515,155144.81439775188
516,155144.81439775188
517,155144.81439775188
518,155144.81439775188
519,155144.81439775188
520,155144.81439775188
521,155144.81439775188
522,155144.81439775188
523,155144.81439775188
524,155144.81439775182
525,155144.81439775182
526,155144.81439775182
527,155144.81439775182
528,155144.81439775182
529,153889.70931442152
530,153889.70931442152
531,153889.70931442152
532,153889.70931442152
533,153889.70931442152
534,153889.70931442152
535,153889.70931442152
536,153889.70931442152
537,153889.70931442152
538,153889.70931442152
539,153889.70931442152
540,153889.70931442152
541,150139.11904342636
542,150139.11904342636
543,150139.11904342636
544,150139.11904342636
545,150139.11904342636
546,150139.11904342636
547,150139.11904342636
548,150139.11904342636
549,150139.11904342636
550,150139.11904342636
551,150139.11904342636
552,150139.11904342636
553,150139.11904342636
554,150139.11904342636
555,150139.11904342636
556,150139.11904342636
557,150139.11904342636
558,150139.11904342636
559,150139.11904342636
560,150139.11904342636
561,150139.11904342636
562,144564.37602421347
563,144564.37602421347
564,144564.37602421347
565,144564.37602421347
566,144564.37602421347
567,144564.37602421347
568,144564.37602421347
569,144564.37602421347
570,144564.37602421347
571,144564.37602421347
572,144564.37602421347
573,144564.37602421347
574,144564.37602421347
575,144564.37602421347
576,144564.37602421347
577,144564.37602421347
578,144564.37602421347
579,144564.37602421347
580,144564.37602421347
581,144564.37602421347
582,144564.37602421347
583,144564.37602421347
584,144564.37602421347
585,144564.37602421347
586,144564.37602421347
587,144564.37602421347
588,144564.37602421347
589,144564.37602421347
590,144564.37602421347
591,144564.37602421347
592,144564.37602421347
593,144564.37602421347
594,144564.37602421347
595,144564.37602421347
596,144564.37602421347
597,144564.37602421347
598,144564.37602421347
599,144564.37602421347
600,144564.37602421347
601,144564.37602421347
602,144564.37602421347
603,144564.37602421347
604,144564.37602421347
605,144564.37602421347
606,144564.37602421347
607,144564.37602421347
608,144564.37602421347
609,144564.37602421347
610,144564.37602421347
611,144564.37602421347
612,144564.37602421347
613,144564.37602421347
614,144564.37602421344
615,144564.37602421344
616,144564.37602421344
617,144564.37602421344
618,144564.37602421344
619,144564.37602421344
620,144564.37602421344
621,144564.37602421344
622,144564.37602421344
623,144564.37602421344
624,144564.37602421344
625,144564.37602421344
626,144564.37602421344
627,144564.37602421344
628,144564.37602421344
629,144564.37602421344
630,144564.37602421344
631,144564.37602421344
632,144564.37602421344
633,144564.37602421344
634,144564.37602421344
635,144564.37602421344
636,144564.37602421344
637,144564.37602421344
638,144564.37602421344
639,144564.37602421344
640,144564.37602421344
641,144564.37602421344
642,144564.37602421344
643,144564.37602421344
644,144564.37602421344
645,144564.37602421344
646,144564.37602421344
647,144564.37602421344
648,144564.37602421344
649,144564.37602421344
650,144564.37602421344
651,144564.37602421344
652,144564.37602421344
653,144564.37602421344
654,144564.37602421344
655,144564.37602421342
656,144564.37602421342
657,144564.37602421342
658,144564.37602421342
659,144564.37602421342
660,144564.37602421342
661,144564.37602421342
662,144564.37602421342
663,144564.37602421342
664,144564.37602421342
665,144564.37602421342
666,144564.37602421342
667,144564.37602421342
668,144564.37602421342
669,144564.37602421342
670,144564.37602421342
671,144564.37602421342
672,144564.37602421342
673,141344.06655798678
674,141344.06655798678
675,141344.06655798678
676,141344.06655798678
677,141344.06655798678
678,141344.06655798678
679,141344.06655798678
680,141344.06655798678
681,141344.06655798678
682,141344.06655798678
683,141344.06655798678
684,141344.06655798678
685,141344.06655798678
686,141344.06655798678
687,141344.06655798678
688,141344.06655798678
689,141344.06655798678
690,141344.06655798678
691,141344.06655798678
692,141344.06655798678
693,141344.06655798678
694,141344.06655798678
695,141344.06655798678
696,141344.06655798678
697,141344.06655798678
698,141344.06655798678
699,141344.06655798678
700,141344.06655798678
701,141344.06655798678
702,141344.06655798678
703,141344.06655798678
704,141344.06655798678
705,141344.06655798678
706,141344.06655798678
707,141344.06655798678
708,141344.06655798678
709,141344.06655798678
710,141344.06655798672
711,141344.06655798672
712,141344.06655798672
713,141344.06655798672
714,141344.06655798672
715,141344.06655798672
716,141344.06655798672
717,141344.06655798672
718,141344.06655798672
719,141344.06655798672
720,141344.06655798672
721,141344.06655798672
722,141344.06655798672
723,141344.06655798672
724,141344.06655798672
725,141344.06655798672
726,141344.06655798672
727,141344.06655798672
728,141344.06655798672
729,141344.06655798672
730,141344.06655798672
731,141344.06655798672
732,141344.06655798672
733,141344.06655798672
734,141344.06655798672
735,141344.06655798672
736,141344.06655798672
737,141344.06655798672
738,141344.06655798672
739,141344.06655798672
740,141344.06655798672
741,141344.06655798672
742,141344.06655798672
743,141344.06655798672
744,141344.06655798672
745,141344.06655798672
746,141344.06655798672
747,141344.06655798672
748,141344.06655798672
749,141344.06655798672
750,141344.06655798672
751,141344.06655798672
752,141344.06655798672
753,141344.06655798672
754,141344.06655798672
755,141344.06655798672
756,141344.06655798672
757,141344.06655798672
758,141344.06655798672
759,141344.06655798672
760,141344.06655798672
761,141344.06655798672
762,141344.06655798672
763,141344.06655798672
764,141344.06655798672
765,141344.06655798672
766,141344.06655798672
767,141344.06655798672
768,141344.06655798672
769,141344.06655798672
770,141344.06655798672
771,141344.06655798672
772,141344.06655798672
773,141344.06655798672
774,141344.06655798672
775,140409.05343738105
776,140409.05343738105
777,140409.05343738105
778,140409.05343738105
779,140409.05343738105
780,140409.05343738105
781,140409.05343738105
782,140409.05343738105
783,140409.05343738105
784,140409.05343738105
785,140409.05343738105
786,140409.05343738105
787,140409.05343738105
788,140409.05343738105
789,140409.05343738105
790,140409.05343738105
791,140409.05343738105
792,140409.05343738105
793,140409.05343738102
794,140409.05343738102
795,140409.05343738102
796,140409.05343738102
797,140409.05343738102
798,140409.05343738102
799,140409.05343738102
800,140409.05343738102
801,140409.05343738102
802,140409.05343738102
803,140409.05343738102
804,140409.05343738102
805,140409.05343738102
806,140409.05343738102
807,140409.05343738102
808,140409.05343738102
809,140409.05343738102
810,140409.05343738102
811,140409.05343738102
812,140409.05343738102
813,140409.05343738102
814,140409.05343738102
815,140409.05343738102
816,140409.05343738102
817,140409.05343738102
818,140409.05343738102
819,140409.05343738102
820,140409.05343738102
821,140409.05343738102
822,140409.05343738102
823,140409.05343738102
824,140409.05343738102
825,140409.05343738102
826,140409.05343738102
827,140409.05343738102
828,140409.05343738102
829,140409.05343738102
830,140409.05343738102
831,140409.05343738102
832,140409.05343738102
833,140409.05343738102
834,140409.05343738102
835,140409.05343738102
836,140409.05343738102
837,140409.05343738102
838,140409.05343738102
839,140409.05343738102
840,140409.05343738102
841,140409.05343738102
842,140409.05343738102
843,140409.05343738102
844,140409.05343738102
845,140409.05343738102
846,140409.05343738102
847,140409.05343738102
848,140409.05343738102
849,138249.59151510906
850,138249.59151510906
851,138249.59151510906
852,138249.59151510906
853,138249.59151510906
854,138249.59151510906
855,138249.59151510906
856,138249.59151510906
857,138249.59151510906
858,138249.59151510906
859,138249.59151510906
860,138249.59151510906
861,138249.59151510906
862,138249.59151510906
863,138249.59151510906
864,138249.59151510906
865,138249.59151510906
866,138249.59151510906
867,138249.59151510906
868,138249.59151510906
869,138249.59151510906
870,138249.59151510906
871,138249.59151510906
872,138249.59151510906
873,138249.59151510906
874,138249.59151510906
875,138249.59151510906
876,138249.59151510906
877,138249.59151510906
878,138249.59151510906
879,138249.59151510906
880,138249.59151510906
881,138249.59151510906
882,138249.59151510906
883,138249.59151510906
884,138249.59151510906
885,138249.59151510906
886,138249.59151510906
887,138249.59151510906
888,138249.59151510906
889,138249.59151510906
890,138249.59151510906
891,138249.59151510906
892,138249.59151510906
893,138249.59151510906
894,138249.59151510906
895,131769.87411126282
896,131769.87411126282
897,131769.87411126282
898,131769.87411126282
899,131769.87411126282
900,131769.87411126282
901,131769.87411126282
902,131769.87411126282
903,131769.87411126282
904,131769.87411126282
905,131769.87411126282
906,131769.87411126282
907,131769.87411126282
908,131769.87411126282
909,131769.87411126282
910,131769.87411126282
911,131769.87411126282
912,131769.87411126282
913,131769.87411126282
914,131769.87411126282
915,131769.87411126282
916,131769.87411126282
917,131769.87411126282
918,131769.87411126282
919,131769.87411126282
920,131769.87411126282
921,131769.87411126282
922,131769.87411126282
923,131769.87411126282
924,131769.87411126282
925,131769.87411126282
926,131769.87411126282
927,131769.87411126282
928,131769.87411126282
929,131769.87411126282
930,131769.87411126282
931,131769.87411126282
932,131769.87411126282
933,131769.87411126282
934,131769.87411126282
935,131769.87411126282
936,131769.87411126282
937,131769.87411126282
938,131769.87411126282
939,131769.87411126282
940,131769.87411126282
941,131769.87411126282
942,131769.87411126282
943,131769.87411126282
944,131769.87411126282
945,131769.87411126273
946,131769.87411126273
947,131769.87411126273
948,131769.87411126273
949,131769.87411126273
950,131769.87411126273
951,131769.87411126273
952,131769.87411126273
953,131769.87411126273
954,131769.87411126273
955,131769.87411126273
956,131769.87411126273
957,131769.87411126273
958,131769.87411126273
959,131769.87411126273
960,131769.87411126273
961,131769.87411126273
962,131769.87411126273
963,131769.87411126273
964,131769.87411126273
965,131769.87411126273
966,131769.87411126273
967,131769.87411126273
968,131769.87411126273
969,131769.87411126273
970,131769.87411126273
971,131769.87411126273
972,131769.87411126273
973,131769.87411126273
974,131769.87411126273
975,131769.87411126273
976,131769.87411126273
977,131769.87411126273
978,131769.87411126273
979,131769.87411126273
980,131769.87411126273
981,131769.87411126273
982,131769.87411126273
983,131769.87411126273
984,131769.87411126273
985,131769.87411126273
986,131769.87411126273
987,131769.87411126273
988,131769.87411126273
989,131769.87411126273
990,131769.87411126273
991,131769.87411126273
992,131769.87411126273
993,131769.87411126273
994,131769.87411126273
995,131769.87411126273
996,131769.87411126273
997,131769.87411126273
998,131769.87411126273
999,131769.87411126273
1000,131769.87411126273
1001,131769.87411126273
1002,131769.87411126273
1003,131769.87411126273
1004,131769.87411126273
1005,131769.87411126273
1006,131769.87411126273
1007,131769.87411126273
1008,131769.87411126273
1009,131769.87411126273
1010,131769.87411126273
1011,131769.87411126273
1012,131769.87411126273
1013,131769.87411126273
1014,131769.87411126273
1015,131769.87411126273
1016,131769.87411126273
1017,131769.87411126273
1018,131769.87411126273
1019,131769.87411126273
1020,131769.87411126273
1021,131769.87411126273
1022,131769.87411126273
1023,131769.87411126273
1024,131769.87411126273
1025,131769.87411126273
1026,131769.87411126273
1027,131769.87411126273
1028,131769.87411126273
1029,131769.87411126273
1030,131769.87411126273
1031,131769.87411126273
1032,131769.87411126273
1033,131769.87411126273
1034,131769.87411126273
1035,131769.87411126273
1036,131769.87411126273
1037,131769.87411126273
1038,129397.49570152174
1039,129397.49570152174
1040,129397.49570152174
1041,129397.49570152174
1042,129397.49570152174
1043,129397.49570152174
1044,129397.49570152174
1045,129397.49570152174
1046,129397.49570152174
1047,129397.49570152174
1048,129397.49570152174
1049,129397.49570152168
1050,129397.49570152168
1051,129397.49570152168
1052,129397.49570152168
1053,129397.49570152168
1054,129397.49570152168
1055,129397.49570152168
1056,129397.49570152168
1057,129397.49570152168
1058,129397.49570152165
1059,129397.49570152165
1060,129397.49570152165
1061,129397.49570152165
1062,129397.49570152165
1063,129397.49570152165
1064,129397.49570152165
1065,129397.49570152165
1066,129397.49570152165
1067,129397.49570152165
1068,129397.49570152165
1069,129397.49570152165
1070,129397.49570152165
1071,129397.49570152165
1072,129397.49570152165
1073,129397.49570152165
1074,129397.49570152165
1075,129397.49570152165
1076,129397.49570152165
1077,129397.49570152165
1078,129397.49570152165
1079,129397.49570152165
1080,129397.49570152165
1081,129397.49570152165
1082,129397.49570152165
1083,129397.49570152165
1084,129397.49570152165
1085,129397.49570152165
1086,129397.49570152165
1087,129397.49570152165
1088,129397.49570152165
1089,129397.49570152165
1090,129397.49570152165
1091,129397.49570152165
1092,129397.49570152165
1093,129397.49570152165
1094,129397.49570152165
1095,129397.49570152165
1096,129397.49570152165
1097,129397.49570152165
1098,129397.49570152165
1099,129397.49570152165
1100,129397.49570152165
1101,129397.49570152165
1102,129397.49570152165
1103,129397.49570152165
1104,129397.49570152165
1105,129047.54007286023
1106,129047.54007286023
1107,129047.54007286023
1108,129047.54007286023
1109,129047.54007286023
1110,129047.54007286023
1111,129047.54007286023
1112,129047.54007286023
1113,129047.54007286023
1114,129047.54007286023
1115,129047.54007286023
1116,104341.68294232203
1117,104341.68294232203
1118,104341.68294232203
1119,104341.68294232203
1120,104341.68294232203
1121,104341.68294232198
1122,104341.68294232196
1123,104341.68294232196
1124,104341.68294232196
1125,104341.68294232196
1126,104341.68294232196
1127,104341.68294232196
1128,104341.68294232196
1129,104341.68294232196
1130,104341.68294232196
1131,104341.68294232196
1132,104341.68294232196
1133,104341.68294232196
1134,104341.68294232196
1135,104341.68294232196
1136,104341.68294232196
1137,104341.68294232196
1138,104341.68294232196
1139,104341.68294232196
1140,104341.68294232196
1141,104341.68294232196
1142,104341.68294232196
1143,104341.68294232196
1144,104341.68294232196
1145,104341.68294232196
1146,104341.68294232196
1147,104341.68294232196
1148,103958.10085258738
1149,103958.10085258738
1150,103958.10085258738
1151,103958.10085258725
1152,103958.10085258725
1153,103958.10085258725
1154,103958.10085258725
1155,103958.10085258725
1156,103958.10085258725
1157,103958.10085258725
1158,103958.10085258725
1159,103958.10085258725
1160,103958.10085258725
1161,103958.10085258725
1162,103958.10085258725
1163,103958.10085258725
1164,103958.10085258725
1165,103958.10085258725
1166,103958.10085258725
1167,103958.10085258725
1168,103958.10085258725
1169,103958.10085258725
1170,103958.10085258725
1171,103958.10085258725
1172,103958.10085258725
1173,103958.1008525871
1174,103958.1008525871
1175,103958.1008525871
1176,103958.1008525871
1177,103958.1008525871
1178,103958.1008525871
1179,103958.1008525871
1180,103958.1008525871
1181,103958.1008525871
1182,103958.1008525871
1183,103958.1008525871
1184,103958.1008525871
1185,103958.1008525871
1186,103958.1008525871
1187,103958.1008525871
1188,103958.1008525871
1189,103958.1008525871
1190,103958.1008525871
1191,103958.1008525871
1192,103958.1008525871
1193,103958.1008525871
1194,103958.1008525871
1195,103958.1008525871
1196,103958.1008525871
1197,103958.1008525871
1198,103958.1008525871
1199,103958.1008525871
1200,103958.1008525871
1201,103958.1008525871
1202,103958.1008525871
1203,103958.1008525871
1204,103958.1008525871
1205,103958.1008525871
1206,103958.1008525871
1207,103958.1008525871
1208,103958.1008525871
1209,103958.1008525871
1210,103958.1008525871
1211,103958.1008525871
1212,103836.47286547597
1213,103836.47286547597
1214,103836.47286547597
1215,103836.47286547597
1216,103836.47286547597
1217,103836.47286547597
1218,103836.47286547597
1219,103836.47286547597
1220,103836.47286547597
1221,103836.47286547597
1222,103836.47286547597
1223,103836.47286547597
1224,103836.47286547597
1225,103836.47286547597
1226,103836.47286547597
1227,103836.47286547597
1228,103836.47286547597
1229,103836.47286547597
1230,103836.47286547597
1231,103836.47286547597
1232,103836.47286547597
1233,103836.47286547597
1234,103836.47286547597
1235,103836.47286547597
1236,103836.47286547597
1237,103836.47286547597
1238,103836.47286547597
1239,103836.47286547597
1240,103836.47286547597
1241,103836.47286547597
1242,103836.47286547597
1243,103836.47286547597
1244,103836.47286547597
1245,103836.47286547597
1246,103836.47286547597
1247,103836.47286547597
1248,103836.47286547597
1249,103836.47286547597
1250,103836.47286547597
1251,103836.47286547597
1252,103836.47286547597
1253,103836.47286547597
1254,103836.47286547597
1255,103836.47286547597
1256,103836.47286547597
1257,103836.47286547597
1258,103836.47286547597
1259,103836.47286547597
1260,103836.47286547597
1261,103836.47286547597
1262,103836.47286547597
1263,103836.47286547597
1264,103836.47286547597
1265,103836.47286547597
1266,103836.47286547597
1267,103836.47286547597
1268,103836.47286547597
1269,103836.47286547597
1270,103836.47286547597
1271,103836.47286547597
1272,103836.47286547597
1273,103836.47286547597
1274,103836.47286547597
1275,103836.47286547597
1276,103836.47286547597
1277,103836.47286547597
1278,103836.47286547597
1279,103836.47286547597
1280,103836.47286547597
1281,103836.47286547597
1282,103836.47286547597
1283,103836.47286547597
1284,103836.47286547597
1285,103836.47286547597
1286,103836.47286547597
1287,103836.47286547597
1288,103836.47286547597
1289,103836.47286547597
1290,103836.47286547597
1291,103836.47286547597
1292,103836.47286547597
1293,103836.47286547597
1294,103836.47286547597
1295,103836.47286547597
1296,103836.47286547597
1297,103836.47286547597
1298,103836.47286547597
1299,103836.47286547597
1300,103836.47286547597
1301,103836.47286547597
1302,99218.76656258572
1303,99218.76656258572
1304,99218.76656258572
1305,99218.76656258572
1306,99218.76656258572
1307,99218.76656258572
1308,99218.76656258572
1309,99218.76656258572
1310,99218.76656258572
1311,99218.76656258572
1312,98081.57267766194
1313,98081.57267766194
1314,98081.57267766194
1315,98081.57267766194
1316,98081.57267766194
1317,98081.57267766194
1318,98081.57267766194
1319,98081.57267766194
1320,98081.57267766194
1321,98081.57267766194
1322,98081.57267766194
1323,98081.57267766194
1324,98081.57267766194
1325,98081.57267766194
1326,98081.57267766194
1327,98081.57267766194
1328,98081.57267766194
1329,98081.57267766194
1330,98081.57267766194
1331,98081.57267766194
1332,98081.57267766194
1333,98081.57267766194
1334,84639.9590617734
1335,84639.9590617734
1336,84639.9590617734
1337,84639.9590617734
1338,83999.9112161219
1339,83999.9112161219
1340,83814.40518603915
1341,83814.40518603915
1342,83814.40518603915
1343,83814.40518603915
1344,83814.40518603915
1345,83814.40518603915
1346,83814.40518603915
1347,83814.40518603915
1348,83814.40518603915
1349,83814.40518603915
1350,83814.40518603915
1351,83814.40518603915
1352,83814.40518603915
1353,83814.40518603915
1354,83814.40518603915
1355,83814.40518603915
1356,83814.40518603915
1357,83814.40518603915
1358,83814.40518603915
1359,83814.40518603915
1360,83814.40518603915
1361,83814.40518603915
1362,83814.40518603915
1363,83814.40518603915
1364,83814.40518603915
1365,83814.40518603906
1366,83814.40518603906
1367,83814.40518603906
1368,83814.40518603906
1369,83814.40518603906
1370,83814.40518603906
1371,83814.40518603906
1372,83814.40518603906
1373,83814.40518603906
1374,83814.40518603906
1375,83814.40518603906
1376,83814.40518603906
1377,83814.40518603906
1378,83814.40518603906
1379,83814.40518603906
1380,83814.40518603906
1381,83814.40518603906
1382,83814.40518603906
1383,83814.40518603906
1384,83814.40518603906
1385,83814.40518603906
1386,83814.40518603906
1387,83814.40518603906
1388,83814.40518603906
1389,83814.40518603906
1390,83814.40518603906
1391,83814.40518603906
1392,83814.40518603906
1393,83814.40518603906
1394,83814.40518603906
1395,83814.40518603902
1396,83814.40518603902
1397,83814.40518603902
1398,83814.40518603902
1399,83814.40518603902
1400,83814.40518603902
1401,83814.40518603902
1402,83814.40518603902
1403,83814.40518603902
1404,83814.40518603902
1405,83814.40518603902
1406,83814.40518603902
1407,83814.40518603902
1408,83814.40518603902
1409,83814.40518603902
1410,83814.40518603902
1411,83814.40518603902
1412,83814.40518603902
1413,83814.40518603902
1414,83814.40518603902
1415,83814.40518603902
1416,83814.40518603902
1417,83814.40518603902
1418,83814.40518603902
1419,83814.40518603902
1420,83814.40518603902
1421,83814.40518603902
1422,83814.40518603902
1423,83814.40518603902
1424,83814.40518603902
1425,83814.40518603902
1426,83814.40518603902
1427,83814.40518603902
1428,83814.40518603902
1429,83814.40518603902
1430,83814.40518603902
1431,83814.40518603902
1432,83814.40518603902
1433,83814.40518603902
1434,83814.40518603902
1435,83814.40518603902
1436,83814.40518603902
1437,83814.40518603902
1438,83814.40518603902
1439,83814.40518603902
1440,83814.40518603902
1441,83814.40518603902
1442,83814.40518603902
1443,83814.40518603902
1444,83814.40518603902
1445,83814.40518603902
1446,83814.40518603902
1447,83814.40518603902
1448,83814.40518603902
1449,83814.40518603902
1450,83814.40518603902
1451,83814.40518603902
1452,83814.40518603902
1453,83814.40518603902
1454,83814.40518603902
1455,83814.40518603902
1456,83814.40518603902
1457,83814.40518603902
1458,83814.40518603902
1459,83814.40518603902
1460,83814.40518603902
1461,83814.40518603902
1462,83814.40518603902
1463,83814.40518603902
1464,83814.40518603902
1465,83814.40518603902
1466,83814.40518603902
1467,83814.40518603902
1468,83814.40518603902
1469,83814.40518603902
1470,83814.40518603902
1471,83814.40518603902
1472,83814.40518603902
1473,83814.40518603902
1474,83814.40518603902
1475,83814.40518603902
1476,83814.40518603902
1477,83814.40518603902
1478,83814.40518603902
1479,83814.40518603902
1480,83814.40518603902
1481,83814.40518603902
1482,83814.40518603902
1483,83814.40518603902
1484,83814.40518603902
1485,83814.40518603902
1486,83814.40518603902
1487,83814.40518603902
1488,83814.40518603902
1489,83814.40518603902
1490,83814.40518603902
1491,83814.40518603902
1492,83814.40518603902
1493,83814.40518603902
1494,83814.40518603902
1495,83814.40518603902
1496,83814.40518603902
1497,83814.40518603902
1498,83814.40518603902
1499,83814.40518603902
1500,83814.40518603902
1501,83814.40518603902
1502,83814.40518603902
1503,83814.40518603902
1504,83814.40518603902
1505,83814.40518603902
1506,83814.40518603902
1507,83814.40518603902
1508,83814.40518603902
1509,83814.40518603902
1510,83814.40518603902
1511,83814.40518603902
1512,83814.40518603902
1513,83814.40518603902
1514,83814.40518603902
1515,83814.40518603902
1516,83814.40518603902
1517,83814.40518603902
1518,83814.40518603902
1519,83814.40518603902
1520,83814.40518603902
1521,83814.40518603902
1522,83814.40518603902
1523,83814.40518603902
1524,83814.40518603902
1525,83814.40518603902
1526,83814.40518603902
1527,83814.40518603902
1528,83814.40518603902
1529,83814.40518603902
1530,83814.40518603902
1531,83814.40518603902
1532,83814.40518603902
1533,83814.40518603902
1534,83814.40518603902
1535,83814.40518603902
1536,83814.40518603902
1537,83814.40518603902
1538,83814.40518603902
1539,83814.40518603902
1540,83814.40518603902
1541,83814.40518603902
1542,83814.40518603902
1543,83814.40518603902
1544,83814.40518603902
1545,83814.40518603902
1546,83814.40518603902
1547,83814.40518603902
1548,83814.40518603902
1549,83814.40518603902
1550,83814.40518603902
1551,83814.40518603902
1552,83814.40518603902
1553,83814.40518603902
1554,83814.40518603902
1555,83814.40518603902
1556,83814.40518603902
1557,83814.40518603902
1558,83814.40518603902
1559,83814.40518603902
1560,83814.40518603902
1561,83814.40518603902
1562,83814.40518603902
1563,83814.40518603902
1564,83814.40518603902
1565,83814.40518603902
1566,83814.40518603902
1567,83814.40518603902
1568,83814.40518603902
1569,83814.40518603902
1570,83814.40518603902
1571,83814.40518603902
1572,83814.40518603902
1573,83814.40518603902
1574,83814.40518603902
1575,83814.40518603902
1576,83814.40518603902
1577,83814.40518603902
1578,83814.40518603902
1579,83814.40518603902
1580,83814.40518603902
1581,83814.40518603902
1582,83814.40518603902
1583,83814.40518603902
1584,83814.40518603902
1585,83814.40518603902
1586,83814.40518603902
1587,83814.40518603902
1588,83814.40518603902
1589,83814.40518603902
1590,83814.40518603902
1591,83814.40518603902
1592,83814.40518603902
1593,83814.40518603902
1594,83814.40518603902
1595,83814.40518603902
1596,83814.40518603902
1597,83814.40518603902
1598,83814.40518603902
1599,83814.40518603902
1600,83814.40518603902
1601,83814.40518603902
1602,83814.40518603902
1603,83814.40518603902
1604,83814.40518603902
1605,83814.40518603902
1606,83814.40518603902
1607,83814.40518603902
1608,83814.40518603902
1609,83814.40518603902
1610,83814.40518603902
1611,83814.40518603902
1612,83814.40518603902
1613,83814.40518603902
1614,83814.40518603902
1615,83814.40518603902
1616,83814.40518603902
1617,83814.40518603902
1618,83814.40518603902
1619,83814.40518603902
1620,83814.40518603902
1621,83814.40518603902
1622,83814.40518603902
1623,83814.40518603902
1624,83814.40518603894
1625,83814.40518603894
1626,83814.40518603894
1627,83814.40518603894
1628,83814.40518603894
1629,83814.40518603894
1630,83814.40518603894
1631,83814.40518603894
1632,83814.40518603894
1633,83814.40518603894
1634,83814.40518603894
1635,83814.40518603894
1636,83814.40518603894
1637,83814.40518603894
1638,83814.40518603894
1639,83814.40518603894
1640,83814.40518603894
1641,83814.40518603894
1642,83814.40518603894
1643,83814.40518603894
1644,83814.40518603894
1645,83814.40518603894
1646,83814.40518603894
1647,83814.40518603894
1648,83814.40518603894
1649,83814.40518603894
1650,83814.40518603894
1651,83814.40518603894
1652,83814.40518603894
1653,83814.40518603894
1654,83814.40518603894
1655,83814.40518603894
1656,83814.40518603894
1657,83814.40518603894
1658,83814.40518603894
1659,83814.40518603894
1660,83814.40518603894
1661,83814.40518603894
1662,83814.40518603894
1663,83814.40518603894
1664,83814.40518603894
1665,83814.40518603894
1666,83814.40518603894
1667,83814.40518603894
1668,83814.40518603894
1669,83814.40518603894
1670,83814.40518603894
1671,83814.40518603894
1672,83814.40518603894
1673,83814.40518603894
1674,83814.40518603894
1675,83814.40518603894
1676,83814.40518603894
1677,83814.40518603894
1678,83814.40518603894
1679,83814.40518603894
1680,83814.40518603894
1681,83814.40518603894
1682,83814.40518603894
1683,83814.40518603894
1684,83814.40518603894
1685,83814.40518603894
1686,83814.40518603894
1687,83814.40518603894
1688,83814.40518603894
1689,83814.40518603894
1690,83814.40518603894
1691,83814.40518603894
1692,83814.40518603894
1693,83814.40518603894
1694,83814.40518603894
1695,83814.40518603894
1696,83814.40518603894
1697,83814.40518603894
1698,83814.40518603894
1699,83814.40518603894
1700,83814.40518603894
1701,83814.40518603894
1702,83814.40518603894
1703,83814.40518603894
1704,83814.40518603894
1705,83814.40518603894
1706,83814.40518603894
1707,83814.40518603894
1708,83814.40518603894
1709,83814.40518603894
1710,83814.40518603894
1711,83814.40518603894
1712,83814.40518603894
1713,83814.40518603894
1714,83814.40518603894
1715,83814.40518603894
1716,83814.40518603894
1717,83814.40518603894
1718,83814.40518603894
1719,83814.40518603894
1720,83814.40518603894
1721,83814.40518603894
1722,83814.40518603894
1723,83814.40518603894
1724,83814.40518603894
1725,83814.40518603894
1726,83814.40518603894
1727,83814.40518603894
1728,83814.40518603894
1729,83814.40518603894
1730,83814.40518603894
1731,83814.40518603894
1732,83814.40518603894
1733,83814.40518603894
1734,83814.40518603894
1735,83814.40518603894
1736,83814.40518603894
1737,83814.40518603894
1738,83814.40518603894
1739,83814.40518603894
1740,83814.40518603894
1741,83814.40518603894
1742,83814.40518603894
1743,83814.40518603894
1744,83814.40518603894
1745,83814.40518603894
1746,83814.40518603894
1747,83814.40518603894
1748,83814.40518603894
1749,83814.40518603894
1750,83814.40518603894
1751,83814.40518603894
1752,83814.40518603894
1753,83814.40518603894
1754,83814.40518603894
1755,83814.40518603894
1756,83814.40518603894
1757,83814.40518603894
1758,83814.40518603894
1759,83814.40518603894
1760,83814.40518603894
1761,83814.40518603894
1762,83814.40518603894
1763,83814.40518603894
1764,83814.40518603894
1765,83814.40518603894
1766,83814.40518603894
1767,83814.40518603894
1768,83814.40518603894
1769,83814.40518603894
1770,83814.40518603894
1771,83814.40518603894
1772,83814.40518603894
1773,83814.40518603894
1774,83814.40518603894
1775,83814.40518603894
1776,83814.40518603894
1777,83814.40518603894
1778,83814.40518603894
1779,83814.40518603894
1780,83814.40518603894
1781,83814.40518603894
1782,83814.40518603894
1783,83814.40518603894
1784,83814.40518603894
1785,83814.40518603894
1786,75011.10968929603
1787,75011.10968929603
1788,75011.10968929603
1789,75011.10968929603
1790,75011.10968929603
1791,75011.10968929603
1792,75011.10968929603
1793,75011.10968929603
1794,75011.10968929603
1795,75011.10968929603
1796,75011.10968929603
1797,75011.10968929603
1798,75011.10968929603
1799,75011.10968929603
1800,75011.10968929603
1801,75011.10968929603
1802,75011.10968929603
1803,75011.10968929603
1804,75011.10968929603
1805,75011.10968929603
1806,75011.10968929603
1807,75011.10968929603
1808,75011.10968929603
1809,75011.10968929603
1810,75011.10968929603
1811,75011.10968929603
1812,75011.10968929603
1813,75011.10968929603
1814,75011.10968929603
1815,75011.10968929603
1816,75011.10968929603
1817,75011.10968929603
1818,75011.10968929603
1819,75011.10968929586
1820,75011.10968929586
1821,75011.10968929586
1822,75011.10968929586
1823,75011.10968929586
1824,75011.10968929586
1825,75011.10968929586
1826,75011.10968929586
1827,75011.10968929586
1828,75011.10968929586
1829,75011.10968929586
1830,75011.10968929586
1831,75011.10968929586
1832,67920.70339525286
1833,67920.70339525286
1834,67920.70339525286
1835,67920.70339525286
1836,67920.70339525286
1837,67920.70339525286
1838,67920.70339525286
1839,62565.51872464451
1840,62565.51872464451
1841,62082.822331219606
1842,62082.822331219606
1843,62082.822331219606
1844,62082.822331219606
1845,62082.82233121956
1846,62082.82233121956
1847,62082.82233121956
1848,62082.82233121956
1849,62082.82233121956
1850,62082.82233121956
1851,62082.82233121956
1852,62082.82233121956
1853,62082.82233121956
1854,62082.82233121956
1855,62082.82233121956
1856,62082.82233121956
1857,62082.82233121956
1858,62082.82233121956
1859,62082.82233121956
1860,62082.82233121956
1861,62082.82233121956
1862,62082.82233121956
1863,62082.82233121956
1864,61495.83473522466
1865,61495.83473522466
1866,61495.83473522466
1867,61495.83473522466
1868,61495.83473522466
1869,61495.83473522466
1870,61495.83473522466
1871,61495.83473522466
1872,60307.59985712469
1873,60307.59985712469
1874,60307.59985712469
1875,60307.59985712469
1876,60307.59985712469
1877,60307.59985712469
1878,60307.59985712469
1879,60307.59985712469
1880,60307.59985712469
1881,60307.59985712469
1882,60307.59985712469
1883,60307.59985712469
1884,60307.59985712469
1885,60307.59985712469
1886,60307.59985712469
1887,60307.59985712469
1888,60307.59985712469
1889,60307.59985712469
1890,60307.59985712469
1891,60307.59985712469
1892,58977.27715338961
1893,58977.27715338952
1894,58977.27715338952
1895,58977.27715338952
1896,58977.27715338952
1897,58977.27715338952
1898,58977.27715338952
1899,58977.27715338952
1900,58977.27715338952
1901,58977.27715338952
1902,58977.27715338952
1903,58977.27715338952
1904,58977.27715338952
1905,58977.27715338952
1906,58977.27715338952
1907,58977.27715338952
1908,58977.27715338952
1909,58977.27715338952
1910,58977.27715338952
1911,58977.27715338952
1912,58977.27715338952
1913,58977.27715338952
1914,58977.27715338952
1915,58977.27715338952
1916,58977.27715338952
1917,58977.27715338952
1918,58977.27715338952
1919,58977.27715338952
1920,58977.2771533895
1921,58977.2771533895
1922,58977.2771533895
1923,58977.2771533895
1924,58977.2771533895
1925,58977.2771533895
1926,58977.2771533895
1927,58977.2771533895
1928,58977.2771533895
1929,58977.2771533895
1930,58977.277153389405
1931,58977.277153389405
1932,58977.277153389405
1933,58977.277153389405
1934,58977.277153389405
1935,58977.277153389405
1936,58977.277153389405
1937,58977.277153389405
1938,58977.277153389405
1939,58977.277153389405
1940,58977.277153389405
1941,58977.277153389405
1942,58977.277153389405
1943,58977.277153389405
1944,58977.277153389405
1945,58977.277153389405
1946,58977.277153389405
1947,58977.277153389405
1948,58977.277153389405
1949,58977.277153389405
1950,58977.277153389405
1951,58977.277153389405
1952,58977.277153389405
1953,58977.277153389405
1954,58977.277153389405
1955,58977.277153389405
1956,58977.277153389405
1957,58977.277153389405
1958,58977.277153389405
1959,58977.277153389405
1960,58977.277153389405
1961,58977.277153389405
1962,58977.277153389405
1963,58977.277153389405
1964,58977.277153389405
1965,58977.277153389405
1966,58977.277153389405
1967,58977.277153389405
1968,58977.277153389405
1969,58977.277153389405
1970,58977.277153389405
1971,58977.277153389405
1972,58977.277153389405
1973,58977.277153389405
1974,58977.277153389405
1975,58977.277153389405
1976,58977.277153389405
1977,58977.277153389405
1978,58977.277153389405
1979,58977.277153389405
1980,58977.277153389405
1981,58977.277153389405
1982,58977.277153389405
1983,58977.277153389405
1984,58977.277153389405
1985,57896.520163224275
1986,57896.520163224275
1987,57896.520163224275
1988,57896.520163224275
1989,57896.520163224275
1990,57896.520163224275
1991,57896.520163224275
1992,57896.520163224275
1993,57896.520163224275
1994,57896.520163224275
1995,57896.520163224275
1996,57896.520163224275
1997,57896.520163224275
1998,57896.520163224275
1999,57896.520163224275
2000,57896.520163224275
2001,57896.520163224275
2002,57896.520163224275
2003,57896.520163224275
2004,57896.520163224275
2005,57896.520163224275
2006,57896.520163224275
2007,57896.520163224275
2008,57896.520163224275
2009,57896.520163224275
2010,57896.520163224275
2011,57896.520163224275
2012,57896.520163224275
2013,57896.520163224275
2014,57896.520163224275
2015,57896.520163224275
2016,57896.520163224275
2017,57896.520163224275
2018,57896.520163224275
2019,57896.520163224275
2020,57896.520163224275
2021,57896.520163224275
2022,57896.520163224275
2023,57896.520163224275
2024,57896.520163224275
2025,57896.520163224275
2026,57896.520163224275
2027,57896.520163224275
2028,57896.520163224275
2029,57896.520163224275
2030,57896.520163224275
2031,57896.520163224275
2032,57896.520163224275
2033,57896.520163224275
2034,57896.520163224275
2035,55811.56468557376
2036,55811.56468557376
2037,55811.56468557376
2038,55811.56468557376
2039,55811.56468557376
2040,55811.56468557376
2041,55811.56468557376
2042,55811.56468557376
2043,55811.56468557376
2044,55811.56468557376
2045,55811.56468557376
2046,53078.099183574544
2047,53078.099183574544
2048,53078.099183574544
2049,53078.099183574544
2050,53078.099183574544
2051,53078.099183574544
2052,53078.099183574544
2053,53078.099183574544
2054,53078.099183574544
2055,53078.099183574544
2056,53078.099183574544
2057,53078.099183574544
2058,53078.099183574544
2059,53078.099183574544
2060,53078.099183574544
2061,53078.099183574544
2062,53078.099183574544
2063,53078.099183574544
2064,53078.099183574544
2065,53078.099183574544
2066,53078.099183574544
2067,53078.099183574544
2068,53078.099183574544
2069,53078.099183574544
2070,53078.099183574544
2071,53078.099183574544
2072,53078.099183574544
2073,53078.099183574544
2074,53078.099183574544
2075,53078.099183574544
2076,53078.099183574544
2077,53078.09918357453
2078,53078.09918357453
2079,53078.09918357453
2080,53078.09918357453
2081,53078.09918357453
2082,51079.080153948344
2083,51079.080153948344
2084,51079.080153948344
2085,51079.080153948344
2086,51079.080153948344
2087,51079.080153948344
2088,51079.080153948344
2089,51079.080153948344
2090,51079.080153948344
2091,51079.080153948344
2092,51079.080153948344
2093,51079.080153948344
2094,51079.080153948344
2095,51079.080153948344
2096,51079.080153948344
2097,51079.080153948344
2098,51079.08015394831
2099,51079.08015394831
2100,51079.08015394831
2101,51079.08015394831
2102,51079.08015394831
2103,50466.93635895138
2104,50466.93635895138
2105,50466.93635895138
2106,50466.93635895138
2107,50466.93635895138
2108,50466.93635895138
2109,50466.93635895138
2110,50466.93635895138
2111,50466.93635895138
2112,50466.93635895138
2113,50466.93635895138
2114,50466.93635895138
2115,50466.93635895138
2116,42392.08315496071
2117,42392.08315496071
2118,42392.08315496071
2119,42392.08315496071
2120,42392.08315496071
2121,42392.08315496071
2122,42392.08315496071
2123,42392.0831549607
2124,42392.08315496066
2125,42392.08315496066
2126,42392.08315496066
2127,42392.08315496066
2128,42392.08315496066
2129,42392.08315496066
2130,42392.08315496066
2131,42392.08315496066
2132,42392.08315496066
2133,42392.08315496066
2134,42392.08315496066
2135,42392.08315496066
2136,42392.08315496066
2137,42392.08315496066
2138,42392.08315496066
2139,42392.08315496066
2140,42392.08315496066
2141,42392.08315496066
2142,42392.08315496066
2143,42392.08315496066
2144,42392.08315496066
2145,42392.08315496066
2146,42392.08315496066
2147,42392.08315496066
2148,42392.08315496066
2149,42392.08315496066
2150,42392.08315496066
2151,42392.08315496066
2152,42392.08315496066
2153,42392.08315496066
2154,42392.08315496066
2155,42392.08315496066
2156,39162.72363831059
2157,39162.72363831059
2158,39162.72363831059
2159,39162.72363831059
2160,39162.72363831059
2161,39162.72363831059
2162,39162.72363831059
2163,39162.72363831059
2164,39162.72363831059
2165,39162.72363831059
2166,39162.72363831059
2167,39162.72363831059
2168,39162.72363831059
2169,39162.72363831059
2170,39162.72363831059
2171,39162.72363831059
2172,39162.72363831059
2173,39162.72363831059
2174,39162.72363831059
2175,39162.72363831059
2176,39162.72363831059
2177,39162.72363831059
2178,39162.72363831059
2179,39162.72363831059
2180,39162.72363831059
2181,39162.72363831059
2182,39162.72363831059
2183,39162.72363831059
2184,39162.72363831059
2185,39162.72363831059
2186,39162.72363831059
2187,39162.72363831059
2188,39162.72363831059
2189,39162.72363831059
2190,39162.72363831059
2191,39162.72363831059
2192,39162.72363831059
2193,39162.72363831059
2194,39162.72363831059
2195,39162.72363831059
2196,39162.72363831059
2197,39162.72363831059
2198,39162.72363831059
2199,39162.72363831059
2200,39162.72363831059
2201,39162.72363831059
2202,39162.72363831059
2203,39162.72363831059
2204,39162.72363831059
2205,39162.72363831059
2206,39162.72363831059
2207,39162.72363831059
2208,39162.72363831059
2209,39162.72363831059
2210,39162.72363831059
2211,39162.72363831059
2212,35354.736755268284
2213,35354.736755268284
2214,35354.736755268284
2215,35354.736755268284
2216,35354.736755268284
2217,35354.736755268284
2218,35354.736755268284
2219,35354.736755268284
2220,35354.736755268284
2221,35354.736755268284
2222,35354.736755268284
2223,35354.736755268284
2224,35354.736755268284
2225,35354.736755268284
2226,35354.736755268284
2227,35354.736755268284
2228,35354.736755268284
2229,35354.736755268284
2230,35354.736755268284
2231,35354.736755268284
2232,35354.736755268284
2233,35354.736755268284
2234,35006.9045305756
2235,35006.9045305756
2236,35006.9045305756
2237,35006.9045305756
2238,35006.9045305756
2239,35006.9045305756
2240,35006.9045305756
2241,35006.9045305756
2242,35006.9045305756
2243,35006.9045305756
2244,35006.9045305756
2245,35006.9045305756
2246,35006.9045305756
2247,35006.9045305756
2248,35006.9045305756
2249,35006.9045305756
2250,35006.9045305756
2251,35006.9045305756
2252,35006.9045305756
2253,35006.9045305756
2254,35006.9045305756
2255,29612.538357525387
2256,29612.538357525387
2257,29612.538357525387
2258,29612.538357525387
2259,29612.538357525387
2260,29612.538357525387
2261,29612.538357525387
2262,29612.538357525387
2263,29612.538357525387
2264,29612.538357525387
2265,29612.538357525387
2266,29612.538357525373
2267,29612.538357525373
2268,29612.538357525373
2269,29612.538357525373
2270,29612.538357525373
2271,29612.538357525358
2272,29612.538357525358
2273,29612.538357525358
2274,29612.538357525358
2275,29612.538357525358
2276,29612.538357525358
2277,29612.538357525358
2278,29612.538357525358
2279,29612.538357525358
2280,29612.538357525358
2281,29612.538357525358
2282,29612.538357525358
2283,29612.538357525358
2284,29612.538357525358
2285,29612.538357525358
2286,29200.991997434357
2287,29200.991997434357
2288,29200.991997434357
2289,29200.991997434357
2290,29200.991997434357
2291,29200.991997434357
2292,29200.991997434357
2293,29200.991997434357
2294,29200.991997434357
2295,29200.991997434357
2296,29200.991997434357
2297,29200.991997434357
2298,29200.991997434357
2299,29200.991997434357
2300,29200.991997434357
2301,29200.991997434357
2302,29200.991997434357
2303,29200.991997434357
2304,29200.991997434357
2305,29200.991997434357
2306,29200.991997434357
2307,29200.991997434357
2308,29200.991997434357
2309,29200.991997434357
2310,29200.991997434357
2311,29200.991997434357
2312,29200.991997434357
2313,29200.991997434357
2314,29200.991997434357
2315,29200.99199743435
2316,29200.99199743435
2317,29200.99199743435
2318,28214.867166176286
2319,28214.867166176286
2320,28214.867166176286
2321,28214.867166176286
2322,28214.867166176286
2323,28214.867166176286
2324,28214.867166176286
2325,28214.867166176286
2326,28214.867166176286
2327,28214.867166176286
2328,28214.867166176286
2329,28214.86716617628
2330,28214.867166176275
2331,28214.867166176275
2332,28214.867166176275
2333,28214.867166176275
2334,28214.867166176275
2335,28214.867166176275
2336,28214.867166176275
2337,28214.867166176275
2338,28214.867166176275
2339,28214.867166176275
2340,28214.867166176275
2341,28214.867166176275
2342,28214.867166176275
2343,28214.867166176275
2344,28214.867166176275
2345,28214.867166176275
2346,28214.867166176275
2347,28214.867166176275
2348,28214.867166176275
2349,28214.867166176275
2350,28214.867166176275
2351,28214.867166176275
2352,28214.867166176275
2353,28214.867166176275
2354,28214.867166176275
2355,28214.867166176275
2356,28214.867166176275
2357,28214.867166176275
2358,28214.867166176275
2359,28214.867166176275
2360,28214.867166176275
2361,28214.867166176275
2362,28214.867166176275
2363,28214.867166176275
2364,28214.867166176275
2365,28214.867166176275
2366,28214.867166176275
2367,28214.867166176275
2368,28214.867166176275
2369,28214.867166176275
2370,28214.867166176275
2371,28214.867166176275
2372,28214.867166176275
2373,28214.867166176275
2374,28214.867166176275
2375,28214.867166176275
2376,28214.867166176275
2377,28214.867166176275
2378,28214.867166176275
2379,28214.867166176275
2380,28214.867166176275
2381,28214.867166176275
2382,28214.867166176275
2383,28214.867166176275
2384,28214.867166176275
2385,28214.867166176275
2386,28214.867166176275
2387,28214.867166176275
2388,28214.867166176275
2389,28214.867166176275
2390,28214.867166176275
2391,28214.867166176275
2392,28214.867166176275
2393,28214.867166176275
2394,28214.867166176275
2395,28214.867166176275
2396,28214.867166176275
2397,28214.867166176275
2398,28214.867166176275
2399,28214.867166176275
2400,28214.867166176275
2401,28214.867166176275
2402,28214.867166176275
2403,28214.867166176275
2404,28214.867166176275
2405,28214.867166176275
2406,28214.867166176275
2407,28214.867166176275
2408,28214.867166176275
2409,28214.867166176275
2410,28214.867166176275
2411,28214.867166176275
2412,28214.867166176275
2413,28214.86716617627
2414,28214.86716617627
2415,28214.86716617627
2416,28214.86716617627
2417,28214.86716617627
2418,28214.86716617627
2419,28214.86716617627
2420,28214.86716617627
2421,28214.86716617627
2422,28214.86716617627
2423,28214.86716617627
2424,28214.86716617627
2425,28214.86716617627
2426,28214.86716617627
2427,28214.86716617627
2428,28214.86716617627
2429,28214.86716617627
2430,28214.86716617627
2431,28214.86716617627
2432,28214.86716617627
2433,28214.86716617627
2434,28214.86716617627
2435,28214.86716617627
2436,28214.86716617627
2437,28214.86716617627
2438,28214.86716617627
2439,28214.86716617627
2440,28214.86716617627
2441,28214.86716617627
2442,28214.86716617627
2443,28214.86716617627
2444,28214.86716617627
2445,28214.86716617627
2446,28214.86716617627
2447,28214.86716617627
2448,28214.86716617627
2449,28214.86716617627
2450,28214.86716617627
2451,28214.86716617627
2452,28214.86716617627
2453,28214.86716617627
2454,28214.86716617627
2455,28214.86716617627
2456,28214.86716617627
2457,28214.86716617627
2458,28214.86716617627
2459,28214.86716617627
2460,28214.86716617627
2461,28214.86716617627
2462,28214.86716617627
2463,28214.86716617627
2464,28214.86716617627
2465,28214.86716617627
2466,28214.86716617627
2467,28214.86716617627
2468,28214.86716617627
2469,28214.86716617627
2470,28214.86716617627
2471,28214.86716617627
2472,28214.86716617627
2473,28214.86716617627
2474,28214.86716617627
2475,28214.86716617627
2476,28214.86716617627
2477,28214.86716617627
2478,28214.86716617627
2479,28214.86716617627
2480,28214.86716617627
2481,28214.86716617627
2482,28214.86716617627
2483,28214.86716617627
2484,28214.86716617627
2485,28214.86716617627
2486,28214.86716617627
2487,28214.86716617627
2488,28214.86716617627
2489,28214.86716617627
2490,28214.86716617627
2491,28214.86716617627
2492,28214.86716617627
2493,28214.86716617627
2494,28214.86716617627
2495,28214.86716617627
2496,28214.86716617627
2497,28214.86716617627
2498,28214.86716617627
2499,28214.86716617627
