iteracion,valor_coste
0,937316.680563323
1,937316.680563323
2,937316.680563323
3,885344.9081871808
4,885344.9081871808
5,885344.9081871808
6,711032.2880088418
7,711032.2880088418
8,711032.2880088418
9,711032.2880088417
10,711032.2880088412
11,711032.2880088412
12,711032.2880088412
13,711032.2880088412
14,711032.2880088412
15,711032.2880088412
16,711032.2880088412
17,711032.2880088412
18,711032.2880088412
19,711032.2880088412
20,711032.2880088412
21,711032.2880088412
22,711032.2880088412
23,631057.3056231311
24,631057.3056231311
25,631057.3056231311
26,631057.3056231311
27,631057.3056231311
28,631057.3056231311
29,631057.3056231311
30,631057.3056231311
31,631057.3056231309
32,631057.3056231309
33,631057.3056231309
34,631057.3056231309
35,631057.3056231309
36,597905.3375154114
37,444446.2595617673
38,444446.2595617673
39,444446.2595617673
40,444446.2595617673
41,444446.2595617673
42,444446.2595617673
43,444446.2595617673
44,444446.2595617673
45,444446.2595617673
46,444446.2595617673
47,444446.2595617673
48,444446.2595617673
49,444446.2595617673
50,444446.2595617673
51,444446.2595617673
52,444446.2595617673
53,444446.2595617673
54,444446.2595617673
55,444446.2595617673
56,444446.2595617673
57,444446.2595617673
58,444446.2595617673
59,444446.2595617673
60,444446.2595617669
61,444446.2595617669
62,444446.2595617669
63,444446.25956176687
64,444446.25956176687
65,444446.25956176687
66,444446.25956176687
67,444446.25956176687
68,444446.25956176687
69,444446.25956176687
70,444446.25956176687
71,444446.25956176687
72,444446.25956176687
73,444446.25956176687
74,444446.25956176687
75,444446.25956176687
76,436995.985819375
77,436995.985819375
78,436995.985819375
79,436995.985819375
80,436995.985819375
81,436995.985819375
82,436995.985819375
83,436995.985819375
84,436995.9858193749
85,436995.9858193749
86,432741.0142043019
87,432741.0142043019
88,432741.0142043019
89,432741.0142043019
90,432741.01420430164
91,432741.01420430164
92,432741.01420430164
93,432741.01420430164
94,432741.01420430164
95,432741.01420430164
96,432741.01420430164
97,432741.01420430164
98,432741.01420430164
99,432741.01420430164
100,432741.01420430164
101,432741.01420430164
102,432741.01420430164
103,432741.01420430164
104,432741.01420430164
105,432741.01420430164
106,432741.01420430164
107,432741.01420430164
108,432741.01420430164
109,432741.01420430164
110,432741.01420430164
111,432741.01420430164
112,432741.01420430164
113,432741.01420430164
114,432741.01420430164
115,432741.01420430164
116,432741.01420430164
117,432741.01420430164
118,432741.01420430164
119,432741.01420430164
120,432741.01420430164
121,432741.01420430164
122,432741.01420430164
123,432741.01420430164
124,432741.01420430164
125,432741.01420430164
126,432741.01420430164
127,431533.13971771376
128,431533.13971771376
129,431533.13971771376
130,431533.13971771376
131,431533.13971771376
132,431533.13971771376
133,431533.13971771376
134,431533.13971771376
135,420863.9024960363
136,420863.9024960363
137,420863.9024960363
138,420863.9024960363
139,420863.9024960363
140,420863.9024960363
141,420863.9024960363
142,420863.9024960363
143,420863.9024960363
144,420863.9024960363
145,420863.9024960363
146,420863.9024960363
147,420863.9024960363
148,420863.9024960363
149,420863.9024960363
150,420863.9024960363
151,420863.9024960363
152,382840.8979813339
153,382840.8979813339
154,382840.8979813339
155,382840.8979813339
156,382840.8979813339
157,382840.8979813339
158,382840.8979813339
159,382840.8979813339
160,382840.8979813337
161,382840.8979813337
162,382840.8979813337
163,382840.8979813337
164,382840.8979813337
165,382840.8979813337
166,382840.8979813337
167,382840.8979813337
168,382840.8979813337
169,382840.8979813337
170,382840.8979813337
171,382840.8979813337
172,382840.8979813337
173,382840.8979813337
174,382840.8979813337
175,382840.8979813337
176,382840.8979813337
177,382840.8979813337
178,382840.8979813337
179,382840.8979813337
180,382840.8979813337
181,382840.8979813337
182,382840.8979813337
183,382840.8979813337
184,382840.8979813337
185,382840.8979813337
186,382840.8979813337
187,382840.8979813337
188,382840.8979813337
189,382840.8979813337
190,373221.99265443825
191,373221.99265443825
192,373221.99265443825
193,373221.99265443825
194,373221.99265443825
195,373221.99265443825
196,373221.99265443825
197,373221.99265443825
198,373221.99265443825
199,373221.99265443825
200,373221.99265443825
201,373221.99265443825
202,373221.99265443825
203,373221.99265443825
204,373221.99265443825
205,373221.99265443825
206,373221.99265443825
207,373221.99265443825
208,373221.99265443825
209,373221.99265443825
210,373221.99265443825
211,373221.99265443825
212,373221.99265443825
213,322206.0612882542
214,322206.0612882542
215,322206.0612882542
216,322206.0612882542
217,322206.0612882542
218,322206.0612882542
219,322206.0612882542
220,322206.0612882542
221,322206.0612882542
222,322206.0612882542
223,322206.0612882542
224,322206.0612882542
225,322206.0612882542
226,322206.0612882542
227,322206.0612882542
228,322206.0612882542
229,322206.0612882542
230,322206.0612882542
231,322206.0612882542
232,322206.0612882542
233,322206.0612882542
234,322206.0612882542
235,322206.0612882542
236,322206.0612882542
237,322206.0612882542
238,322206.0612882542
239,322206.0612882542
240,322206.0612882542
241,322206.0612882542
242,322206.0612882542
243,322206.0612882542
244,322206.0612882542
245,322206.0612882542
246,322206.0612882542
247,322206.0612882542
248,322206.0612882542
249,322206.0612882542
250,322206.0612882542
251,322206.0612882542
252,322206.0612882542
253,322206.0612882542
254,322206.0612882542
255,322206.0612882542
256,322206.0612882542
257,322206.0612882542
258,322206.0612882542
259,322206.0612882542
260,322206.0612882542
261,322206.0612882542
262,322206.0612882542
263,322206.0612882542
264,322206.0612882542
265,322206.0612882542
266,322206.0612882542
267,322206.0612882542
268,322206.0612882542
269,322206.0612882542
270,322206.0612882542
271,322206.0612882542
272,322206.0612882542
273,322206.0612882542
274,322206.0612882542
275,322206.0612882542
276,322206.0612882542
277,322206.0612882542
278,322206.0612882542
279,322206.0612882542
280,322206.0612882542
281,322206.0612882542
282,322206.0612882542
283,322206.0612882542
284,322206.0612882542
285,322206.0612882542
286,322206.0612882542
287,322206.0612882542
288,322206.0612882542
289,322206.0612882542
290,322206.0612882542
291,322206.0612882542
292,322206.0612882542
293,322206.0612882542
294,322206.0612882542
295,322206.0612882542
296,322206.0612882542
297,322206.0612882542
298,322206.0612882542
299,322206.0612882542
300,322206.0612882542
301,322206.0612882542
302,322206.0612882542
303,322206.0612882542
304,322206.0612882542
305,322206.0612882542
306,322206.0612882542
307,322206.0612882542
308,322206.0612882542
309,322206.0612882542
310,322206.0612882542
311,322206.0612882542
312,322206.0612882542
313,322206.0612882542
314,320774.1951635605
315,320774.1951635605
316,320774.19516356045
317,320774.19516356045
318,320774.19516356045
319,320774.19516356045
320,320774.19516356033
321,320774.19516356033
322,320774.19516356033
323,320774.19516356033
324,320774.19516356033
325,320774.19516356033
326,320774.19516356033
327,320774.19516356033
328,320774.19516356033
329,320774.19516356033
330,320774.19516356033
331,320774.19516356033
332,320774.19516356033
333,320774.19516356033
334,320774.19516356033
335,320774.19516356033
336,320774.19516356033
337,320774.19516356033
338,320774.19516356033
339,320774.19516356033
340,320774.19516356033
341,320774.19516356033
342,320774.19516356033
343,320774.19516356033
344,320774.19516356033
345,320774.19516356033
346,320774.19516356033
347,320774.19516356033
348,320774.19516356033
349,320774.19516356033
350,303403.7549325876
351,303403.7549325876
352,303403.7549325876
353,303403.7549325876
354,303403.7549325876
355,303403.75493258744
356,303403.75493258744
357,303403.75493258744
358,303403.75493258744
359,303403.75493258744
360,303403.75493258744
361,303403.75493258744
362,303403.75493258744
363,303403.75493258744
364,303403.75493258744
365,303403.75493258744
366,303403.75493258744
367,303403.75493258744
368,303403.75493258744
369,303403.75493258744
370,303403.75493258744
371,303403.75493258744
372,303403.75493258744
373,303403.75493258744
374,303403.75493258744
375,303403.75493258744
376,303403.75493258744
377,303403.75493258744
378,303403.75493258744
379,303403.75493258744
380,303403.75493258744
381,303403.75493258744
382,238684.02806624738
383,238684.02806624738
384,238684.02806624738
385,238684.02806624738
386,238684.02806624738
387,238684.02806624738
388,238684.02806624738
389,238684.02806624738
390,238684.02806624738
391,238684.02806624738
392,238684.02806624738
393,238684.02806624738
394,238684.02806624738
395,238684.02806624738
396,238684.02806624738
397,238684.02806624732
398,238684.02806624732
399,238684.02806624732
400,238684.02806624732
401,238684.02806624732
402,238684.02806624732
403,238684.02806624732
404,234538.1582642678
405,234538.1582642678
406,234538.1582642678
407,228996.17751190613
408,228996.17751190613
409,211895.47338627302
410,211895.47338627302
411,211895.47338627302
412,211895.47338627302
413,211895.47338627302
414,211895.47338627302
415,211895.47338627302
416,210280.33234802354
417,210280.33234802354
418,210280.33234802325
419,210280.33234802325
420,210280.33234802325
421,210280.33234802325
422,210280.33234802325
423,210280.33234802325
424,210280.33234802325
425,210280.33234802325
426,210280.33234802325
427,210280.33234802325
428,210280.33234802325
429,210280.33234802325
430,210280.33234802325
431,202093.25629398113
432,202093.25629398113
433,202093.25629398113
434,202093.25629398113
435,202093.25629398113
436,202093.25629398113
437,202093.25629398113
438,202093.25629398113
439,202093.25629398113
440,202093.25629398113
441,202093.25629398113
442,202093.25629398113
443,202093.25629398113
444,202093.25629398113
445,202093.25629398113
446,202093.25629398113
447,202093.25629398113
448,202093.25629398113
449,202093.25629398113
450,202093.25629398113
451,202093.25629398113
452,202093.25629398113
453,202093.25629398113
454,202093.25629398113
455,202093.25629398113
456,202093.25629398113
457,202093.25629398113
458,202093.25629398113
459,202093.25629398113
460,202093.25629398113
461,202093.25629398113
462,202093.25629398113
463,202093.25629398113
464,202093.25629398113
465,202093.25629398113
466,202093.25629398113
467,189693.06742430382
468,189693.06742430382
469,189693.06742430382
470,189693.06742430382
471,189693.06742430382
472,189693.06742430382
473,189693.06742430382
474,189693.06742430382
475,189693.06742430382
476,189693.06742430382
477,189693.06742430382
478,189693.0674243038
479,189693.0674243038
480,189693.0674243038
481,189693.0674243038
482,189693.0674243038
483,189693.0674243038
484,189693.0674243038
485,189693.0674243038
486,189693.0674243038
487,189693.0674243038
488,189693.0674243038
489,189693.0674243038
490,189693.0674243038
491,189693.0674243038
492,189693.0674243038
493,189693.0674243038
494,189693.0674243038
495,189693.06742430376
496,189693.06742430376
497,189693.06742430376
498,189693.06742430376
499,189693.06742430376
500,189693.06742430376
501,189693.06742430376
502,189693.06742430376
503,189693.06742430376
504,189693.06742430376
505,187724.0557292231
506,187724.0557292231
507,187724.0557292231
508,187724.0557292231
509,187724.0557292231
510,187724.0557292231
511,187724.0557292231
512,187724.0557292231
513,187724.0557292231
514,187724.0557292231
515,187724.0557292231
516,187724.0557292231
517,187724.0557292231
518,187724.0557292231
519,187724.0557292231
520,187724.0557292231
521,187724.0557292231
522,187724.0557292231
523,187724.0557292231
524,187724.0557292231
525,187724.0557292231
526,187724.0557292231
527,187724.0557292231
528,187724.0557292231
529,187724.0557292231
530,187724.0557292231
531,187724.0557292231
532,187724.0557292231
533,187724.0557292231
534,187724.0557292231
535,187724.0557292231
536,187724.0557292231
537,187724.0557292231
538,187724.0557292231
539,187724.0557292231
540,187724.0557292231
541,187724.0557292231
542,187724.0557292231
543,187724.0557292231
544,187724.0557292231
545,187724.0557292231
546,187724.0557292231
547,187724.0557292231
548,187724.0557292231
549,187724.0557292231
550,187724.0557292231
551,187724.0557292231
552,187724.0557292231
553,187724.0557292231
554,187724.0557292231
555,187724.0557292231
556,187724.0557292231
557,187724.0557292231
558,187724.0557292231
559,187724.0557292231
560,187724.0557292231
561,187724.0557292231
562,182385.1893861055
563,182385.1893861055
564,182385.1893861055
565,182385.1893861055
566,182385.1893861055
567,182385.1893861055
568,182385.1893861055
569,182385.1893861055
570,182385.1893861055
571,182385.1893861055
572,182385.1893861055
573,182385.1893861055
574,182385.1893861055
575,182385.1893861055
576,182385.1893861055
577,182385.1893861055
578,182385.1893861055
579,182385.1893861055
580,182385.1893861055
581,182385.1893861055
582,182385.1893861055
583,182385.1893861055
584,182385.1893861055
585,182385.1893861055
586,182385.1893861055
587,182385.1893861055
588,182385.1893861055
589,182385.1893861055
590,182385.1893861055
591,182385.1893861055
592,182385.1893861055
593,182385.1893861055
594,182385.1893861055
595,182385.1893861055
596,182385.1893861055
597,182385.1893861055
598,182385.1893861055
599,182385.1893861055
600,182385.1893861055
601,182385.1893861055
602,182385.1893861055
603,182385.1893861055
604,182385.1893861055
605,182385.1893861055
606,182385.1893861055
607,182385.1893861055
608,182385.1893861055
609,182385.1893861055
610,182385.1893861055
611,182385.1893861055
612,182385.1893861055
613,182385.1893861055
614,182385.1893861055
615,182385.1893861055
616,182385.1893861055
617,182385.1893861055
618,182385.1893861055
619,182385.1893861055
620,182385.1893861055
621,182385.1893861055
622,182385.1893861055
623,182385.1893861055
624,182385.1893861055
625,182385.1893861055
626,182385.1893861055
627,182385.1893861055
628,182385.1893861055
629,182385.1893861055
630,182385.1893861055
631,182385.1893861055
632,182385.1893861055
633,182385.1893861055
634,182385.1893861055
635,182385.1893861055
636,182385.1893861055
637,182385.1893861055
638,182385.1893861055
639,182385.1893861055
640,182385.1893861055
641,182385.1893861055
642,182385.1893861055
643,182385.1893861055
644,182385.1893861055
645,182385.1893861055
646,182385.1893861055
647,182385.1893861055
648,182385.1893861055
649,182385.1893861055
650,182385.1893861055
651,182385.1893861055
652,182385.1893861055
653,182385.1893861055
654,182385.1893861055
655,182385.1893861055
656,182385.1893861055
657,182385.1893861055
658,182385.1893861055
659,182385.1893861055
660,182385.1893861055
661,182385.1893861055
662,182385.1893861055
663,182385.1893861055
664,182385.1893861055
665,182385.1893861055
666,182385.1893861055
667,182385.1893861055
668,182385.1893861055
669,182385.1893861055
670,182385.1893861055
671,182385.1893861055
672,182385.1893861055
673,182385.1893861055
674,182385.1893861055
675,182385.1893861055
676,182385.1893861055
677,182385.1893861055
678,182385.1893861055
679,182385.1893861055
680,182385.1893861055
681,182385.1893861055
682,182385.1893861055
683,182385.1893861055
684,182385.1893861055
685,182385.1893861055
686,182385.1893861055
687,182385.1893861055
688,182385.1893861055
689,182385.1893861055
690,182385.1893861055
691,182385.1893861055
692,182385.1893861055
693,182385.1893861055
694,182385.1893861055
695,182385.1893861055
696,182385.1893861055
697,182385.1893861055
698,182385.1893861055
699,182385.1893861055
700,182385.1893861055
701,182385.1893861055
702,182385.1893861055
703,182385.1893861055
704,182385.1893861055
705,182385.1893861055
706,182385.1893861055
707,182385.1893861055
708,182385.1893861055
709,182385.1893861055
710,182385.1893861055
711,182385.1893861055
712,182385.1893861055
713,182385.1893861055
714,182385.1893861055
715,182385.1893861055
716,182385.1893861055
717,182385.1893861055
718,182385.1893861055
719,182385.1893861055
720,182385.1893861055
721,182385.1893861055
722,182385.1893861055
723,182385.1893861055
724,182385.1893861055
725,182385.1893861055
726,182385.1893861055
727,182385.1893861055
728,182385.1893861055
729,182385.1893861055
730,182385.1893861055
731,182385.1893861055
732,182385.1893861055
733,182385.1893861055
734,182385.1893861055
735,182385.1893861055
736,182385.1893861055
737,182385.1893861055
738,182385.1893861055
739,182385.1893861055
740,182385.1893861055
741,182385.1893861055
742,182385.1893861055
743,182385.1893861055
744,182385.1893861055
745,182385.1893861055
746,182385.1893861055
747,182385.1893861055
748,182385.1893861055
749,182385.1893861055
750,182385.1893861055
751,182385.1893861055
752,182385.1893861055
753,182385.1893861055
754,182385.1893861055
755,182385.1893861055
756,182385.1893861055
757,182385.1893861055
758,182385.1893861055
759,182385.1893861055
760,182385.1893861055
761,182385.1893861055
762,182385.1893861055
763,182385.1893861055
764,182385.1893861055
765,178509.88580718765
766,178509.88580718765
767,178509.88580718765
768,178509.88580718765
769,178509.88580718765
770,178509.88580718765
771,178509.88580718765
772,178509.88580718756
773,178509.88580718756
774,178509.88580718756
775,178509.88580718756
776,178509.88580718756
777,178509.88580718756
778,178509.88580718756
779,178509.88580718756
780,178509.88580718756
781,178509.88580718756
782,178509.88580718756
783,178509.88580718756
784,178509.88580718756
785,178509.88580718756
786,178509.88580718756
787,178509.88580718756
788,178509.88580718756
789,178509.88580718756
790,178509.88580718756
791,178509.88580718756
792,178509.88580718756
793,178509.88580718756
794,178509.88580718756
795,178509.88580718756
796,178509.88580718756
797,178509.88580718756
798,178509.88580718756
799,172329.57489348063
800,172329.57489348063
801,172329.57489348063
802,172329.57489348063
803,172329.57489348063
804,172329.57489348063
805,172329.57489348063
806,172329.57489348063
807,171768.3555939484
808,171768.3555939484
809,171768.3555939484
810,171768.3555939484
811,171768.3555939484
812,171768.3555939484
813,171768.3555939484
814,171768.3555939484
815,171768.3555939484
816,171768.3555939484
817,171768.3555939484
818,171768.3555939484
819,171768.3555939484
820,171768.3555939484
821,171768.3555939484
822,171768.35559394833
823,171768.35559394833
824,171768.35559394833
825,171768.35559394833
826,171768.35559394833
827,171768.35559394833
828,171768.35559394833
829,171768.35559394833
830,171768.35559394833
831,171768.35559394833
832,171768.35559394833
833,171768.35559394833
834,171768.35559394833
835,171768.35559394833
836,171768.35559394833
837,171768.35559394833
838,171768.35559394833
839,171768.35559394833
840,171768.35559394833
841,171768.35559394833
842,171768.35559394833
843,171768.35559394833
844,171768.35559394833
845,171768.35559394833
846,171768.35559394833
847,171768.35559394833
848,171768.35559394833
849,171768.35559394833
850,171768.35559394828
851,171768.35559394828
852,171768.35559394828
853,171768.35559394828
854,171768.35559394828
855,171768.35559394828
856,171768.35559394828
857,171768.35559394828
858,132785.15819930917
859,132785.15819930917
860,132785.15819930917
861,132785.15819930917
862,132785.15819930917
863,132785.15819930917
864,132785.15819930917
865,129379.57224283314
866,129379.57224283314
867,129379.57224283308
868,129379.57224283308
869,129379.57224283308
870,129379.57224283308
871,129379.57224283308
872,129379.57224283308
873,129379.57224283308
874,129379.57224283308
875,129379.57224283308
876,129379.57224283308
877,129379.57224283308
878,129379.57224283308
879,129379.57224283308
880,129379.57224283308
881,129379.57224283308
882,129379.57224283308
883,129379.57224283308
884,129379.57224283308
885,129379.57224283308
886,129379.57224283308
887,129379.57224283308
888,129379.57224283308
889,129379.57224283308
890,129379.57224283308
891,129379.57224283308
892,129379.57224283308
893,129379.57224283308
894,129379.57224283308
895,129379.57224283308
896,129379.57224283308
897,129379.57224283308
898,129379.57224283308
899,129379.57224283308
900,129379.57224283308
901,129379.57224283308
902,129379.57224283308
903,129379.57224283308
904,129379.57224283308
905,129379.57224283308
906,129379.57224283308
907,129379.57224283308
908,129379.57224283308
909,129379.57224283308
910,129379.57224283303
911,129379.57224283303
912,129379.57224283303
913,129379.57224283303
914,129379.57224283303
915,129379.57224283303
916,129379.57224283303
917,129379.57224283303
918,129379.57224283303
919,129379.57224283303
920,129379.57224283303
921,129379.57224283303
922,129379.57224283303
923,129379.57224283303
924,129379.57224283303
925,129379.57224283303
926,129379.57224283303
927,129379.57224283303
928,129379.57224283302
929,129379.57224283302
930,129379.57224283302
931,95258.1352889469
932,95258.1352889469
933,95258.1352889469
934,95258.1352889469
935,95258.1352889469
936,95258.1352889469
937,95258.1352889469
938,95258.1352889469
939,95258.1352889469
940,95258.1352889469
941,95258.1352889469
942,95258.1352889469
943,95258.13528894687
944,95258.13528894687
945,95258.13528894685
946,95258.13528894685
947,95258.13528894685
948,95258.13528894685
949,95258.13528894685
950,95258.13528894685
951,95258.13528894685
952,95258.13528894685
953,95258.13528894685
954,95258.13528894685
955,95258.13528894685
956,95258.13528894685
957,95258.13528894685
958,92776.3608611679
959,92776.3608611679
960,92776.3608611679
961,92776.3608611679
962,92776.3608611679
963,92776.3608611679
964,92776.3608611679
965,92776.3608611679
966,92776.3608611679
967,92776.3608611679
968,92776.3608611679
969,92776.3608611679
970,92776.3608611679
971,92776.3608611679
972,92776.3608611679
973,92776.3608611679
974,92776.3608611679
975,92776.3608611679
976,92776.3608611679
977,76032.71686408797
978,76032.71686408797
979,76032.71686408797
980,76032.71686408797
981,76032.71686408797
982,76032.71686408797
983,76032.71686408797
984,76032.71686408797
985,76032.71686408797
986,76032.71686408797
987,76032.71686408797
988,76032.71686408797
989,76032.71686408797
990,76032.71686408797
991,76032.71686408797
992,76032.71686408797
993,76032.71686408797
994,76032.71686408797
995,76032.71686408797
996,76032.71686408797
997,76032.71686408797
998,74281.64938895042
999,74281.64938895042
1000,74281.64938895042
1001,74281.64938895042
1002,74281.64938895042
1003,74281.64938895042
1004,74281.64938895042
1005,74281.64938895042
1006,74281.64938895042
1007,74281.64938895042
1008,74281.64938895042
1009,74281.64938895042
1010,74281.64938895042
1011,74281.64938895042
1012,74281.64938895042
1013,74281.64938895042
1014,74281.64938895042
1015,74281.64938895042
1016,74281.64938895042
1017,74281.64938895042
1018,74281.64938895042
1019,74281.64938895042
1020,74281.64938895042
1021,74281.64938895042
1022,74281.64938895036
1023,74281.64938895036
1024,74281.64938895036
1025,74281.64938895036
1026,74281.64938895036
1027,69869.08178069217
1028,69869.08178069217
1029,69869.08178069217
1030,69869.08178069217
1031,69869.08178069217
1032,69869.08178069217
1033,69869.08178069217
1034,69869.08178069217
1035,69869.08178069217
1036,69869.08178069217
1037,69869.08178069217
1038,69869.08178069217
1039,69869.08178069217
1040,69869.08178069217
1041,69869.08178069217
1042,69869.08178069217
1043,69869.08178069217
1044,69869.08178069217
1045,69869.08178069217
1046,69869.08178069217
1047,69869.08178069217
1048,67228.0993115856
1049,67228.09931158555
1050,67228.09931158555
1051,67228.09931158555
1052,66637.90295674262
1053,66637.90295674262
1054,66637.90295674262
1055,66637.90295674262
1056,66637.90295674259
1057,66637.90295674259
1058,66637.90295674259
1059,66637.90295674259
1060,66637.90295674259
1061,66637.90295674259
1062,66637.90295674259
1063,66637.90295674259
1064,66637.90295674259
1065,66637.90295674259
1066,66637.90295674259
1067,66637.90295674259
1068,66637.90295674259
1069,66637.90295674259
1070,66637.90295674259
1071,66637.90295674259
1072,66637.90295674259
1073,66637.90295674259
1074,66637.90295674259
1075,66637.90295674259
1076,66615.10480859612
1077,66615.10480859612
1078,66615.10480859612
1079,66615.10480859612
1080,66615.10480859608
1081,66615.10480859608
1082,66615.10480859608
1083,66615.10480859608
1084,66615.10480859608
1085,66615.10480859608
1086,66615.10480859608
1087,66615.10480859608
1088,66615.10480859608
1089,65234.33228185771
1090,65234.33228185771
1091,65234.33228185771
1092,65234.33228185771
1093,65234.33228185771
1094,65234.33228185771
1095,65234.33228185771
1096,65234.33228185771
1097,65234.33228185771
1098,65234.33228185771
1099,65234.33228185771
1100,65234.33228185771
1101,65234.33228185771
1102,65234.33228185771
1103,65234.33228185771
1104,65234.33228185771
1105,65234.33228185771
1106,65234.33228185771
1107,65234.33228185771
1108,65234.33228185771
1109,65234.33228185771
1110,65234.33228185771
1111,65234.33228185771
1112,65234.33228185771
1113,65234.33228185771
1114,64385.63330091686
1115,64385.63330091686
1116,64385.63330091686
1117,64385.63330091686
1118,64385.63330091686
1119,64385.63330091686
1120,64385.63330091686
1121,64385.63330091686
1122,64385.63330091686
1123,64385.63330091686
1124,64385.63330091686
1125,64385.63330091686
1126,64385.63330091686
1127,64385.63330091686
1128,64385.63330091686
1129,64385.63330091686
1130,64385.63330091686
1131,64385.63330091686
1132,64385.63330091686
1133,64385.63330091686
1134,64385.63330091686
1135,64385.63330091686
1136,64385.63330091686
1137,64385.63330091686
1138,64385.63330091686
1139,64385.63330091686
1140,64385.63330091686
1141,64385.63330091686
1142,64385.63330091686
1143,64385.63330091686
1144,64385.63330091686
1145,64385.63330091686
1146,63441.62580019749
1147,63441.62580019749
1148,63441.62580019749
1149,63441.62580019749
1150,63441.62580019749
1151,63441.62580019749
1152,63441.62580019749
1153,63441.62580019749
1154,63441.62580019749
1155,63441.62580019749
1156,63441.62580019749
1157,63441.62580019749
1158,63441.62580019749
1159,63441.62580019749
1160,63441.62580019749
1161,63441.62580019749
1162,63441.62580019749
1163,63441.62580019749
1164,63441.62580019749
1165,63441.62580019749
1166,63441.62580019749
1167,63441.62580019749
1168,63441.62580019749
1169,63441.62580019749
1170,63441.62580019749
1171,63441.62580019749
1172,63441.62580019749
1173,63441.62580019749
1174,63441.62580019749
1175,63441.62580019749
1176,63441.62580019749
1177,63441.62580019749
1178,63441.62580019749
1179,63441.62580019749
1180,63441.62580019749
1181,63441.62580019749
1182,63441.625800197464
1183,63441.625800197464
1184,63441.625800197464
1185,63441.625800197464
1186,63441.625800197464
1187,63441.625800197464
1188,63441.625800197464
1189,63441.625800197464
1190,63441.625800197464
1191,63441.625800197464
1192,63441.625800197464
1193,63441.625800197464
1194,63441.625800197464
1195,63441.625800197464
1196,63441.625800197464
1197,63441.625800197464
1198,63441.625800197464
1199,63441.625800197464
1200,63441.625800197464
1201,63441.625800197464
1202,63441.625800197464
1203,63441.625800197464
1204,63441.625800197464
1205,63441.625800197464
1206,63441.625800197464
1207,63441.625800197464
1208,63441.625800197464
1209,63441.625800197464
1210,63441.625800197464
1211,63441.625800197464
1212,63441.625800197464
1213,63441.625800197464
1214,63441.625800197464
1215,63441.625800197464
1216,63441.625800197464
1217,63441.625800197464
1218,63441.625800197464
1219,63441.625800197464
1220,63441.625800197464
1221,63441.625800197464
1222,63441.625800197464
1223,63441.625800197464
1224,63441.625800197464
1225,63441.625800197464
1226,63441.625800197464
1227,63441.625800197464
1228,63441.625800197464
1229,63441.625800197464
1230,63441.625800197464
1231,63441.625800197464
1232,63441.625800197464
1233,63441.625800197464
1234,63441.625800197464
1235,63441.625800197464
1236,63441.625800197464
1237,63441.625800197464
1238,63441.625800197464
1239,63441.625800197464
1240,63441.625800197464
1241,63441.625800197464
1242,63441.625800197464
1243,63441.625800197464
1244,63441.625800197464
1245,63441.625800197464
1246,63441.625800197435
1247,63441.625800197435
1248,63441.625800197435
1249,63441.625800197435
1250,63441.625800197435
1251,63441.625800197435
1252,63441.625800197435
1253,63441.625800197435
1254,63441.625800197435
1255,63441.625800197435
1256,63441.625800197435
1257,63441.625800197435
1258,63441.625800197435
1259,63441.625800197435
1260,63441.625800197435
1261,63441.625800197435
1262,63441.625800197435
1263,63441.625800197435
1264,63441.625800197435
1265,63441.625800197435
1266,63441.625800197435
1267,63441.625800197435
1268,63441.625800197435
1269,63441.625800197435
1270,63441.625800197435
1271,63441.625800197435
1272,63441.625800197435
1273,63441.625800197435
1274,63441.625800197435
1275,63441.625800197435
1276,63441.625800197435
1277,63441.625800197435
1278,63441.625800197406
1279,63441.625800197406
1280,63441.625800197406
1281,63441.625800197406
1282,63441.625800197406
1283,63441.625800197406
1284,63441.625800197406
1285,63441.625800197406
1286,63441.625800197406
1287,62140.485827364704
1288,62140.485827364704
1289,62140.485827364704
1290,62140.485827364704
1291,62140.485827364704
1292,62140.485827364704
1293,62140.485827364704
1294,62140.485827364704
1295,62140.485827364704
1296,62140.48582736469
1297,62140.48582736469
1298,62140.48582736469
1299,62140.48582736469
1300,62140.48582736469
1301,62140.48582736467
1302,62140.48582736467
1303,62140.48582736467
1304,62140.48582736467
1305,62140.48582736467
1306,62140.48582736467
1307,62140.48582736467
1308,62140.48582736467
1309,62140.48582736467
1310,62140.48582736467
1311,62140.48582736467
1312,62140.48582736467
1313,62140.48582736467
1314,62140.48582736467
1315,62140.48582736467
1316,62140.485827364595
1317,62140.485827364595
1318,62140.485827364595
1319,62140.485827364595
1320,62140.485827364595
1321,62140.485827364595
1322,62140.485827364595
1323,62140.485827364595
1324,62140.485827364595
1325,62140.485827364595
1326,62140.485827364595
1327,62140.485827364595
1328,62140.485827364595
1329,62140.485827364595
1330,62140.485827364595
1331,62140.485827364595
1332,62140.485827364595
1333,62140.485827364595
1334,62140.485827364595
1335,62140.485827364595
1336,62140.485827364595
1337,62140.485827364595
1338,62140.485827364595
1339,62140.485827364595
1340,62140.485827364595
1341,62140.485827364595
1342,62140.485827364595
1343,62140.485827364595
1344,62140.485827364595
1345,62140.485827364595
1346,61717.09026295066
1347,61717.09026295066
1348,61717.09026295066
1349,61717.09026295066
1350,61717.09026295066
1351,61717.09026295066
1352,53931.08024710188
1353,53931.08024710188
1354,53931.08024710188
1355,53931.08024710188
1356,53931.08024710188
1357,53931.080247101854
1358,53931.080247101854
1359,53931.080247101854
1360,53931.080247101854
1361,53931.080247101854
1362,53931.080247101854
1363,53931.080247101854
1364,53931.080247101854
1365,53931.080247101854
1366,53931.080247101854
1367,53931.080247101854
1368,53931.080247101854
1369,53931.080247101854
1370,53931.080247101854
1371,53931.080247101854
1372,53931.080247101854
1373,53931.080247101854
1374,53931.08024710185
1375,53931.08024710185
1376,53931.08024710185
1377,53931.08024710185
1378,53931.08024710185
1379,53931.08024710185
1380,53931.08024710185
1381,53931.08024710185
1382,53931.08024710185
1383,53931.08024710185
1384,53931.08024710185
1385,53931.08024710185
1386,53931.08024710185
1387,53931.08024710185
1388,53931.08024710185
1389,53931.08024710185
1390,53931.08024710185
1391,53931.08024710185
1392,53931.08024710182
1393,53931.08024710182
1394,53931.08024710182
1395,53931.08024710182
1396,53931.08024710182
1397,53931.08024710182
1398,53931.08024710182
1399,53931.08024710182
1400,53931.08024710182
1401,53931.08024710182
1402,53931.08024710182
1403,53931.08024710182
1404,53931.08024710182
1405,53931.08024710182
1406,53931.08024710179
1407,53931.08024710179
1408,53931.08024710179
1409,53931.08024710179
1410,53067.54635165831
1411,53067.54635165831
1412,53067.54635165831
1413,53067.54635165831
1414,53067.54635165831
1415,53067.54635165831
1416,53067.54635165831
1417,53067.54635165831
1418,53067.54635165831
1419,53067.54635165831
1420,53067.54635165831
1421,53067.54635165831
1422,53067.54635165831
1423,53067.54635165831
1424,53067.54635165831
1425,53067.54635165831
1426,53067.54635165831
1427,53067.54635165831
1428,53067.54635165831
1429,53067.54635165831
1430,53067.54635165831
1431,53067.54635165831
1432,53067.54635165831
1433,53067.54635165831
1434,53067.54635165831
1435,53067.54635165831
1436,53067.54635165831
1437,53067.54635165831
1438,53067.54635165831
1439,53067.54635165831
1440,53067.54635165831
1441,53067.54635165823
1442,53067.54635165823
1443,53067.54635165823
1444,53067.54635165823
1445,53067.54635165823
1446,53067.54635165823
1447,53067.54635165823
1448,53067.54635165823
1449,53067.54635165823
1450,53067.54635165823
1451,53067.54635165823
1452,53067.54635165823
1453,53067.54635165823
1454,53067.54635165823
1455,53067.54635165823
1456,53067.54635165823
1457,53067.54635165823
1458,53067.54635165823
1459,53067.54635165823
1460,53067.54635165823
1461,53067.54635165823
1462,53067.54635165823
1463,53067.54635165823
1464,53067.54635165823
1465,53067.54635165823
1466,53067.54635165823
1467,53067.54635165823
1468,53067.54635165823
1469,53067.54635165823
1470,53067.54635165823
1471,53067.54635165823
1472,53067.54635165823
1473,53067.54635165823
1474,53067.54635165823
1475,53067.54635165823
1476,53067.54635165823
1477,53067.54635165823
1478,53067.54635165823
1479,53067.54635165823
1480,53067.54635165823
1481,53067.54635165823
1482,53067.54635165823
1483,53067.54635165823
1484,53067.54635165823
1485,53067.54635165823
1486,53067.54635165823
1487,53067.54635165823
1488,53067.54635165823
1489,53067.54635165823
1490,53067.54635165823
1491,53067.54635165823
1492,53067.54635165823
1493,53067.54635165823
1494,53067.54635165823
1495,53067.54635165823
1496,53067.54635165823
1497,53067.54635165823
1498,53067.54635165823
1499,53067.54635165823
1500,53067.54635165823
1501,53067.54635165823
1502,53067.54635165823
1503,53067.54635165823
1504,53067.54635165821
1505,53067.54635165821
1506,53067.54635165821
1507,53067.54635165821
1508,53067.54635165821
1509,53067.54635165821
1510,53067.54635165821
1511,53067.54635165821
1512,53067.54635165821
1513,53067.54635165821
1514,53067.54635165821
1515,53067.54635165821
1516,53067.54635165821
1517,53067.54635165821
1518,53067.54635165821
1519,53067.54635165821
1520,53067.54635165821
1521,53067.54635165821
1522,52986.93890457082
1523,52986.93890457082
1524,52986.93890457082
1525,52986.93890457082
1526,52986.93890457082
1527,52986.93890457082
1528,52986.93890457082
1529,52986.93890457082
1530,52986.93890457082
1531,52986.93890457082
1532,52986.93890457082
1533,52986.93890457082
1534,52986.93890457082
1535,52986.93890457082
1536,52986.93890457082
1537,52986.93890457082
1538,52986.93890457082
1539,52986.93890457082
1540,52986.93890457082
1541,52986.93890457082
1542,52986.93890457082
1543,52986.93890457082
1544,52986.93890457082
1545,52986.93890457082
1546,52986.93890457082
1547,52986.93890457082
1548,52986.93890457082
1549,52986.93890457082
1550,52986.93890457082
1551,52986.93890457082
1552,52986.93890457082
1553,52986.93890457082
1554,52986.93890457082
1555,52986.93890457082
1556,52986.93890457082
1557,52986.93890457082
1558,52986.93890457082
1559,52986.93890457082
1560,52986.93890457082
1561,52986.93890457082
1562,52986.93890457082
1563,52986.93890457082
1564,52986.93890457082
1565,52986.93890457082
1566,52986.93890457082
1567,52986.93890457082
1568,52986.93890457082
1569,52986.93890457082
1570,52986.93890457082
1571,51398.64012318765
1572,51398.64012318762
1573,51398.64012318762
1574,51398.64012318762
1575,51398.64012318762
1576,51398.64012318762
1577,51398.64012318762
1578,51398.64012318762
1579,51398.64012318762
1580,51398.64012318762
1581,51398.64012318762
1582,51398.64012318762
1583,51398.64012318762
1584,51398.64012318762
1585,51398.64012318762
1586,51398.64012318762
1587,51398.64012318762
1588,51398.64012318762
1589,51398.64012318762
1590,51398.64012318762
1591,51398.64012318762
1592,51398.64012318762
1593,51398.64012318762
1594,51398.64012318762
1595,51398.64012318762
1596,51398.64012318762
1597,51398.64012318762
1598,51398.64012318762
1599,51398.64012318762
1600,51398.64012318762
1601,51398.64012318762
1602,51398.64012318762
1603,51398.64012318762
1604,51398.64012318762
1605,42646.9160138401
1606,42646.916013840055
1607,42646.916013840055
1608,42646.916013840055
1609,42646.916013840055
1610,42646.916013840055
1611,42646.916013840055
1612,42646.916013840055
1613,42646.916013840055
1614,42646.916013840055
1615,42646.916013840055
1616,42646.916013840055
1617,42646.916013840055
1618,42646.916013840055
1619,42646.916013840055
1620,42646.916013840055
1621,42646.916013840055
1622,42646.916013840055
1623,42646.916013840055
1624,42646.916013840055
1625,42646.916013840055
1626,42646.916013840055
1627,42646.916013840055
1628,42646.916013840055
1629,42646.916013840055
1630,42646.916013840055
1631,42646.916013840055
1632,42646.916013840055
1633,42646.916013840055
1634,42646.916013840055
1635,42646.916013840055
1636,42646.916013840055
1637,42646.916013840055
1638,42646.916013840055
1639,42646.916013840055
1640,42646.916013840055
1641,42646.916013840055
1642,42646.916013840055
1643,42646.916013840055
1644,42646.916013840055
1645,42646.916013840055
1646,42646.916013840055
1647,42646.916013840055
1648,42646.916013840055
1649,42646.916013840055
1650,42646.916013840055
1651,42646.916013840055
1652,42646.916013840055
1653,42646.916013840055
1654,42646.916013840055
1655,42646.916013840055
1656,42646.916013840055
1657,42646.916013840055
1658,42646.916013840055
1659,42646.916013840055
1660,42646.916013840055
1661,42646.916013840055
1662,42646.916013840055
1663,39068.66447442943
1664,39068.66447442942
1665,39068.66447442942
1666,39068.66447442942
1667,39068.66447442942
1668,39068.66447442942
1669,39068.66447442942
1670,39068.66447442942
1671,39068.66447442942
1672,39068.66447442942
1673,39068.66447442942
1674,39068.66447442942
1675,39068.66447442942
1676,39068.66447442942
1677,39068.66447442942
1678,39068.66447442942
1679,39068.66447442942
1680,39068.66447442942
1681,39068.66447442942
1682,39068.66447442942
1683,39068.66447442942
1684,39068.66447442942
1685,39068.66447442942
1686,39068.66447442942
1687,39068.66447442942
1688,39068.66447442942
1689,39068.66447442942
1690,39068.66447442942
1691,39068.66447442942
1692,39068.66447442942
1693,39068.66447442942
1694,39068.66447442942
1695,39068.66447442942
1696,39068.66447442942
1697,39068.66447442942
1698,39068.66447442942
1699,39068.66447442942
1700,39068.66447442942
1701,39068.66447442942
1702,39068.66447442942
1703,39068.66447442942
1704,39068.66447442942
1705,39068.66447442942
1706,39068.66447442942
1707,39068.66447442942
1708,39068.66447442942
1709,39068.66447442942
1710,39068.66447442942
1711,39068.66447442942
1712,39068.66447442942
1713,39068.66447442942
1714,39068.66447442942
1715,39068.66447442942
1716,39068.66447442942
1717,39068.66447442942
1718,39068.66447442942
1719,39068.66447442942
1720,39068.66447442942
1721,39068.66447442942
1722,39068.66447442942
1723,39068.66447442942
1724,39068.66447442942
1725,39068.66447442942
1726,39068.66447442942
1727,39068.66447442942
1728,39068.66447442942
1729,39068.66447442942
1730,39068.66447442942
1731,39068.66447442942
1732,34363.0739283458
1733,34363.0739283458
1734,34363.0739283458
1735,34363.073928345766
1736,34363.073928345766
1737,34363.073928345766
1738,34363.07392834575
1739,34363.07392834575
1740,34363.07392834575
1741,34363.07392834575
1742,34363.07392834575
1743,34363.07392834575
1744,34363.07392834575
1745,34363.07392834575
1746,34363.07392834575
1747,34363.07392834575
1748,34363.07392834575
1749,34363.07392834575
1750,34363.07392834575
1751,34363.07392834575
1752,34363.07392834575
1753,34363.07392834575
1754,34363.07392834575
1755,34363.07392834575
1756,34363.07392834575
1757,34363.07392834575
1758,34363.07392834575
1759,34363.07392834575
1760,34363.07392834575
1761,34363.07392834575
1762,34363.07392834575
1763,34363.07392834575
1764,34363.07392834575
1765,34363.07392834575
1766,34363.07392834575
1767,34363.07392834575
1768,34363.07392834575
1769,34363.07392834575
1770,34363.07392834575
1771,34363.07392834575
1772,34363.07392834575
1773,34363.07392834575
1774,34363.07392834575
1775,34363.07392834575
1776,34363.07392834575
1777,34363.07392834575
1778,34363.07392834575
1779,34363.07392834575
1780,34363.07392834575
1781,34363.07392834575
1782,34363.07392834575
1783,34363.07392834575
1784,34363.07392834575
1785,34363.07392834575
1786,34363.07392834575
1787,34363.07392834575
1788,34363.07392834575
1789,34363.07392834575
1790,34363.07392834575
1791,31219.459411266474
1792,31219.459411266474
1793,31219.459411266474
1794,31219.459411266474
1795,31219.459411266474
1796,31219.459411266474
1797,31219.459411266474
1798,31219.459411266467
1799,31219.459411266467
1800,31219.459411266467
1801,31219.459411266467
1802,31219.459411266467
1803,31219.459411266467
1804,31219.459411266467
1805,31219.459411266467
1806,31219.459411266467
1807,31219.459411266467
1808,31219.459411266467
1809,31219.459411266467
1810,31219.459411266467
1811,31219.459411266467
1812,31219.459411266467
1813,31219.459411266467
1814,31219.459411266467
1815,31219.459411266456
1816,31219.459411266456
1817,31219.459411266456
1818,31219.459411266456
1819,31219.459411266456
1820,31219.459411266456
1821,31219.459411266456
1822,31219.459411266456
1823,31219.459411266456
1824,31219.459411266456
1825,31219.459411266456
1826,31219.459411266456
1827,31219.459411266456
1828,31219.459411266456
1829,31219.459411266456
1830,31219.459411266456
1831,31219.459411266456
1832,31219.459411266456
1833,31219.459411266456
1834,31219.459411266456
1835,31219.459411266456
1836,31219.459411266456
1837,31219.459411266456
1838,31219.459411266456
1839,31219.459411266456
1840,31219.459411266456
1841,31219.459411266456
1842,31219.459411266456
1843,31219.459411266456
1844,31219.459411266456
1845,31219.459411266456
1846,31219.459411266456
1847,31219.459411266456
1848,31219.459411266456
1849,31219.459411266456
1850,31219.459411266456
1851,31219.459411266456
1852,31219.459411266456
1853,31219.459411266456
1854,31219.459411266456
1855,31219.459411266456
1856,31219.459411266456
1857,31219.459411266456
1858,31219.459411266456
1859,31219.459411266456
1860,31219.459411266456
1861,31219.459411266456
1862,31219.459411266456
1863,31219.459411266456
1864,31219.459411266456
1865,30767.86544185401
1866,30767.86544185401
1867,30767.86544185401
1868,30767.86544185401
1869,30767.86544185401
1870,30767.86544185401
1871,30767.86544185401
1872,30767.86544185401
1873,30767.86544185401
1874,30767.86544185401
1875,30767.86544185401
1876,30767.86544185401
1877,30767.86544185401
1878,22937.85317824344
1879,22937.85317824344
1880,22937.85317824344
1881,22937.85317824344
1882,22937.85317824344
1883,22937.85317824344
1884,22937.85317824344
1885,22937.85317824344
1886,22937.85317824344
1887,22937.85317824344
1888,22937.85317824344
1889,22937.85317824344
1890,22937.853178243433
1891,22937.853178243433
1892,22937.853178243433
1893,22937.853178243433
1894,22937.853178243433
1895,22937.853178243433
1896,22937.853178243433
1897,22937.853178243433
1898,22937.853178243433
1899,22937.853178243433
1900,22937.853178243433
1901,22937.853178243433
1902,22937.853178243433
1903,22937.853178243433
1904,22937.853178243433
1905,22937.853178243433
1906,22937.853178243433
1907,22937.853178243433
1908,22937.853178243433
1909,22937.853178243433
1910,22937.853178243433
1911,22937.853178243433
1912,22937.853178243433
1913,22937.853178243433
1914,22937.853178243433
1915,22937.853178243433
1916,22937.853178243433
1917,22937.853178243433
1918,22937.853178243433
1919,22937.853178243433
1920,22937.853178243433
1921,22937.853178243433
1922,22937.853178243433
1923,22937.853178243433
1924,22937.853178243433
1925,22937.853178243433
1926,22937.853178243433
1927,22937.853178243433
1928,22937.853178243433
1929,22937.853178243433
1930,22937.853178243433
1931,22937.853178243433
1932,22937.853178243433
1933,22937.853178243433
1934,22937.853178243433
1935,22937.853178243433
1936,22937.853178243433
1937,22937.853178243433
1938,22937.853178243433
1939,22937.853178243433
1940,22937.853178243433
1941,22937.853178243433
1942,22937.853178243433
1943,22937.853178243433
1944,22937.853178243433
1945,22937.853178243433
1946,22937.853178243433
1947,22937.853178243433
1948,22937.853178243433
1949,22937.853178243433
1950,22937.853178243433
1951,22937.853178243433
1952,22937.853178243415
1953,22937.853178243415
1954,20058.0566364335
1955,20058.0566364335
1956,20058.0566364335
1957,20058.0566364335
1958,20058.0566364335
1959,20058.0566364335
1960,20058.0566364335
1961,20058.0566364335
1962,20058.0566364335
1963,20058.0566364335
1964,20058.0566364335
1965,20058.0566364335
1966,20058.0566364335
1967,20058.0566364335
1968,20058.0566364335
1969,20058.0566364335
1970,20058.0566364335
1971,20058.0566364335
1972,20058.0566364335
1973,20058.0566364335
1974,20058.0566364335
1975,20058.0566364335
1976,20058.0566364335
1977,20058.0566364335
1978,20058.0566364335
1979,20058.0566364335
1980,20058.0566364335
1981,18045.37597312875
1982,18045.37597312875
1983,18045.37597312875
1984,18045.37597312875
1985,18045.37597312875
1986,18045.37597312875
1987,18045.37597312875
1988,18045.37597312875
1989,18045.37597312875
1990,18045.37597312875
1991,18045.37597312875
1992,18045.37597312875
1993,18045.37597312875
1994,18045.37597312875
1995,18045.37597312875
1996,18045.37597312875
1997,18045.37597312875
1998,18045.37597312875
1999,18045.37597312875
2000,18045.37597312875
2001,18045.37597312875
2002,18045.37597312875
2003,18027.845181396788
2004,18027.845181396788
2005,18027.845181396788
2006,18027.845181396788
2007,18027.845181396788
2008,18027.845181396788
2009,18027.845181396777
2010,18027.845181396777
2011,18027.845181396777
2012,18027.845181396777
2013,18027.845181396777
2014,18027.845181396777
2015,18027.845181396777
2016,18027.845181396777
2017,18027.845181396777
2018,18027.845181396777
2019,18027.845181396777
2020,18027.845181396777
2021,18027.845181396777
2022,18027.845181396777
2023,18027.845181396777
2024,18027.845181396777
2025,18027.845181396777
2026,17381.76226743975
2027,17381.76226743975
2028,17381.76226743975
2029,17381.76226743975
2030,17381.76226743975
2031,17381.76226743975
2032,17381.76226743975
2033,17381.76226743975
2034,17381.76226743975
2035,17381.76226743975
2036,17381.76226743975
2037,17381.76226743975
2038,17381.76226743975
2039,17381.76226743975
2040,17381.76226743975
2041,17381.76226743975
2042,17381.76226743975
2043,17381.76226743975
2044,17381.76226743975
2045,17381.76226743975
2046,17381.76226743975
2047,17381.76226743975
2048,17381.76226743975
2049,17381.76226743975
2050,17381.76226743975
2051,17381.76226743975
2052,17381.76226743975
2053,17381.76226743975
2054,17381.76226743975
2055,17381.76226743975
2056,17381.76226743975
2057,17381.76226743975
2058,17381.76226743975
2059,17381.76226743975
2060,17381.76226743975
2061,17381.76226743975
2062,17381.76226743975
2063,17381.762267439746
2064,17381.762267439746
2065,17381.762267439746
2066,17381.762267439746
2067,17381.762267439746
2068,17381.762267439746
2069,17381.762267439746
2070,17381.762267439746
2071,17381.762267439746
2072,17381.762267439746
2073,17381.762267439746
2074,17381.762267439746
2075,17381.762267439746
2076,17381.762267439746
2077,17381.762267439746
2078,17381.762267439746
2079,17381.762267439746
2080,17381.762267439746
2081,17381.762267439746
2082,17381.762267439746
2083,17381.762267439746
2084,17381.762267439746
2085,17381.762267439746
2086,17381.762267439746
2087,17381.762267439746
2088,17381.762267439746
2089,17381.762267439746
2090,17381.762267439746
2091,17381.762267439746
2092,17381.762267439746
2093,17381.762267439746
2094,17381.762267439746
2095,17381.762267439746
2096,17381.762267439746
2097,17381.762267439746
2098,17381.762267439746
2099,17381.762267439746
2100,17381.762267439746
2101,17381.762267439746
2102,17381.762267439746
2103,17381.762267439746
2104,17381.762267439746
2105,17381.762267439746
2106,17381.762267439746
2107,17381.762267439746
2108,17381.762267439746
2109,17381.762267439746
2110,17381.762267439746
2111,17381.762267439746
2112,17381.762267439746
2113,17381.762267439746
2114,17381.762267439746
2115,17381.762267439746
2116,17381.762267439746
2117,17381.762267439746
2118,17381.762267439746
2119,17381.762267439746
2120,17381.762267439746
2121,17381.762267439746
2122,17381.762267439746
2123,17381.762267439746
2124,17381.762267439746
2125,17381.762267439746
2126,17381.762267439746
2127,17381.762267439746
2128,17381.762267439746
2129,17381.762267439746
2130,17381.762267439746
2131,17381.762267439746
2132,17381.762267439746
2133,17381.762267439746
2134,17381.762267439746
2135,17381.762267439746
2136,17381.762267439746
2137,17381.762267439746
2138,17381.762267439746
2139,17381.762267439746
2140,17381.762267439746
2141,17381.762267439746
2142,17381.762267439746
2143,17381.762267439746
2144,17381.762267439746
2145,17381.762267439746
2146,17381.762267439746
2147,17381.762267439746
2148,17381.762267439746
2149,17381.762267439746
2150,17381.762267439746
2151,17381.762267439746
2152,17381.762267439746
2153,17381.762267439746
2154,17381.762267439746
2155,17381.762267439746
2156,17381.762267439746
2157,17381.762267439746
2158,17381.762267439746
2159,17381.762267439746
2160,17381.762267439746
2161,17381.762267439746
2162,17381.762267439746
2163,17381.762267439746
2164,17381.762267439746
2165,17381.762267439746
2166,17381.762267439746
2167,17381.762267439746
2168,17381.762267439746
2169,17381.762267439746
2170,17381.762267439746
2171,17381.762267439746
2172,17381.762267439746
2173,17381.762267439746
2174,17381.762267439746
2175,17381.762267439746
2176,17381.762267439746
2177,17381.762267439746
2178,17381.762267439746
2179,17381.762267439746
2180,17381.762267439746
2181,17381.762267439746
2182,17381.762267439746
2183,17381.762267439746
2184,17381.762267439746
2185,17381.762267439746
2186,17381.762267439746
2187,17381.762267439746
2188,17381.762267439746
2189,17381.762267439746
2190,16957.140037473724
2191,16957.140037473724
2192,16957.140037473724
2193,16957.140037473702
2194,16957.140037473702
2195,16957.140037473702
2196,16957.140037473702
2197,16957.140037473702
2198,16957.140037473702
2199,16957.140037473702
2200,16647.165355512723
2201,16647.165355512723
2202,16647.165355512723
2203,16647.165355512723
2204,16647.165355512723
2205,16647.165355512723
2206,16647.165355512723
2207,16647.165355512723
2208,16647.165355512723
2209,16647.165355512723
2210,16647.165355512723
2211,16647.165355512723
2212,16647.165355512723
2213,16647.165355512723
2214,16647.165355512723
2215,16647.165355512723
2216,16647.165355512723
2217,16647.165355512723
2218,16647.165355512723
2219,16647.165355512723
2220,16647.165355512723
2221,16647.165355512723
2222,16647.165355512723
2223,16647.165355512723
2224,16647.165355512723
2225,16647.165355512723
2226,16647.165355512723
2227,16647.165355512723
2228,16647.1653555127
2229,16647.1653555127
2230,16647.1653555127
2231,16647.1653555127
2232,16647.1653555127
2233,16647.1653555127
2234,16647.1653555127
2235,16647.1653555127
2236,16647.1653555127
2237,16647.1653555127
2238,16647.1653555127
2239,16647.1653555127
2240,16647.1653555127
2241,16647.1653555127
2242,16436.209856735313
2243,16436.209856735313
2244,16436.209856735313
2245,16436.209856735313
2246,16436.209856735313
2247,16436.209856735313
2248,16436.209856735313
2249,16436.209856735313
2250,16436.209856735313
2251,16436.209856735313
2252,16436.209856735313
2253,16436.209856735313
2254,16436.209856735313
2255,16436.209856735313
2256,16436.209856735313
2257,16436.209856735313
2258,16436.209856735313
2259,16436.209856735313
2260,16436.209856735313
2261,16436.209856735313
2262,16436.209856735313
2263,16436.209856735313
2264,16436.209856735313
2265,16436.209856735313
2266,16436.209856735313
2267,16436.209856735313
2268,16436.209856735313
2269,16436.209856735313
2270,16436.209856735313
2271,16436.209856735313
2272,16436.209856735313
2273,16436.209856735313
2274,16436.209856735313
2275,16436.209856735313
2276,16436.209856735313
2277,16436.209856735313
2278,16436.209856735313
2279,16436.209856735313
2280,16436.209856735313
2281,16436.209856735313
2282,16436.209856735313
2283,16436.209856735313
2284,16436.209856735313
2285,16436.209856735313
2286,16436.209856735313
2287,16436.209856735313
2288,16436.209856735313
2289,16436.209856735313
2290,16436.209856735313
2291,16436.209856735313
2292,16436.209856735313
2293,16436.209856735313
2294,16436.20985673529
2295,16436.20985673529
2296,16436.20985673529
2297,16436.20985673529
2298,16436.20985673529
2299,16436.20985673529
2300,16436.20985673529
2301,16436.20985673529
2302,16436.20985673529
2303,16436.20985673529
2304,16436.20985673529
2305,16436.20985673529
2306,16436.20985673529
2307,16436.20985673529
2308,16436.20985673529
2309,16436.20985673529
2310,16436.20985673529
2311,16436.20985673529
2312,16436.20985673529
2313,16436.20985673529
2314,16436.20985673529
2315,16436.20985673529
2316,16436.20985673529
2317,16436.20985673529
2318,16436.20985673529
2319,16436.20985673529
2320,16436.20985673529
2321,16436.20985673529
2322,16436.20985673529
2323,16436.20985673529
2324,16436.20985673529
2325,16436.20985673529
2326,16436.20985673529
2327,16436.20985673529
2328,16436.20985673529
2329,16436.20985673529
2330,16436.20985673529
2331,16436.20985673529
2332,16436.20985673529
2333,16436.20985673529
2334,16436.20985673529
2335,16436.20985673529
2336,16436.20985673529
2337,16436.20985673529
2338,16436.20985673529
2339,16436.20985673529
2340,16436.20985673529
2341,16436.20985673529
2342,16436.20985673529
2343,16436.20985673529
2344,16436.20985673529
2345,16436.20985673529
2346,16436.20985673529
2347,16436.20985673529
2348,16436.20985673529
2349,16436.20985673529
2350,16436.20985673529
2351,16436.20985673529
2352,16436.20985673529
2353,16436.20985673529
2354,16436.20985673529
2355,16436.20985673529
2356,16436.20985673529
2357,16436.20985673529
2358,16436.20985673529
2359,16436.20985673529
2360,16436.20985673529
2361,16436.209856735266
2362,16282.833924775912
2363,16282.833924775912
2364,16282.833924775912
2365,16282.833924775912
2366,16282.833924775912
2367,16282.833924775912
2368,16282.833924775912
2369,16282.833924775912
2370,16282.833924775912
2371,16282.833924775912
2372,16282.833924775912
2373,16282.833924775912
2374,16282.833924775912
2375,16282.833924775912
2376,16282.833924775912
2377,16282.833924775912
2378,16282.833924775912
2379,16282.833924775912
2380,16282.833924775912
2381,16282.833924775912
2382,16282.833924775912
2383,16282.833924775912
2384,16282.833924775912
2385,16282.833924775912
2386,16282.833924775912
2387,16282.833924775912
2388,16282.833924775912
2389,16282.833924775912
2390,16282.833924775912
2391,16282.833924775912
2392,16282.833924775912
2393,16282.833924775912
2394,16282.833924775912
2395,16282.833924775912
2396,16282.833924775912
2397,16282.833924775912
2398,16282.833924775912
2399,16282.833924775912
2400,16282.833924775912
2401,16282.833924775912
2402,16282.833924775912
2403,16282.833924775912
2404,16282.833924775912
2405,16282.833924775912
2406,16282.833924775912
2407,16282.833924775912
2408,16282.833924775912
2409,16282.833924775912
2410,16282.833924775912
2411,16282.833924775912
2412,16282.833924775912
2413,16282.833924775912
2414,16282.833924775912
2415,16282.833924775912
2416,16282.833924775912
2417,16282.833924775912
2418,16282.833924775912
2419,16282.833924775912
2420,16282.833924775912
2421,16282.833924775912
2422,16282.833924775912
2423,16282.833924775912
2424,16282.833924775912
2425,16282.833924775912
2426,16282.833924775912
2427,16282.833924775912
2428,16282.833924775912
2429,16282.833924775912
2430,16282.833924775912
2431,16282.833924775912
2432,16282.833924775912
2433,16282.833924775912
2434,16282.833924775912
2435,16282.833924775912
2436,16282.833924775912
2437,16282.833924775912
2438,16282.833924775912
2439,16282.833924775912
2440,16282.833924775912
2441,16282.833924775912
2442,16282.833924775912
2443,16282.833924775912
2444,15713.639060525582
2445,15713.639060525582
2446,15713.639060525582
2447,15713.639060525582
2448,15713.639060525582
2449,15713.639060525582
2450,15713.639060525582
2451,15713.639060525582
2452,15713.639060525582
2453,15713.639060525582
2454,15713.639060525582
2455,15713.639060525582
2456,15713.639060525582
2457,15713.639060525582
2458,15713.639060525582
2459,15713.639060525582
2460,15713.639060525582
2461,15713.639060525582
2462,15713.639060525582
2463,15713.639060525582
2464,15713.639060525582
2465,15713.639060525582
2466,15713.639060525582
2467,15713.639060525582
2468,15713.639060525582
2469,15713.639060525582
2470,15713.639060525582
2471,15713.639060525582
2472,15713.639060525582
2473,15713.639060525582
2474,15713.639060525582
2475,15713.639060525582
2476,15713.639060525582
2477,15713.639060525582
2478,15713.639060525582
2479,15713.639060525582
2480,15713.639060525582
2481,15713.639060525582
2482,15713.639060525582
2483,15713.639060525582
2484,15713.639060525582
2485,15713.639060525582
2486,15713.639060525582
2487,15713.639060525582
2488,15713.639060525582
2489,15713.639060525582
2490,15713.639060525582
2491,15713.639060525582
2492,15713.639060525582
2493,15646.694971971085
2494,15646.694971971085
2495,15646.694971971085
2496,15646.694971971085
2497,15646.694971971085
2498,15646.694971971085
2499,15646.694971971085
