iteracion,valor_coste
0,1263446.934641596
1,1263446.934641596
2,1263446.934641596
3,1263446.934641596
4,1263446.934641596
5,1263446.934641596
6,1036222.0443292682
7,1036222.0443292682
8,1036222.0443292682
9,1036222.0443292682
10,1036222.0443292682
11,1036222.0443292682
12,1036222.0443292682
13,1036222.0443292682
14,1036222.0443292682
15,1036222.0443292682
16,1036222.0443292682
17,1036222.0443292682
18,1036222.0443292682
19,1036222.0443292682
20,1036222.0443292682
21,1036222.0443292682
22,1036222.0443292682
23,1036222.0443292682
24,1036222.0443292682
25,1036222.0443292682
26,1036222.0443292682
27,1036222.0443292682
28,1036222.0443292682
29,1036222.0443292682
30,983486.4613146911
31,983486.4613146911
32,983486.4613146911
33,971823.0883670707
34,971823.0883670707
35,971823.0883670707
36,928783.6099023062
37,928783.6099023062
38,928783.6099023062
39,928783.6099023062
40,928783.6099023062
41,928783.6099023062
42,928783.6099023062
43,928783.6099023062
44,928783.6099023062
45,915600.436739415
46,915600.436739415
47,915600.436739415
48,915600.436739415
49,915600.436739415
50,915600.436739415
51,915600.436739415
52,915600.436739415
53,915600.436739415
54,907234.9046660138
55,907234.9046660136
56,907234.9046660136
57,907234.9046660136
58,907234.9046660136
59,907234.9046660136
60,907234.9046660136
61,907234.9046660136
62,907234.9046660136
63,864491.3930566459
64,852592.8606713399
65,852592.8606713399
66,852592.8606713399
67,852592.8606713399
68,852592.8606713399
69,852592.8606713399
70,852592.8606713399
71,852592.8606713399
72,852592.8606713399
73,852592.8606713399
74,852592.8606713397
75,852592.8606713397
76,852592.8606713397
77,852592.8606713394
78,852592.8606713394
79,852592.8606713394
80,852592.8606713394
81,852592.8606713394
82,818580.4150720608
83,818580.4150720608
84,818580.4150720608
85,799708.5401504511
86,799708.5401504511
87,792102.3517747012
88,792102.3517747012
89,792102.3517747012
90,792102.3517747012
91,792102.3517747012
92,792102.3517747012
93,792102.3517747012
94,792102.3517747012
95,792102.3517747012
96,724149.1220194697
97,724149.1220194697
98,724149.1220194697
99,724149.1220194697
100,724149.1220194697
101,724149.1220194697
102,724149.1220194697
103,724149.1220194697
104,724149.1220194697
105,724149.1220194697
106,724149.1220194697
107,724149.1220194697
108,724149.1220194697
109,724149.1220194697
110,724149.1220194697
111,724149.1220194697
112,724149.1220194697
113,724149.1220194697
114,724149.1220194697
115,724149.1220194697
116,724149.1220194697
117,724149.1220194697
118,724149.1220194697
119,690893.8554048771
120,690893.8554048771
121,690893.8554048771
122,690893.8554048771
123,690893.8554048771
124,690893.8554048771
125,690893.8554048771
126,626416.4492090816
127,626416.4492090816
128,626416.4492090816
129,626416.4492090816
130,626416.4492090816
131,626416.4492090816
132,626416.4492090816
133,626416.4492090816
134,626416.4492090816
135,626416.4492090816
136,626416.4492090816
137,626416.4492090816
138,626416.4492090816
139,626416.4492090816
140,552418.2949232521
141,552418.2949232521
142,552418.2949232521
143,552418.2949232521
144,552418.2949232521
145,549929.3030335543
146,549929.3030335543
147,549929.3030335543
148,549929.3030335543
149,549929.3030335543
150,549929.3030335543
151,549929.3030335543
152,549929.3030335543
153,549929.3030335543
154,549929.3030335543
155,549929.3030335543
156,549929.3030335543
157,549929.3030335543
158,549929.3030335543
159,549929.3030335543
160,549929.3030335543
161,549929.3030335543
162,549929.3030335543
163,549929.3030335543
164,549929.3030335543
165,549929.3030335543
166,549929.3030335543
167,549929.3030335543
168,549929.3030335543
169,549929.3030335543
170,549929.3030335543
171,549929.3030335543
172,549929.3030335543
173,549929.3030335543
174,549929.3030335543
175,549929.3030335543
176,549929.3030335543
177,549929.3030335543
178,549929.3030335543
179,549929.3030335543
180,549929.3030335543
181,549929.3030335543
182,549929.3030335543
183,547720.338228315
184,547720.338228315
185,547720.338228315
186,547720.338228315
187,547720.338228315
188,547720.338228315
189,547720.338228315
190,547720.338228315
191,547720.338228315
192,547720.3382283148
193,547720.3382283148
194,547720.3382283148
195,547720.3382283148
196,547720.3382283148
197,547720.3382283148
198,547720.3382283148
199,547720.3382283148
200,547720.3382283148
201,547720.3382283148
202,547720.3382283148
203,547720.3382283148
204,547720.3382283148
205,547720.3382283148
206,547720.3382283148
207,547720.3382283148
208,519830.1503645794
209,519830.1503645794
210,519830.1503645794
211,519830.1503645794
212,519830.1503645794
213,519830.1503645794
214,519830.1503645794
215,519830.1503645794
216,519830.1503645794
217,519830.1503645794
218,519830.1503645794
219,519830.1503645794
220,519830.1503645794
221,519830.1503645794
222,519830.1503645794
223,519830.1503645794
224,519830.1503645794
225,519830.1503645794
226,516905.7850391794
227,516905.7850391794
228,516905.7850391794
229,516905.7850391794
230,516905.7850391794
231,516905.7850391794
232,516905.7850391794
233,516905.7850391794
234,516905.7850391794
235,516905.7850391794
236,516905.7850391794
237,516905.7850391794
238,516905.7850391794
239,516905.7850391794
240,516905.7850391794
241,516905.7850391794
242,516905.7850391794
243,516905.7850391794
244,516905.7850391794
245,516905.7850391794
246,516905.7850391794
247,516905.7850391794
248,516905.7850391794
249,516905.7850391794
250,516905.7850391794
251,516905.7850391794
252,516905.7850391794
253,516905.7850391794
254,516905.7850391794
255,516905.7850391794
256,516905.7850391794
257,516905.7850391794
258,516905.7850391794
259,516905.7850391794
260,516905.7850391794
261,516905.7850391794
262,516905.7850391794
263,516905.7850391794
264,516905.7850391794
265,516905.7850391794
266,516905.7850391794
267,516905.7850391794
268,516905.7850391794
269,516905.7850391794
270,516905.7850391794
271,516905.7850391794
272,516905.7850391794
273,516905.7850391794
274,516905.7850391794
275,516905.7850391794
276,516905.7850391794
277,516905.7850391794
278,516905.7850391794
279,516905.7850391794
280,516905.7850391794
281,516905.7850391794
282,516905.7850391794
283,516905.7850391794
284,516905.7850391794
285,516905.7850391794
286,516905.7850391794
287,516905.7850391794
288,433638.73903740296
289,433638.73903740296
290,433638.73903740296
291,433638.73903740296
292,433638.73903740296
293,433638.73903740296
294,433638.73903740296
295,433638.73903740296
296,433638.73903740296
297,433638.73903740296
298,433638.73903740296
299,433638.73903740296
300,433638.73903740296
301,433638.73903740296
302,433638.73903740296
303,433638.73903740296
304,433638.73903740296
305,433638.73903740296
306,433638.73903740296
307,433638.73903740296
308,433638.73903740296
309,433638.73903740296
310,433638.73903740296
311,433638.73903740296
312,433638.73903740296
313,433638.73903740296
314,433638.73903740296
315,433638.73903740296
316,433638.73903740296
317,433638.73903740296
318,433638.73903740296
319,433638.7390374026
320,433638.7390374026
321,433638.7390374026
322,433638.7390374026
323,433638.7390374026
324,433638.7390374026
325,433638.7390374026
326,433638.7390374026
327,433638.7390374026
328,433638.7390374026
329,433638.7390374026
330,407559.23219358467
331,407559.23219358467
332,407559.23219358467
333,407559.23219358467
334,407559.23219358467
335,407559.23219358415
336,407559.23219358415
337,407559.23219358415
338,407559.23219358415
339,407559.23219358415
340,407559.23219358415
341,407559.23219358415
342,407559.23219358415
343,407559.23219358415
344,407559.23219358415
345,407559.23219358415
346,407559.23219358415
347,407559.23219358415
348,407559.23219358415
349,407559.23219358415
350,407559.23219358415
351,407559.23219358415
352,407559.23219358415
353,407559.23219358415
354,407559.23219358415
355,407559.23219358415
356,407559.23219358415
357,407559.23219358415
358,407559.23219358415
359,407559.23219358415
360,407559.23219358415
361,407559.23219358415
362,407559.23219358415
363,407559.23219358415
364,407559.23219358415
365,407559.23219358415
366,407559.23219358415
367,407559.23219358415
368,407559.23219358415
369,407559.23219358415
370,407559.23219358415
371,407559.23219358415
372,407559.23219358415
373,407559.23219358415
374,407559.23219358415
375,407559.23219358415
376,399441.81632575486
377,377796.7522486944
378,377796.7522486944
379,377796.7522486944
380,377796.7522486944
381,377796.7522486944
382,377796.7522486944
383,377796.7522486944
384,377796.7522486944
385,377796.7522486939
386,377796.7522486939
387,333384.022325287
388,333384.022325287
389,333384.022325287
390,333384.022325287
391,333384.022325287
392,333049.38434935437
393,333049.38434935437
394,333049.38434935437
395,333049.38434935437
396,333049.38434935437
397,333049.38434935437
398,285037.94924460386
399,285037.94924460386
400,285037.94924460386
401,285037.94924460386
402,285037.94924460386
403,285037.94924460386
404,285037.94924460386
405,285037.94924460363
406,285037.94924460363
407,285037.94924460363
408,285037.94924460363
409,285037.94924460363
410,285037.94924460363
411,285037.94924460363
412,285037.94924460363
413,285037.94924460363
414,285037.94924460363
415,285037.94924460363
416,285037.94924460363
417,285037.94924460363
418,285037.94924460363
419,219271.5715895591
420,219271.5715895591
421,219271.5715895591
422,219271.5715895591
423,219271.5715895591
424,219271.5715895591
425,219271.5715895591
426,219271.5715895591
427,219271.5715895591
428,219271.5715895591
429,219271.5715895591
430,219271.5715895591
431,219271.5715895591
432,219271.5715895591
433,219271.5715895591
434,219271.5715895591
435,219271.5715895591
436,219271.5715895591
437,219271.5715895591
438,219271.5715895591
439,219271.5715895591
440,219271.5715895591
441,219271.5715895591
442,219271.5715895591
443,219271.5715895591
444,219271.5715895591
445,219271.5715895591
446,219271.5715895591
447,219271.5715895591
448,219271.5715895591
449,219271.5715895591
450,219271.5715895591
451,219271.5715895591
452,219271.5715895591
453,219271.5715895591
454,219271.5715895591
455,219271.5715895591
456,219271.5715895591
457,219271.5715895591
458,219271.5715895591
459,219271.5715895591
460,219271.5715895591
461,219271.5715895591
462,219271.5715895591
463,219271.5715895591
464,219271.5715895591
465,219271.5715895591
466,219271.5715895591
467,219271.5715895591
468,219271.5715895591
469,219271.5715895591
470,219271.5715895591
471,219271.5715895591
472,219271.5715895591
473,219271.5715895591
474,219271.5715895591
475,219271.5715895591
476,219271.5715895591
477,219271.5715895591
478,219271.5715895591
479,219271.5715895591
480,219271.5715895591
481,219271.5715895591
482,219271.5715895591
483,219271.5715895591
484,219271.5715895591
485,219271.5715895591
486,219271.5715895591
487,219271.5715895591
488,219271.5715895591
489,214719.90597013562
490,214719.90597013562
491,214719.90597013562
492,214719.90597013562
493,214719.90597013562
494,214719.90597013562
495,214719.90597013562
496,214719.90597013562
497,214719.90597013562
498,214719.90597013562
499,214719.90597013562
500,214719.90597013562
501,214719.90597013562
502,214719.90597013562
503,213518.754942337
504,213518.754942337
505,213518.754942337
506,213518.754942337
507,213518.754942337
508,213518.754942337
509,213518.754942337
510,213518.754942337
511,213518.754942337
512,213518.754942337
513,213518.754942337
514,213518.754942337
515,213518.754942337
516,213518.754942337
517,213518.754942337
518,213518.754942337
519,213518.754942337
520,213518.754942337
521,202462.5543237673
522,202462.5543237673
523,202462.5543237673
524,202462.5543237673
525,202462.5543237673
526,202462.5543237673
527,202462.5543237673
528,202462.5543237673
529,202462.5543237673
530,202462.5543237673
531,202462.5543237673
532,202462.5543237673
533,202462.5543237673
534,202462.5543237673
535,202462.5543237673
536,202462.5543237673
537,202462.5543237673
538,202462.5543237673
539,202462.5543237673
540,202462.5543237673
541,202462.5543237673
542,202462.5543237673
543,202462.5543237673
544,202462.5543237673
545,202462.5543237673
546,202462.5543237673
547,202462.5543237673
548,202462.5543237673
549,202462.5543237673
550,202462.5543237673
551,202462.5543237673
552,202462.5543237673
553,202462.5543237673
554,202462.5543237673
555,202462.5543237673
556,202462.5543237673
557,202462.5543237673
558,202462.5543237673
559,202462.5543237673
560,202462.5543237673
561,202462.5543237673
562,202462.5543237673
563,202462.5543237673
564,202462.5543237673
565,202462.5543237673
566,202462.5543237673
567,202462.5543237673
568,202462.5543237673
569,202462.5543237673
570,202462.5543237673
571,202462.5543237673
572,202462.5543237673
573,202462.5543237673
574,202462.5543237673
575,202462.5543237673
576,202462.5543237673
577,202462.5543237673
578,202462.5543237673
579,202462.5543237673
580,202462.5543237673
581,202462.5543237673
582,202462.5543237673
583,202462.5543237673
584,202462.5543237673
585,202462.5543237673
586,202462.5543237673
587,202462.5543237673
588,202462.5543237673
589,202462.5543237673
590,202462.5543237673
591,202462.5543237673
592,202462.5543237673
593,202462.5543237673
594,202462.5543237673
595,194246.50835087692
596,194246.50835087692
597,194246.50835087692
598,194246.50835087692
599,194246.50835087692
600,194246.50835087692
601,194246.50835087692
602,194246.50835087692
603,194246.50835087692
604,194246.50835087692
605,194246.50835087674
606,194246.5083508767
607,194246.5083508767
608,194246.5083508767
609,194246.5083508767
610,194246.5083508767
611,194246.5083508767
612,194246.5083508767
613,194246.5083508767
614,194246.5083508767
615,194246.5083508767
616,194246.5083508767
617,194246.5083508767
618,194246.5083508767
619,194246.5083508767
620,191046.31315159638
621,191046.31315159638
622,191046.31315159638
623,191046.31315159638
624,191046.31315159638
625,191046.31315159638
626,191046.31315159638
627,191046.31315159638
628,191046.31315159638
629,191046.31315159638
630,191046.31315159638
631,191046.31315159638
632,191046.31315159638
633,186439.10843725697
634,186439.10843725697
635,186439.10843725697
636,186439.10843725692
637,186439.10843725692
638,186439.10843725692
639,186439.10843725692
640,186439.10843725692
641,186439.10843725692
642,186439.10843725692
643,186439.10843725692
644,186439.10843725692
645,186439.10843725692
646,186439.10843725692
647,186439.10843725692
648,180935.10578808782
649,180935.10578808782
650,180935.10578808782
651,180935.10578808782
652,180935.10578808782
653,180935.10578808782
654,180935.10578808782
655,180935.10578808782
656,180935.10578808782
657,180935.10578808782
658,180935.10578808782
659,180935.10578808782
660,180935.10578808782
661,180935.1057880876
662,180935.1057880876
663,180935.1057880876
664,180935.1057880876
665,180935.1057880876
666,177247.1271335941
667,177247.1271335941
668,177247.1271335941
669,177247.1271335941
670,177247.1271335941
671,177247.1271335941
672,177247.1271335941
673,177247.1271335941
674,177247.1271335941
675,177247.1271335941
676,177247.1271335941
677,177247.1271335941
678,177247.1271335941
679,177247.1271335941
680,177247.1271335941
681,177247.1271335941
682,177247.1271335941
683,177247.1271335941
684,177247.1271335941
685,177247.1271335941
686,177247.1271335941
687,177247.1271335941
688,177247.1271335941
689,177247.1271335941
690,177247.1271335941
691,177247.1271335941
692,177247.1271335941
693,165750.9404206251
694,165750.9404206251
695,165750.9404206251
696,165750.9404206251
697,165750.9404206251
698,165750.9404206251
699,165750.9404206251
700,165750.9404206251
701,165750.9404206251
702,165750.9404206251
703,165750.9404206251
704,165750.9404206251
705,165750.9404206251
706,165750.9404206251
707,165750.9404206251
708,165750.9404206251
709,165750.9404206251
710,165750.9404206251
711,165750.9404206251
712,165750.9404206251
713,165750.9404206251
714,165750.9404206251
715,165750.9404206251
716,165750.9404206251
717,165750.9404206251
718,165750.9404206251
719,165750.9404206251
720,165750.9404206251
721,165750.9404206251
722,165750.9404206251
723,165750.9404206251
724,165750.9404206251
725,165750.9404206251
726,165750.9404206251
727,165750.9404206251
728,165750.9404206251
729,165750.9404206251
730,165750.9404206251
731,165750.94042062503
732,165750.94042062503
733,165750.94042062503
734,165750.94042062503
735,165750.94042062503
736,165750.94042062503
737,165750.94042062503
738,165750.94042062503
739,165750.94042062503
740,165750.94042062503
741,165750.94042062503
742,165750.94042062503
743,165750.94042062503
744,165750.94042062503
745,165750.94042062503
746,165750.94042062503
747,165750.94042062503
748,165750.94042062503
749,165750.94042062503
750,165750.94042062503
751,165750.94042062503
752,165750.94042062503
753,165750.94042062503
754,165750.94042062503
755,165750.94042062503
756,165750.94042062503
757,165750.94042062503
758,165750.94042062503
759,165750.94042062503
760,165750.94042062503
761,165750.94042062503
762,165750.94042062503
763,165750.94042062503
764,165750.94042062503
765,165750.94042062503
766,165750.94042062503
767,165750.94042062495
768,165750.94042062495
769,165750.94042062495
770,165750.94042062495
771,165750.94042062495
772,165750.94042062495
773,165750.94042062495
774,165750.94042062495
775,165750.94042062495
776,165750.94042062495
777,165750.94042062495
778,165750.94042062495
779,165750.94042062495
780,165750.94042062495
781,165750.94042062495
782,165750.94042062495
783,165750.94042062495
784,165750.94042062495
785,165750.94042062495
786,165750.94042062495
787,165750.94042062495
788,165750.94042062477
789,165750.94042062477
790,165750.94042062477
791,165750.94042062477
792,165750.94042062477
793,165750.94042062477
794,165750.94042062477
795,165750.94042062477
796,165750.94042062477
797,165750.94042062477
798,156873.23964684198
799,156873.23964684198
800,156873.23964684198
801,156873.23964684198
802,156873.23964684198
803,156873.23964684198
804,156873.23964684198
805,156873.23964684198
806,156873.23964684198
807,156873.23964684198
808,156873.23964684198
809,156873.23964684198
810,156873.23964684198
811,156873.23964684198
812,156873.23964684198
813,156873.23964684198
814,156873.23964684198
815,156873.23964684198
816,156873.23964684198
817,156873.23964684198
818,156873.23964684198
819,156873.23964684198
820,156873.23964684198
821,156873.23964684198
822,156873.23964684198
823,156873.23964684198
824,156873.23964684198
825,156873.23964684198
826,156873.23964684198
827,156873.23964684186
828,156873.23964684186
829,156873.23964684186
830,156873.23964684186
831,144484.22097833722
832,144484.22097833722
833,144484.22097833722
834,144484.22097833722
835,144484.22097833722
836,144484.22097833722
837,144484.22097833722
838,144484.22097833722
839,144484.22097833722
840,144484.22097833722
841,144484.22097833722
842,144484.22097833722
843,144484.22097833722
844,144484.22097833722
845,144484.22097833722
846,144484.22097833722
847,144484.22097833722
848,144484.22097833722
849,144484.22097833722
850,144484.22097833722
851,144484.22097833722
852,137376.61337032338
853,137376.61337032338
854,137376.61337032338
855,137376.61337032338
856,137376.61337032338
857,137376.61337032332
858,137376.6133703233
859,137376.6133703233
860,137376.6133703233
861,137376.6133703233
862,137376.6133703233
863,137376.6133703233
864,137376.6133703233
865,137376.6133703233
866,137376.6133703233
867,137376.6133703233
868,137376.6133703233
869,137376.6133703233
870,137376.6133703233
871,137376.6133703233
872,137376.6133703233
873,137376.6133703233
874,137376.6133703233
875,137376.6133703233
876,137376.6133703233
877,137376.6133703233
878,137376.6133703233
879,137376.6133703233
880,137376.6133703233
881,137376.6133703233
882,137376.6133703233
883,137376.6133703233
884,137376.6133703233
885,137376.6133703233
886,137376.6133703233
887,137376.6133703233
888,137376.6133703233
889,137376.6133703233
890,137376.6133703233
891,137376.6133703233
892,137376.6133703233
893,137376.6133703233
894,137376.6133703233
895,137376.6133703233
896,137376.6133703233
897,137376.61337032323
898,137376.61337032323
899,137376.61337032323
900,137376.61337032323
901,137376.61337032323
902,137376.61337032323
903,137376.61337032323
904,137376.61337032323
905,137376.61337032323
906,137376.61337032323
907,137376.61337032323
908,137376.61337032323
909,137376.61337032323
910,137376.61337032323
911,137376.61337032323
912,137376.61337032323
913,137376.61337032323
914,137376.61337032323
915,137376.61337032323
916,137376.61337032323
917,137376.61337032323
918,137376.61337032323
919,137376.61337032323
920,137376.61337032323
921,137376.61337032323
922,137376.61337032323
923,137376.61337032323
924,137376.61337032323
925,137376.61337032323
926,137376.61337032323
927,137376.61337032323
928,137376.61337032323
929,137376.61337032323
930,137376.61337032323
931,137376.61337032323
932,137376.61337032323
933,137376.61337032323
934,137376.61337032323
935,137376.61337032323
936,137376.61337032323
937,137376.61337032323
938,137376.61337032323
939,137376.61337032323
940,137376.61337032323
941,137376.61337032323
942,137376.61337032323
943,137376.61337032323
944,137376.61337032323
945,137376.61337032323
946,137376.61337032323
947,137376.61337032323
948,137376.61337032323
949,137376.61337032323
950,135683.85377944264
951,135683.85377944264
952,135683.85377944264
953,135683.85377944264
954,135683.8537794426
955,135683.8537794426
956,135683.8537794426
957,135683.8537794426
958,135683.8537794426
959,135683.85377944258
960,135683.85377944258
961,135683.85377944258
962,135683.85377944258
963,135683.85377944252
964,135683.85377944252
965,135683.85377944252
966,130297.4346408959
967,130297.4346408959
968,130297.4346408959
969,130297.4346408959
970,130297.4346408959
971,130297.4346408959
972,130297.4346408959
973,130297.4346408959
974,130297.4346408959
975,130297.4346408959
976,130297.4346408959
977,130297.4346408959
978,130297.4346408959
979,130297.4346408959
980,130297.4346408959
981,130297.4346408959
982,130297.4346408959
983,130297.4346408959
984,130297.4346408959
985,130297.4346408959
986,130297.4346408959
987,130297.4346408959
988,130297.4346408959
989,130297.4346408959
990,130297.4346408959
991,130297.4346408959
992,130297.4346408959
993,130297.4346408959
994,130297.4346408959
995,130297.4346408959
996,130297.4346408959
997,130297.4346408959
998,130297.4346408959
999,130297.4346408959
1000,130297.4346408959
1001,130297.4346408959
1002,130297.4346408959
1003,130297.4346408959
1004,130297.4346408959
1005,130297.4346408959
1006,130297.4346408959
1007,130297.4346408959
1008,130297.4346408959
1009,130297.4346408959
1010,130297.4346408959
1011,130297.4346408959
1012,130297.4346408959
1013,130297.4346408959
1014,130297.4346408959
1015,130297.4346408959
1016,130297.4346408959
1017,129366.61557900478
1018,129366.61557900478
1019,129366.61557900478
1020,129366.61557900469
1021,129366.61557900469
1022,129366.61557900469
1023,129366.61557900469
1024,129366.61557900469
1025,129366.61557900469
1026,129366.61557900469
1027,129366.61557900469
1028,126524.44163116455
1029,126524.44163116455
1030,126524.44163116455
1031,126524.44163116455
1032,126524.44163116455
1033,126524.44163116455
1034,126524.44163116455
1035,126524.44163116455
1036,126524.44163116455
1037,126524.44163116455
1038,126524.44163116455
1039,126524.44163116455
1040,126524.44163116455
1041,126524.44163116455
1042,126524.44163116455
1043,126524.44163116455
1044,126524.44163116455
1045,126524.44163116455
1046,126524.44163116455
1047,126524.44163116455
1048,126524.44163116455
1049,126524.44163116455
1050,126524.44163116455
1051,126524.44163116455
1052,126524.44163116455
1053,126524.44163116455
1054,126524.44163116455
1055,126524.44163116455
1056,126524.44163116455
1057,126524.44163116455
1058,126524.44163116455
1059,126524.44163116455
1060,126524.44163116455
1061,126524.44163116455
1062,126524.44163116455
1063,126524.44163116455
1064,126524.44163116455
1065,126524.44163116455
1066,126524.44163116455
1067,126524.44163116455
1068,126524.44163116455
1069,126524.44163116455
1070,126524.44163116455
1071,126524.44163116455
1072,126524.44163116455
1073,126524.44163116455
1074,126524.44163116455
1075,126524.44163116455
1076,126524.44163116455
1077,126524.44163116455
1078,126524.44163116455
1079,126524.44163116455
1080,126524.44163116455
1081,126524.44163116455
1082,126524.44163116455
1083,126524.44163116455
1084,126524.44163116455
1085,126524.44163116455
1086,126524.44163116455
1087,126524.44163116455
1088,126524.44163116455
1089,126524.44163116455
1090,126524.44163116455
1091,126524.44163116455
1092,126524.44163116455
1093,126524.44163116455
1094,126524.44163116455
1095,126524.44163116455
1096,126524.44163116455
1097,126524.44163116455
1098,126524.44163116455
1099,126524.44163116455
1100,126524.44163116455
1101,126524.44163116455
1102,126524.44163116455
1103,126524.44163116455
1104,126524.44163116455
1105,126524.44163116455
1106,126524.44163116455
1107,126524.44163116455
1108,126524.44163116455
1109,126524.44163116455
1110,126524.44163116455
1111,126524.44163116455
1112,126524.44163116455
1113,126524.44163116455
1114,126524.44163116455
1115,126524.44163116455
1116,126524.44163116455
1117,126524.44163116455
1118,126524.44163116455
1119,126524.44163116455
1120,126524.44163116455
1121,126524.44163116455
1122,126524.44163116455
1123,126524.44163116455
1124,126524.44163116455
1125,126524.44163116455
1126,126524.44163116455
1127,126524.44163116455
1128,126524.44163116455
1129,126524.44163116455
1130,126524.44163116455
1131,126524.44163116455
1132,126524.44163116455
1133,126524.44163116455
1134,126524.44163116455
1135,126524.44163116455
1136,126524.44163116455
1137,126524.44163116455
1138,126524.44163116455
1139,126524.44163116455
1140,126524.44163116455
1141,126524.44163116455
1142,126524.44163116455
1143,126524.44163116455
1144,126524.44163116455
1145,126524.44163116455
1146,126524.44163116455
1147,126524.44163116455
1148,126524.44163116455
1149,126524.44163116455
1150,126524.44163116455
1151,126524.44163116455
1152,126524.44163116455
1153,126524.44163116455
1154,126524.44163116455
1155,126524.44163116455
1156,126524.44163116455
1157,126524.44163116455
1158,126524.44163116455
1159,126524.44163116455
1160,126524.44163116455
1161,126524.44163116455
1162,126524.44163116455
1163,126524.44163116455
1164,126524.44163116455
1165,126524.44163116455
1166,126524.44163116455
1167,126524.44163116455
1168,126524.44163116455
1169,126524.44163116455
1170,126524.44163116455
1171,126524.44163116455
1172,126524.44163116455
1173,126524.44163116455
1174,126524.44163116455
1175,126524.44163116455
1176,126524.44163116455
1177,126524.44163116455
1178,126524.44163116455
1179,126524.44163116455
1180,126524.44163116455
1181,124042.1107055292
1182,124042.1107055292
1183,124042.1107055292
1184,124042.1107055292
1185,124042.1107055292
1186,124042.1107055292
1187,124042.1107055292
1188,123334.9582830122
1189,123334.9582830122
1190,123334.9582830122
1191,123334.9582830122
1192,123334.9582830122
1193,123334.9582830122
1194,123334.9582830122
1195,123334.9582830122
1196,123334.9582830122
1197,123334.9582830122
1198,123334.9582830122
1199,123334.9582830122
1200,123334.9582830122
1201,123334.9582830122
1202,123334.9582830122
1203,123334.9582830122
1204,123334.9582830122
1205,123334.9582830122
1206,123334.9582830122
1207,123334.9582830122
1208,123334.9582830122
1209,123334.9582830122
1210,123334.95828301212
1211,123334.95828301212
1212,123334.95828301212
1213,123334.95828301212
1214,123334.95828301212
1215,123334.95828301212
1216,123334.95828301212
1217,123334.95828301212
1218,123334.95828301212
1219,123334.95828301212
1220,123334.95828301212
1221,123334.95828301212
1222,123334.95828301212
1223,123334.95828301212
1224,123334.95828301212
1225,123334.95828301212
1226,123334.95828301212
1227,123334.95828301212
1228,123334.95828301212
1229,123334.95828301212
1230,123334.95828301212
1231,123334.95828301212
1232,123334.95828301212
1233,123334.95828301212
1234,123334.95828301212
1235,123334.95828301212
1236,123334.95828301212
1237,123334.95828301212
1238,123334.95828301212
1239,123334.95828301212
1240,123334.95828301212
1241,123334.95828301212
1242,123334.95828301212
1243,123334.95828301212
1244,123334.95828301212
1245,123334.95828301212
1246,123334.95828301212
1247,123334.95828301212
1248,123334.95828301212
1249,123334.95828301212
1250,123334.95828301212
1251,123334.95828301212
1252,123334.95828301212
1253,123334.95828301212
1254,123334.95828301212
1255,123334.95828301212
1256,123334.95828301212
1257,123334.95828301212
1258,123334.95828301212
1259,123334.95828301212
1260,123334.95828301212
1261,123334.95828301212
1262,123334.95828301212
1263,123334.95828301212
1264,123334.95828301212
1265,123334.95828301212
1266,123334.95828301212
1267,123334.95828301212
1268,123334.95828301212
1269,123334.95828301212
1270,123334.95828301212
1271,123334.95828301212
1272,123334.95828301212
1273,123334.95828301212
1274,123334.95828301212
1275,123334.95828301212
1276,123334.95828301212
1277,123334.95828301212
1278,123334.95828301212
1279,123334.95828301212
1280,123334.95828301212
1281,123334.95828301212
1282,123334.95828301212
1283,123334.95828301212
1284,123334.95828301212
1285,123334.95828301212
1286,123334.95828301212
1287,123334.95828301212
1288,123334.95828301212
1289,123334.95828301212
1290,123334.95828301212
1291,123334.95828301212
1292,123334.95828301212
1293,123334.95828301212
1294,123334.95828301212
1295,123334.95828301212
1296,123334.95828301212
1297,123334.95828301212
1298,123334.95828301212
1299,123334.95828301212
1300,123334.95828301212
1301,123334.95828301212
1302,123334.95828301212
1303,123334.95828301212
1304,123334.95828301212
1305,123334.95828301212
1306,123334.95828301212
1307,123334.95828301212
1308,123334.95828301212
1309,123334.95828301212
1310,123334.95828301212
1311,123334.95828301212
1312,123334.95828301212
1313,123334.95828301212
1314,123334.9582830121
1315,123334.9582830121
1316,123334.9582830121
1317,123334.9582830121
1318,123334.9582830121
1319,123334.9582830121
1320,123334.9582830121
1321,123334.9582830121
1322,123334.9582830121
1323,103852.91145256301
1324,103852.91145256301
1325,103852.91145256301
1326,103852.91145256301
1327,103852.91145256301
1328,103852.91145256301
1329,103852.91145256301
1330,103852.91145256301
1331,103852.91145256301
1332,103852.91145256301
1333,103852.91145256301
1334,103852.91145256301
1335,103852.91145256301
1336,103852.91145256301
1337,103852.91145256301
1338,103852.91145256301
1339,103852.91145256301
1340,103852.91145256301
1341,103852.91145256301
1342,103852.91145256301
1343,103852.91145256301
1344,103852.91145256301
1345,103852.91145256301
1346,103852.91145256296
1347,103852.91145256296
1348,103852.91145256296
1349,103852.91145256296
1350,103852.91145256296
1351,103852.91145256296
1352,103852.91145256296
1353,103852.91145256296
1354,103852.91145256296
1355,103852.91145256296
1356,103852.91145256296
1357,103852.91145256296
1358,103852.91145256296
1359,103852.91145256296
1360,103852.91145256296
1361,103852.91145256296
1362,103852.91145256296
1363,103852.91145256296
1364,103852.91145256296
1365,103852.91145256296
1366,103852.91145256296
1367,103852.91145256296
1368,103852.91145256296
1369,103852.91145256296
1370,103852.91145256296
1371,103852.91145256296
1372,103852.91145256296
1373,103852.91145256296
1374,103852.91145256296
1375,103852.91145256296
1376,103852.91145256296
1377,103852.91145256296
1378,103852.91145256296
1379,103852.91145256296
1380,103852.91145256296
1381,103852.91145256296
1382,103852.91145256296
1383,103852.91145256296
1384,103852.91145256296
1385,103852.91145256296
1386,103852.91145256296
1387,103852.91145256296
1388,103852.91145256296
1389,103852.91145256296
1390,103852.91145256296
1391,103852.91145256296
1392,103852.91145256296
1393,103852.91145256296
1394,103852.91145256296
1395,103852.91145256296
1396,103852.91145256296
1397,103852.91145256296
1398,103852.91145256296
1399,103852.91145256296
1400,103852.91145256296
1401,103852.91145256296
1402,103852.91145256296
1403,103852.91145256296
1404,103852.91145256296
1405,103852.91145256296
1406,103852.91145256296
1407,103852.91145256296
1408,103852.91145256296
1409,103852.91145256296
1410,103852.91145256296
1411,103852.91145256296
1412,98436.82949958638
1413,98436.82949958638
1414,98436.82949958638
1415,98436.82949958638
1416,98436.82949958638
1417,98436.82949958638
1418,98436.82949958638
1419,98436.82949958638
1420,98436.82949958638
1421,98436.82949958638
1422,98436.82949958638
1423,98436.82949958638
1424,98436.82949958638
1425,98436.82949958638
1426,98436.82949958638
1427,98436.82949958638
1428,98436.82949958638
1429,98436.82949958638
1430,98436.82949958638
1431,98436.82949958638
1432,98436.82949958638
1433,98436.82949958638
1434,98436.82949958638
1435,98436.82949958638
1436,98436.82949958638
1437,98436.82949958637
1438,98436.82949958637
1439,98436.82949958637
1440,98436.82949958637
1441,98436.82949958637
1442,98436.82949958637
1443,98436.82949958637
1444,98436.82949958637
1445,98436.82949958637
1446,98436.82949958637
1447,98436.82949958637
1448,98436.82949958637
1449,98436.82949958637
1450,98436.82949958637
1451,98436.82949958637
1452,98436.82949958637
1453,98436.82949958637
1454,98436.82949958637
1455,98436.82949958637
1456,98436.82949958637
1457,98436.82949958637
1458,98436.82949958637
1459,98436.82949958637
1460,98436.82949958637
1461,98436.82949958637
1462,98436.82949958637
1463,98436.82949958637
1464,98436.82949958637
1465,98436.82949958637
1466,98436.82949958637
1467,98436.82949958637
1468,98436.82949958637
1469,98436.82949958637
1470,98436.82949958637
1471,98436.82949958637
1472,98436.82949958637
1473,98436.82949958637
1474,98436.82949958637
1475,98436.82949958637
1476,98436.82949958637
1477,98436.82949958637
1478,98436.82949958637
1479,98436.82949958637
1480,98436.82949958637
1481,98436.82949958637
1482,98436.82949958637
1483,98436.82949958637
1484,98436.82949958637
1485,98436.82949958637
1486,98436.82949958637
1487,98436.82949958637
1488,98436.82949958637
1489,98436.82949958637
1490,98436.82949958637
1491,98436.82949958637
1492,98436.82949958637
1493,98436.82949958637
1494,98436.82949958637
1495,98436.82949958637
1496,98436.82949958637
1497,98436.82949958637
1498,98436.82949958637
1499,98436.82949958637
1500,98436.82949958634
1501,98436.82949958634
1502,98436.82949958634
1503,98436.82949958634
1504,98436.82949958634
1505,98436.82949958634
1506,98436.82949958634
1507,98436.82949958634
1508,98436.82949958634
1509,98436.82949958634
1510,98436.82949958634
1511,98436.82949958634
1512,98436.82949958634
1513,98436.82949958634
1514,98436.82949958634
1515,98436.82949958634
1516,98436.82949958634
1517,98436.82949958634
1518,98436.82949958634
1519,98436.82949958634
1520,98436.82949958634
1521,98436.82949958634
1522,98436.82949958634
1523,98436.82949958634
1524,98436.82949958634
1525,96109.17477789427
1526,96109.17477789427
1527,96109.17477789427
1528,96109.17477789427
1529,96109.17477789427
1530,96109.17477789427
1531,96109.17477789427
1532,96109.17477789427
1533,96109.17477789427
1534,96109.17477789427
1535,96109.17477789427
1536,96109.17477789427
1537,96109.17477789427
1538,96109.17477789427
1539,96109.17477789427
1540,96109.17477789427
1541,96109.17477789427
1542,96109.17477789427
1543,96109.17477789427
1544,96109.17477789427
1545,96109.17477789427
1546,96109.17477789427
1547,96109.17477789427
1548,96109.17477789427
1549,96109.17477789427
1550,96109.17477789427
1551,96109.17477789427
1552,96109.17477789427
1553,96109.17477789427
1554,96109.17477789427
1555,96109.17477789427
1556,96109.17477789427
1557,96109.17477789427
1558,96109.17477789427
1559,96109.17477789427
1560,96109.17477789427
1561,96109.17477789427
1562,96109.17477789427
1563,96109.17477789427
1564,96109.17477789427
1565,96109.17477789427
1566,96109.17477789427
1567,96109.17477789427
1568,96109.17477789427
1569,96109.17477789427
1570,96109.17477789427
1571,96109.17477789427
1572,96109.17477789427
1573,96109.17477789427
1574,96109.17477789427
1575,96109.17477789427
1576,96109.17477789422
1577,96109.17477789422
1578,96109.17477789422
1579,96109.17477789422
1580,96109.17477789422
1581,96109.17477789422
1582,96109.17477789422
1583,96109.17477789422
1584,96109.17477789422
1585,96109.17477789422
1586,96109.17477789422
1587,96109.17477789422
1588,96109.17477789422
1589,96109.17477789422
1590,96109.17477789422
1591,96109.17477789422
1592,96109.17477789422
1593,96109.17477789422
1594,96109.17477789422
1595,96109.17477789422
1596,96109.17477789422
1597,96109.17477789422
1598,96109.17477789422
1599,96109.17477789422
1600,96109.17477789422
1601,96109.17477789422
1602,96109.17477789422
1603,96109.17477789422
1604,96109.17477789422
1605,96109.17477789422
1606,96109.17477789422
1607,96109.17477789422
1608,96109.17477789422
1609,96109.17477789422
1610,96109.17477789422
1611,96109.17477789422
1612,96109.17477789422
1613,96109.17477789422
1614,96109.17477789422
1615,96109.17477789422
1616,96109.17477789422
1617,96109.17477789422
1618,96109.17477789422
1619,96109.17477789422
1620,96109.17477789422
1621,96109.17477789422
1622,96109.17477789422
1623,96109.17477789422
1624,96109.17477789422
1625,96109.17477789422
1626,96109.17477789422
1627,96109.17477789422
1628,96109.17477789422
1629,96109.17477789422
1630,96109.17477789422
1631,96109.17477789422
1632,96109.17477789422
1633,96109.17477789422
1634,96109.17477789422
1635,96109.17477789422
1636,96109.17477789422
1637,96109.17477789422
1638,96109.17477789422
1639,96109.17477789422
1640,96109.17477789422
1641,96109.17477789422
1642,96109.17477789422
1643,96109.17477789422
1644,96109.17477789422
1645,96109.17477789422
1646,96109.17477789422
1647,96109.17477789422
1648,96109.17477789422
1649,96109.17477789422
1650,96109.17477789422
1651,96109.17477789422
1652,96109.17477789422
1653,96109.17477789422
1654,96109.17477789422
1655,96109.17477789422
1656,96109.17477789422
1657,96109.17477789422
1658,96109.17477789422
1659,96109.17477789422
1660,96109.17477789422
1661,96109.17477789422
1662,96109.17477789422
1663,96109.17477789422
1664,96109.17477789422
1665,96109.17477789422
1666,96109.17477789422
1667,96109.17477789422
1668,96109.17477789422
1669,96109.17477789422
1670,96109.17477789422
1671,96109.17477789422
1672,96109.17477789422
1673,96109.1747778942
1674,96109.1747778942
1675,96109.1747778942
1676,96109.1747778942
1677,96109.1747778942
1678,96109.1747778942
1679,96109.1747778942
1680,96109.1747778942
1681,96109.1747778942
1682,96109.1747778942
1683,96109.1747778942
1684,96109.1747778942
1685,96109.1747778942
1686,96109.1747778942
1687,96109.1747778942
1688,96109.1747778942
1689,96109.1747778942
1690,96109.1747778942
1691,96109.1747778942
1692,96109.1747778942
1693,96109.1747778942
1694,96109.1747778942
1695,96109.1747778942
1696,96109.1747778942
1697,96109.1747778942
1698,96109.1747778942
1699,96109.1747778942
1700,96109.1747778942
1701,96109.1747778942
1702,96109.1747778942
1703,96109.1747778942
1704,96109.1747778942
1705,96109.1747778942
1706,96109.1747778942
1707,96109.1747778942
1708,96109.1747778942
1709,96109.1747778942
1710,96109.1747778942
1711,96109.1747778942
1712,96109.1747778942
1713,96109.1747778942
1714,96109.1747778942
1715,96109.1747778942
1716,96109.1747778942
1717,96109.1747778942
1718,96109.1747778942
1719,96109.1747778942
1720,96109.1747778942
1721,96109.1747778942
1722,95267.9851439148
1723,95267.9851439148
1724,95267.9851439148
1725,95267.9851439148
1726,95267.9851439148
1727,95267.9851439148
1728,95267.9851439148
1729,95267.9851439148
1730,95267.98514391479
1731,95267.98514391479
1732,95267.98514391479
1733,95267.98514391479
1734,95267.98514391479
1735,95267.98514391479
1736,95267.98514391479
1737,95267.98514391479
1738,95267.98514391479
1739,95267.98514391479
1740,95267.98514391479
1741,95267.98514391479
1742,95267.98514391479
1743,95267.98514391479
1744,95267.98514391479
1745,95267.98514391479
1746,95267.98514391479
1747,95267.98514391479
1748,95267.98514391479
1749,95267.98514391479
1750,95267.98514391479
1751,95267.98514391479
1752,95267.98514391479
1753,95267.98514391479
1754,95267.98514391479
1755,95181.50059847688
1756,95181.50059847688
1757,95181.50059847688
1758,95181.50059847688
1759,95181.50059847688
1760,95181.50059847686
1761,95181.50059847686
1762,95181.50059847686
1763,95181.50059847686
1764,95181.50059847686
1765,95181.50059847686
1766,95181.50059847686
1767,95181.50059847686
1768,95181.50059847686
1769,95181.50059847686
1770,95181.50059847686
1771,95181.50059847686
1772,95181.50059847686
1773,95181.50059847686
1774,95181.50059847686
1775,95181.50059847686
1776,95181.50059847686
1777,95181.50059847686
1778,95181.50059847686
1779,95181.50059847686
1780,95181.50059847686
1781,95181.50059847686
1782,95181.50059847686
1783,95181.50059847686
1784,95181.50059847686
1785,95181.50059847686
1786,95181.50059847686
1787,95181.50059847686
1788,95181.50059847686
1789,95181.50059847686
1790,95181.50059847686
1791,95181.50059847686
1792,95181.50059847686
1793,95181.50059847686
1794,95181.50059847682
1795,95181.50059847682
1796,95181.50059847682
1797,95181.50059847682
1798,95181.50059847682
1799,95181.50059847682
1800,95181.50059847682
1801,95181.50059847682
1802,95181.50059847682
1803,95181.50059847682
1804,95181.50059847682
1805,95181.50059847682
1806,95181.50059847682
1807,95181.50059847682
1808,95181.50059847682
1809,95181.50059847682
1810,95181.50059847682
1811,95181.50059847682
1812,95181.50059847682
1813,95181.50059847682
1814,95181.50059847682
1815,95181.50059847682
1816,95181.50059847682
1817,95181.50059847682
1818,95181.50059847682
1819,95181.50059847682
1820,95181.50059847682
1821,95181.50059847682
1822,95181.50059847682
1823,95181.50059847682
1824,95181.50059847682
1825,95181.50059847682
1826,95181.50059847682
1827,95181.50059847682
1828,95181.50059847682
1829,95181.50059847682
1830,95181.50059847682
1831,95181.50059847682
1832,95181.50059847682
1833,95181.50059847682
1834,95181.50059847682
1835,95181.50059847682
1836,95181.50059847682
1837,95181.50059847682
1838,95181.50059847682
1839,95181.50059847682
1840,95181.50059847682
1841,95181.50059847682
1842,95181.50059847682
1843,95181.50059847682
1844,95181.50059847682
1845,95181.50059847682
1846,95181.50059847682
1847,95181.50059847682
1848,95181.50059847682
1849,95181.50059847682
1850,95181.50059847682
1851,95181.50059847682
1852,95181.50059847682
1853,95181.50059847682
1854,95181.50059847682
1855,95181.50059847682
1856,95181.50059847682
1857,95181.50059847682
1858,95181.50059847682
1859,95181.50059847682
1860,95181.50059847682
1861,95181.50059847682
1862,95181.50059847682
1863,95181.50059847682
1864,95181.50059847682
1865,95181.50059847682
1866,95181.50059847682
1867,95181.50059847682
1868,95181.50059847682
1869,95181.50059847682
1870,95181.50059847682
1871,95181.50059847682
1872,95181.50059847682
1873,95181.50059847682
1874,95181.50059847682
1875,95181.50059847682
1876,95181.50059847682
1877,95181.50059847682
1878,95181.50059847682
1879,95181.50059847682
1880,95181.50059847682
1881,95181.50059847682
1882,95181.50059847682
1883,95181.50059847682
1884,95181.50059847682
1885,95181.50059847682
1886,95181.50059847682
1887,95181.50059847682
1888,95181.50059847682
1889,95181.50059847682
1890,95181.50059847682
1891,95181.50059847682
1892,95181.50059847682
1893,95181.50059847682
1894,95181.50059847682
1895,95181.50059847682
1896,95181.50059847682
1897,95181.50059847682
1898,95181.50059847682
1899,95181.50059847682
1900,95181.50059847682
1901,95181.50059847682
1902,95181.50059847682
1903,95181.50059847682
1904,95181.50059847682
1905,95181.50059847682
1906,95181.50059847682
1907,95181.50059847682
1908,95181.50059847682
1909,95181.50059847682
1910,95181.50059847682
1911,95181.50059847682
1912,95181.50059847682
1913,95181.50059847682
1914,95181.50059847682
1915,95181.50059847682
1916,95181.50059847682
1917,95181.50059847682
1918,95181.50059847682
1919,95181.50059847682
1920,95181.50059847682
1921,95181.50059847682
1922,95181.50059847682
1923,95181.50059847682
1924,93253.17221051955
1925,93253.17221051955
1926,93253.17221051955
1927,93253.17221051955
1928,93253.17221051955
1929,93253.17221051955
1930,93253.17221051954
1931,93253.17221051954
1932,93253.17221051954
1933,93253.17221051954
1934,93253.17221051954
1935,93253.17221051954
1936,93253.17221051954
1937,93253.17221051954
1938,93253.17221051954
1939,93253.17221051954
1940,93253.17221051954
1941,93253.17221051954
1942,92678.98504408344
1943,92678.98504408344
1944,92678.98504408344
1945,92678.98504408344
1946,92678.98504408344
1947,92678.98504408344
1948,92678.98504408344
1949,92678.98504408341
1950,92678.98504408341
1951,90321.69302020092
1952,90321.69302020092
1953,90321.69302020092
1954,90321.69302020092
1955,90321.69302020091
1956,90321.69302020091
1957,90321.69302020091
1958,90321.69302020091
1959,90321.69302020091
1960,90321.6930202009
1961,90321.6930202009
1962,90321.6930202009
1963,90321.6930202009
1964,90321.6930202009
1965,90321.6930202009
1966,90321.6930202009
1967,90321.6930202009
1968,90321.6930202009
1969,90321.6930202009
1970,90321.6930202009
1971,90321.6930202009
1972,90321.6930202009
1973,90321.6930202009
1974,90321.6930202009
1975,90321.6930202009
1976,90321.6930202009
1977,90321.6930202009
1978,90321.69302020088
1979,90321.69302020088
1980,90321.69302020088
1981,90321.69302020088
1982,90321.69302020088
1983,90321.69302020088
1984,90321.69302020088
1985,90321.69302020088
1986,90321.69302020088
1987,90321.69302020088
1988,90321.69302020088
1989,90321.69302020088
1990,90321.69302020088
1991,90321.69302020088
1992,90321.69302020088
1993,90321.69302020088
1994,90321.69302020088
1995,90321.69302020088
1996,90321.69302020088
1997,90321.69302020088
1998,90321.69302020088
1999,90321.69302020088
2000,90321.69302020088
2001,83537.70612623982
2002,83537.70612623982
2003,83537.70612623982
2004,83537.70612623982
2005,83537.70612623982
2006,83537.70612623982
2007,83537.70612623982
2008,83537.70612623982
2009,83537.70612623982
2010,83537.70612623982
2011,83537.70612623982
2012,83537.70612623982
2013,83537.70612623982
2014,83537.70612623982
2015,83537.70612623982
2016,83537.70612623982
2017,83537.70612623982
2018,83537.70612623982
2019,83537.70612623982
2020,83537.70612623982
2021,83537.70612623982
2022,83537.70612623982
2023,83537.70612623982
2024,83537.70612623982
2025,83537.70612623982
2026,83537.70612623982
2027,83537.70612623982
2028,83537.70612623982
2029,83537.70612623982
2030,83537.70612623982
2031,83537.70612623982
2032,83537.70612623982
2033,83537.70612623982
2034,83537.70612623982
2035,83537.70612623982
2036,83537.70612623969
2037,83537.70612623969
2038,83537.70612623969
2039,83537.70612623969
2040,83537.70612623969
2041,83537.70612623969
2042,83537.70612623969
2043,83537.70612623969
2044,78263.74002277592
2045,78263.74002277592
2046,78263.74002277592
2047,78263.74002277592
2048,78263.74002277592
2049,78263.74002277592
2050,78263.74002277592
2051,78263.74002277592
2052,78263.74002277592
2053,78263.74002277592
2054,78263.74002277592
2055,78263.74002277592
2056,78263.74002277592
2057,78263.74002277592
2058,78263.74002277592
2059,78263.74002277592
2060,78263.74002277592
2061,78263.74002277592
2062,78263.74002277592
2063,78263.74002277592
2064,78263.74002277592
2065,78263.74002277592
2066,78263.74002277592
2067,78263.74002277592
2068,78263.74002277592
2069,78263.74002277592
2070,78263.74002277592
2071,78263.74002277592
2072,78263.74002277592
2073,78263.74002277592
2074,78263.74002277592
2075,78263.74002277592
2076,78263.74002277592
2077,78263.74002277592
2078,78263.74002277592
2079,78263.74002277592
2080,78263.74002277592
2081,78263.74002277592
2082,78263.74002277592
2083,78263.74002277592
2084,78263.74002277592
2085,78263.74002277592
2086,78263.74002277592
2087,78263.74002277592
2088,78263.74002277592
2089,78263.74002277592
2090,78263.74002277592
2091,78263.74002277592
2092,78263.74002277592
2093,78263.74002277592
2094,78263.74002277592
2095,78263.74002277592
2096,78263.74002277592
2097,78263.74002277592
2098,78263.74002277592
2099,78263.74002277592
2100,78263.74002277592
2101,78263.74002277592
2102,78263.74002277592
2103,78263.74002277592
2104,78263.74002277592
2105,78263.74002277592
2106,78263.74002277592
2107,78263.74002277592
2108,78263.74002277592
2109,78263.74002277592
2110,78263.74002277592
2111,78263.74002277592
2112,78263.74002277592
2113,78263.74002277592
2114,78263.74002277592
2115,78262.8464632772
2116,78262.8464632772
2117,78262.8464632772
2118,78262.8464632772
2119,78262.8464632772
2120,78262.8464632772
2121,78262.8464632772
2122,78262.8464632772
2123,78262.8464632772
2124,78262.8464632772
2125,78262.8464632772
2126,78262.8464632772
2127,78262.8464632772
2128,78262.84646327715
2129,78262.84646327715
2130,78262.84646327715
2131,78262.84646327715
2132,78262.84646327715
2133,78262.84646327715
2134,78262.84646327715
2135,78262.84646327715
2136,78262.84646327715
2137,78262.84646327715
2138,78262.84646327715
2139,78262.84646327715
2140,78262.84646327714
2141,78262.84646327714
2142,78262.84646327714
2143,78262.84646327714
2144,78262.84646327714
2145,78262.84646327714
2146,78262.84646327714
2147,78262.84646327714
2148,78262.84646327714
2149,78262.84646327714
2150,78262.84646327714
2151,78262.84646327714
2152,78262.84646327714
2153,78262.84646327714
2154,78262.84646327714
2155,78262.84646327714
2156,78262.84646327714
2157,78262.84646327714
2158,78262.84646327714
2159,78262.84646327714
2160,78262.84646327714
2161,78262.84646327714
2162,78262.84646327714
2163,78262.84646327714
2164,78262.84646327714
2165,78262.84646327709
2166,78262.84646327709
2167,78262.84646327709
2168,78262.84646327709
2169,78262.84646327709
2170,78262.84646327709
2171,78262.84646327709
2172,78262.84646327709
2173,78262.84646327709
2174,78262.84646327708
2175,78262.84646327708
2176,78262.84646327708
2177,78262.84646327708
2178,78262.84646327708
2179,78262.84646327708
2180,78262.84646327708
2181,78262.84646327708
2182,77237.7313534369
2183,77237.7313534369
2184,77237.7313534369
2185,77237.7313534369
2186,77237.7313534369
2187,77237.7313534369
2188,77237.7313534369
2189,77237.7313534369
2190,77237.7313534369
2191,77237.73135343689
2192,77237.73135343689
2193,77237.73135343689
2194,77237.73135343689
2195,77237.73135343689
2196,77237.73135343689
2197,77237.73135343689
2198,77237.73135343689
2199,77237.73135343689
2200,77237.73135343689
2201,77237.73135343689
2202,77237.73135343689
2203,77237.73135343689
2204,77237.73135343689
2205,77237.73135343689
2206,77237.73135343689
2207,77237.73135343689
2208,77237.73135343689
2209,77237.73135343689
2210,77237.73135343689
2211,77237.73135343689
2212,77237.73135343689
2213,77237.73135343689
2214,77237.73135343689
2215,77237.73135343689
2216,77237.73135343689
2217,77237.73135343689
2218,77237.73135343689
2219,77237.73135343689
2220,77237.73135343689
2221,77237.73135343689
2222,77237.73135343689
2223,77237.73135343689
2224,77237.73135343689
2225,77237.73135343689
2226,77237.73135343689
2227,77237.73135343689
2228,77237.73135343689
2229,77237.73135343689
2230,77237.73135343689
2231,77237.73135343689
2232,77237.73135343689
2233,77237.73135343689
2234,77237.73135343689
2235,77237.73135343689
2236,77237.73135343689
2237,77237.73135343689
2238,77237.73135343689
2239,77237.73135343689
2240,77237.73135343689
2241,77237.73135343689
2242,77237.73135343689
2243,77237.73135343689
2244,77237.73135343689
2245,77237.73135343689
2246,77237.73135343689
2247,77237.73135343689
2248,77237.73135343689
2249,77237.73135343689
2250,77237.73135343689
2251,77237.73135343689
2252,77237.73135343689
2253,77237.73135343689
2254,77237.73135343689
2255,77237.73135343689
2256,77237.73135343689
2257,77237.73135343689
2258,77237.73135343689
2259,77237.73135343689
2260,77237.73135343689
2261,77237.73135343689
2262,77237.73135343689
2263,77237.73135343689
2264,77237.73135343689
2265,77237.73135343689
2266,77237.73135343689
2267,77237.73135343689
2268,77237.73135343689
2269,77237.73135343689
2270,77237.73135343689
2271,77237.73135343689
2272,77237.73135343689
2273,77237.73135343689
2274,77237.73135343689
2275,77237.73135343689
2276,77237.73135343689
2277,77237.73135343689
2278,77237.73135343689
2279,77237.73135343689
2280,77237.73135343689
2281,77237.73135343689
2282,77237.73135343689
2283,77237.73135343689
2284,77237.73135343689
2285,77237.73135343689
2286,77237.73135343689
2287,77237.73135343689
2288,77237.73135343689
2289,77237.73135343689
2290,77237.73135343689
2291,77237.73135343689
2292,77237.73135343689
2293,77237.73135343689
2294,77237.73135343689
2295,77237.73135343689
2296,77237.73135343689
2297,77237.73135343689
2298,77237.73135343689
2299,77237.73135343689
2300,77237.73135343689
2301,77237.73135343689
2302,77237.73135343689
2303,77237.73135343689
2304,77237.73135343689
2305,77237.73135343689
2306,77237.73135343689
2307,77237.73135343689
2308,77237.73135343689
2309,75679.4743878903
2310,75679.4743878903
2311,75679.4743878903
2312,75679.4743878903
2313,75679.4743878903
2314,75679.4743878903
2315,75679.4743878903
2316,75679.4743878903
2317,75679.4743878903
2318,75679.4743878903
2319,75679.4743878903
2320,75679.4743878903
2321,73277.4218978161
2322,73277.4218978161
2323,73277.4218978161
2324,73277.4218978161
2325,73277.4218978161
2326,73277.4218978161
2327,73277.4218978161
2328,73277.4218978161
2329,73277.4218978161
2330,73277.4218978161
2331,73277.4218978161
2332,73277.4218978161
2333,73277.4218978161
2334,73277.4218978161
2335,73277.4218978161
2336,73277.4218978161
2337,73277.4218978161
2338,73277.4218978161
2339,73277.4218978161
2340,73277.4218978161
2341,73277.4218978161
2342,73277.4218978161
2343,73277.4218978161
2344,73277.4218978161
2345,73277.4218978161
2346,73277.4218978161
2347,73277.4218978161
2348,73277.4218978161
2349,73277.4218978161
2350,73277.4218978161
2351,73277.4218978161
2352,73277.4218978161
2353,73277.4218978161
2354,73277.4218978161
2355,73277.4218978161
2356,73277.4218978161
2357,73277.4218978161
2358,73277.4218978161
2359,73277.4218978161
2360,73277.4218978161
2361,73277.4218978161
2362,73277.4218978161
2363,73277.4218978161
2364,73277.4218978161
2365,73277.4218978161
2366,73277.4218978161
2367,73277.4218978161
2368,73277.4218978161
2369,73277.4218978161
2370,73277.4218978161
2371,73277.4218978161
2372,73277.4218978161
2373,73277.4218978161
2374,73277.4218978161
2375,73277.4218978161
2376,73277.4218978161
2377,73277.4218978161
2378,73277.4218978161
2379,73277.4218978161
2380,73277.4218978161
2381,73277.4218978161
2382,73277.4218978161
2383,73277.4218978161
2384,73277.4218978161
2385,73277.4218978161
2386,73277.4218978161
2387,73277.4218978161
2388,73277.4218978161
2389,73277.4218978161
2390,73277.4218978161
2391,73277.4218978161
2392,73277.4218978161
2393,73277.4218978161
2394,73277.4218978161
2395,73277.4218978161
2396,73277.4218978161
2397,73277.4218978161
2398,73277.4218978161
2399,73277.4218978161
2400,73277.4218978161
2401,73277.4218978161
2402,73277.4218978161
2403,73277.4218978161
2404,73277.4218978161
2405,73277.4218978161
2406,73277.4218978161
2407,73277.4218978161
2408,73277.4218978161
2409,73277.4218978161
2410,73277.4218978161
2411,73277.4218978161
2412,73277.4218978161
2413,73277.4218978161
2414,73277.4218978161
2415,73277.4218978161
2416,73277.4218978161
2417,73277.4218978161
2418,73277.4218978161
2419,73277.4218978161
2420,73277.4218978161
2421,73277.4218978161
2422,73277.4218978161
2423,73277.4218978161
2424,73277.4218978161
2425,73277.4218978161
2426,73277.4218978161
2427,73277.4218978161
2428,73277.4218978161
2429,73277.4218978161
2430,73277.4218978161
2431,73277.4218978161
2432,73277.4218978161
2433,73277.4218978161
2434,73277.4218978161
2435,73277.4218978161
2436,73277.4218978161
2437,73277.4218978161
2438,73277.4218978161
2439,73277.4218978161
2440,73277.4218978161
2441,73277.4218978161
2442,73277.4218978161
2443,73277.4218978161
2444,73277.4218978161
2445,73277.4218978161
2446,73277.4218978161
2447,73277.4218978161
2448,73277.4218978161
2449,73277.4218978161
2450,73277.4218978161
2451,73277.4218978161
2452,73277.4218978161
2453,73277.4218978161
2454,73277.4218978161
2455,73277.4218978161
2456,73277.4218978161
2457,73277.4218978161
2458,73277.4218978161
2459,73277.4218978161
2460,72967.24791672279
2461,72967.24791672279
2462,72967.24791672279
2463,72967.24791672279
2464,72967.24791672279
2465,72967.24791672279
2466,72967.24791672279
2467,72967.24791672279
2468,72967.24791672279
2469,72967.24791672279
2470,72967.24791672279
2471,72967.24791672279
2472,72967.24791672279
2473,72967.24791672279
2474,72967.24791672279
2475,72967.24791672279
2476,72967.24791672279
2477,72967.24791672276
2478,72967.24791672276
2479,72967.24791672276
2480,72967.24791672276
2481,72967.24791672276
2482,72967.24791672276
2483,72967.24791672276
2484,72967.24791672276
2485,72967.24791672276
2486,72967.24791672276
2487,72967.24791672276
2488,72967.24791672276
2489,72967.24791672276
2490,72967.24791672276
2491,72967.24791672276
2492,72967.24791672276
2493,72967.24791672276
2494,72967.24791672276
2495,72967.24791672276
2496,72967.24791672276
2497,72967.24791672276
2498,72967.24791672276
2499,72967.24791672276
