iteracion,valor_coste
0,795120.6809461889
1,783311.7765116971
2,689151.7103308082
3,583666.1048957838
4,583666.1048957838
5,583666.1048957838
6,583666.1048957838
7,583666.1048957838
8,583666.1048957838
9,583666.1048957838
10,583666.1048957838
11,583666.1048957838
12,583666.1048957838
13,583666.1048957838
14,583666.1048957838
15,503199.95212732814
16,503199.95212732814
17,503199.95212732814
18,503199.95212732814
19,503199.95212732814
20,488010.37989900936
21,488010.37989900936
22,488010.37989900913
23,488010.37989900913
24,488010.37989900913
25,488010.37989900913
26,488010.37989900913
27,488010.37989900913
28,488010.37989900913
29,488010.37989900913
30,471389.0928210208
31,471389.0928210208
32,471389.0928210208
33,471389.0928210208
34,471389.0928210208
35,471389.0928210208
36,449093.09627280425
37,449093.09627280425
38,449093.09627280413
39,449093.09627280413
40,449093.09627280413
41,449093.09627280413
42,449093.09627280413
43,449093.09627280413
44,442632.9864251859
45,442632.9864251859
46,439340.5268771597
47,439340.5268771597
48,439340.5268771597
49,439340.5268771597
50,439340.5268771597
51,428455.188071606
52,421015.71192738
53,421015.71192738
54,421015.71192738
55,421015.71192738
56,421015.71192738
57,383429.35944433394
58,383429.35944433394
59,383429.35944433394
60,383429.35944433394
61,383429.35944433394
62,383429.35944433394
63,383429.35944433394
64,383429.3594443338
65,383429.3594443338
66,383429.3594443338
67,383429.3594443338
68,383429.3594443338
69,383429.3594443335
70,368873.6796926551
71,368873.6796926551
72,368873.6796926551
73,368873.6796926551
74,368873.6796926551
75,368873.6796926551
76,368873.6796926551
77,368873.6796926551
78,368873.6796926551
79,368873.6796926551
80,368873.6796926551
81,368873.6796926551
82,368873.6796926551
83,368873.6796926551
84,368873.6796926551
85,368873.6796926551
86,334852.234258902
87,334112.0207320252
88,334112.0207320252
89,334112.0207320252
90,334112.0207320252
91,334112.0207320252
92,334112.0207320252
93,334112.0207320252
94,334112.0207320252
95,334112.0207320252
96,334112.0207320252
97,334112.0207320252
98,334112.0207320252
99,334112.0207320252
100,334112.0207320252
101,334112.0207320252
102,334112.0207320252
103,334112.0207320251
104,334112.0207320251
105,334112.0207320251
106,334112.0207320251
107,334112.0207320251
108,334112.0207320251
109,334112.0207320251
110,334112.0207320251
111,334112.0207320251
112,334112.0207320251
113,334112.0207320251
114,331670.23302332056
115,331670.23302332056
116,331670.23302332056
117,324464.05158456805
118,324464.05158456805
119,324464.05158456805
120,324464.05158456805
121,322366.59156123956
122,322366.59156123956
123,322366.59156123956
124,322366.5915612395
125,322366.5915612395
126,322366.5915612395
127,322366.5915612395
128,322366.5915612395
129,322366.5915612395
130,322366.5915612395
131,319801.8875802294
132,319801.8875802294
133,319801.88758022926
134,319801.88758022926
135,319801.88758022926
136,319801.88758022926
137,319801.88758022926
138,287509.07361367263
139,285922.7705550147
140,285922.7705550147
141,285922.77055501443
142,285922.77055501443
143,285922.77055501443
144,285922.77055501443
145,285922.77055501443
146,285922.77055501443
147,285922.77055501443
148,285922.77055501443
149,285922.77055501443
150,285922.77055501443
151,285922.77055501443
152,285922.77055501443
153,285922.77055501443
154,285331.54913471267
155,285331.54913471267
156,285331.54913471267
157,285331.54913471267
158,285331.54913471267
159,285331.54913471267
160,270330.6409936924
161,270330.6409936924
162,220596.18339815768
163,220596.18339815768
164,220596.18339815768
165,220596.18339815768
166,220596.18339815768
167,220596.18339815768
168,220596.18339815768
169,220596.18339815768
170,220596.18339815768
171,220596.18339815768
172,220596.18339815768
173,220596.18339815768
174,220596.18339815768
175,220596.18339815768
176,220596.18339815768
177,220596.18339815768
178,220596.18339815768
179,208368.972531214
180,208368.972531214
181,208368.972531214
182,208368.972531214
183,208368.972531214
184,208368.972531214
185,202211.76968726903
186,173147.54618588224
187,173147.54618588224
188,173147.54618588224
189,173147.54618588224
190,173147.54618588224
191,173147.54618588224
192,173147.54618588224
193,173147.54618588224
194,173147.54618588224
195,173147.54618588224
196,173147.54618588224
197,173147.54618588224
198,173147.54618588224
199,173147.54618588224
200,173147.54618588224
201,173147.54618588224
202,173147.54618588224
203,173147.54618588218
204,173147.54618588218
205,173147.54618588218
206,173147.54618588218
207,173147.54618588218
208,173147.54618588218
209,173147.54618588218
210,173147.54618588218
211,173147.54618588218
212,173147.54618588218
213,173147.54618588218
214,173147.54618588218
215,173147.54618588218
216,173147.54618588218
217,173147.54618588206
218,173147.54618588206
219,173147.54618588206
220,173147.54618588206
221,173147.54618588206
222,173147.54618588206
223,173147.54618588206
224,173147.54618588206
225,173147.54618588206
226,173147.54618588206
227,173147.54618588206
228,173147.54618588206
229,173147.54618588206
230,173147.54618588206
231,173147.54618588206
232,173147.54618588206
233,173147.54618588206
234,173147.54618588206
235,173147.54618588206
236,173147.54618588206
237,173147.54618588206
238,173147.54618588206
239,173147.54618588206
240,173147.54618588206
241,173147.54618588206
242,173147.54618588206
243,173147.54618588206
244,173147.54618588206
245,173147.54618588206
246,173147.54618588206
247,173147.54618588206
248,173147.54618588206
249,173147.54618588206
250,173147.54618588206
251,173147.54618588206
252,173147.54618588206
253,173147.54618588198
254,173147.54618588198
255,173147.54618588198
256,173147.54618588198
257,173147.54618588198
258,173147.54618588198
259,155693.2505415533
260,155693.2505415533
261,155693.2505415533
262,155693.2505415533
263,155693.2505415533
264,155693.2505415533
265,155693.2505415533
266,155693.2505415533
267,155693.25054155325
268,155693.25054155325
269,155693.25054155325
270,155693.25054155325
271,155693.25054155325
272,155693.25054155325
273,155693.25054155325
274,155693.25054155325
275,155693.25054155325
276,155693.25054155325
277,155693.25054155325
278,155693.25054155325
279,155693.25054155325
280,155693.25054155325
281,155693.25054155325
282,155693.25054155325
283,155693.25054155325
284,155693.25054155325
285,155693.25054155325
286,155693.25054155325
287,155693.25054155325
288,155693.25054155325
289,155693.25054155325
290,155693.25054155325
291,155693.25054155325
292,155693.25054155325
293,155693.25054155325
294,155693.25054155325
295,155693.25054155325
296,155693.25054155325
297,155693.25054155325
298,155693.25054155325
299,155693.25054155325
300,155693.25054155325
301,155693.25054155325
302,155693.25054155325
303,155693.25054155325
304,155693.25054155325
305,155693.25054155325
306,155693.25054155325
307,155693.25054155325
308,155693.25054155325
309,155693.25054155325
310,155693.25054155325
311,155693.25054155325
312,155693.25054155325
313,155693.25054155325
314,155693.25054155325
315,155693.25054155325
316,155693.25054155325
317,155693.25054155325
318,155693.25054155325
319,155693.25054155325
320,155693.25054155325
321,155693.25054155325
322,155693.25054155325
323,155693.25054155325
324,155693.25054155325
325,155693.25054155325
326,155693.25054155325
327,155693.25054155325
328,155693.25054155325
329,155693.25054155325
330,155693.25054155325
331,155693.25054155325
332,155693.25054155325
333,155693.25054155325
334,155693.25054155325
335,155693.25054155325
336,142972.9328877808
337,142972.9328877808
338,142972.9328877808
339,142972.9328877808
340,142972.9328877808
341,142972.9328877808
342,142972.9328877808
343,142972.9328877808
344,142972.9328877808
345,142972.9328877808
346,142972.9328877808
347,142972.9328877808
348,142972.9328877808
349,142972.9328877808
350,142972.9328877808
351,142972.9328877808
352,142972.9328877808
353,142972.93288778048
354,142972.93288778048
355,142972.93288778048
356,142972.93288778048
357,142972.93288778048
358,142972.93288778048
359,142972.93288778048
360,142972.93288778048
361,142972.93288778048
362,142972.93288778048
363,142972.93288778048
364,142972.93288778048
365,142972.93288778048
366,142972.93288778048
367,142972.93288778048
368,142972.93288778048
369,142972.93288778048
370,142972.93288778048
371,142972.93288778048
372,142972.93288778048
373,142972.93288778048
374,142972.93288778048
375,142972.93288778048
376,142972.93288778048
377,142972.93288778048
378,142972.93288778048
379,142972.93288778048
380,142972.93288778048
381,142972.93288778048
382,142972.93288778048
383,142972.93288778048
384,142972.93288778048
385,142972.93288778048
386,142972.93288778048
387,142972.93288778048
388,142972.93288778048
389,142972.93288778048
390,142972.93288778048
391,142972.93288778048
392,142972.93288778048
393,142972.93288778048
394,142972.93288778048
395,142972.93288778048
396,142972.93288778048
397,142972.93288778048
398,142972.93288778048
399,142972.93288778048
400,142972.93288778048
401,142972.93288778048
402,142972.93288778048
403,142972.93288778048
404,142972.93288778048
405,142972.93288778048
406,142972.93288778048
407,142972.93288778048
408,142972.93288778048
409,142972.93288778048
410,142972.93288778048
411,142972.93288778048
412,142972.93288778048
413,142972.93288778048
414,142972.93288778048
415,142972.93288778048
416,142972.93288778048
417,142972.93288778048
418,142972.93288778048
419,142972.93288778048
420,142972.93288778048
421,142972.93288778048
422,142972.93288778048
423,142972.93288778048
424,142972.93288778048
425,142972.93288778048
426,142972.93288778048
427,142972.93288778048
428,142972.93288778048
429,142972.93288778048
430,142972.93288778048
431,142972.93288778048
432,142972.93288778048
433,142972.93288778048
434,142972.93288778048
435,142972.93288778048
436,142972.93288778048
437,142972.93288778048
438,142972.93288778048
439,142972.93288778048
440,142972.93288778048
441,142972.93288778048
442,142972.93288778048
443,142972.93288778048
444,142972.93288778048
445,142972.93288778048
446,142972.93288778048
447,142972.93288778048
448,142972.93288778048
449,142972.93288778048
450,142972.93288778048
451,142972.93288778048
452,142972.93288778048
453,142972.93288778048
454,142972.93288778048
455,142972.93288778048
456,142972.93288778048
457,142972.93288778048
458,142972.93288778048
459,142972.93288778048
460,142972.93288778048
461,142972.93288778048
462,142972.93288778048
463,142972.93288778048
464,142972.93288778048
465,142972.93288778048
466,142972.93288778048
467,142972.93288778048
468,140171.5732707792
469,140171.5732707792
470,140171.5732707792
471,140171.5732707792
472,140171.5732707792
473,140171.5732707792
474,140171.5732707792
475,140171.5732707792
476,140171.5732707792
477,140171.5732707792
478,140171.5732707792
479,140171.5732707792
480,140171.5732707792
481,140171.5732707792
482,140171.5732707792
483,140171.5732707792
484,140171.5732707792
485,140171.5732707792
486,140171.5732707792
487,140171.5732707792
488,140171.5732707792
489,140171.5732707792
490,140171.5732707792
491,140171.5732707792
492,140171.5732707792
493,140171.5732707792
494,140171.5732707792
495,140171.5732707792
496,140171.5732707792
497,140171.5732707792
498,140171.5732707792
499,140171.5732707792
500,140171.5732707792
501,140171.5732707792
502,140171.5732707792
503,140171.5732707792
504,140171.5732707792
505,140171.5732707792
506,140171.5732707792
507,140171.5732707792
508,140171.5732707792
509,140171.5732707792
510,140171.5732707792
511,140171.5732707792
512,140171.5732707792
513,140171.5732707792
514,140171.5732707792
515,140171.5732707792
516,140171.5732707792
517,140171.5732707792
518,140171.5732707792
519,140171.5732707792
520,140171.5732707792
521,140171.5732707792
522,140171.5732707792
523,140171.5732707792
524,140171.5732707792
525,140171.5732707792
526,140171.5732707792
527,140171.5732707792
528,140171.5732707792
529,140171.5732707792
530,140171.5732707792
531,140171.5732707792
532,140171.5732707792
533,140171.5732707792
534,140171.5732707792
535,140171.5732707792
536,140171.5732707792
537,140171.5732707792
538,140171.5732707792
539,140171.5732707792
540,140171.5732707792
541,140171.5732707792
542,140171.5732707792
543,140171.5732707792
544,140171.5732707792
545,140171.5732707792
546,140171.5732707792
547,140171.5732707792
548,140171.5732707792
549,140171.5732707792
550,140171.5732707792
551,140171.5732707792
552,140171.5732707792
553,140171.5732707792
554,140171.5732707792
555,140171.5732707792
556,140171.5732707792
557,140171.5732707792
558,140171.5732707792
559,140171.5732707792
560,140171.5732707792
561,140171.5732707792
562,140171.5732707792
563,140171.5732707792
564,140171.5732707792
565,140171.5732707792
566,140171.5732707792
567,140171.5732707792
568,140171.5732707792
569,140171.5732707792
570,140171.5732707792
571,140171.5732707792
572,140171.5732707792
573,140171.5732707792
574,140171.5732707792
575,140171.5732707792
576,140171.5732707792
577,140171.5732707792
578,140171.5732707792
579,140171.5732707792
580,140171.5732707792
581,140171.5732707792
582,140171.5732707792
583,140171.5732707792
584,133553.88841910445
585,133553.88841910445
586,133553.88841910445
587,133553.88841910445
588,133553.88841910445
589,133553.88841910445
590,133553.88841910445
591,133553.88841910445
592,133553.88841910445
593,133553.88841910445
594,133553.88841910445
595,133553.88841910445
596,133553.88841910445
597,133553.88841910445
598,133553.88841910445
599,133553.88841910445
600,133553.88841910445
601,133553.88841910442
602,133553.88841910442
603,133553.88841910442
604,130505.12675950612
605,130505.12675950612
606,130505.12675950612
607,130505.12675950612
608,130505.12675950612
609,130505.12675950612
610,130505.12675950612
611,130505.12675950612
612,130505.12675950612
613,130505.12675950612
614,130505.12675950612
615,130505.12675950612
616,130505.12675950612
617,130505.12675950612
618,130505.12675950612
619,130505.12675950612
620,130505.12675950612
621,130505.12675950612
622,130505.12675950612
623,130505.12675950612
624,130505.12675950612
625,130505.12675950612
626,130505.12675950612
627,130505.12675950612
628,130505.12675950612
629,130505.12675950612
630,130505.12675950612
631,130505.12675950612
632,130505.12675950612
633,130505.12675950612
634,130505.12675950612
635,130505.12675950612
636,130505.12675950612
637,130505.12675950612
638,130505.12675950612
639,130505.12675950612
640,130505.12675950612
641,130505.12675950612
642,130505.12675950612
643,130505.12675950612
644,130505.12675950612
645,130505.12675950612
646,130505.12675950612
647,130505.12675950612
648,130505.12675950612
649,130505.12675950612
650,130505.12675950612
651,130505.12675950612
652,130505.12675950612
653,130505.12675950612
654,130505.12675950612
655,130505.12675950612
656,130505.12675950612
657,130505.12675950612
658,130505.12675950612
659,130505.12675950612
660,130505.12675950612
661,130505.12675950612
662,130505.12675950612
663,130505.12675950612
664,130505.12675950612
665,130505.12675950612
666,130505.12675950612
667,130505.12675950612
668,130505.12675950612
669,130505.12675950612
670,130505.12675950612
671,130505.12675950612
672,130505.12675950612
673,130505.12675950612
674,130505.12675950612
675,130505.12675950612
676,130505.12675950612
677,130505.12675950612
678,130505.12675950612
679,118121.55221992725
680,118121.55221992725
681,118121.55221992725
682,118121.55221992725
683,118121.55221992725
684,118121.55221992725
685,118121.55221992725
686,118121.55221992725
687,118121.55221992725
688,118121.55221992725
689,118121.55221992725
690,118121.55221992725
691,118121.55221992715
692,118121.55221992715
693,118121.55221992715
694,118121.55221992715
695,118121.55221992715
696,118121.55221992715
697,118121.55221992714
698,118121.55221992714
699,118121.55221992714
700,118121.55221992714
701,118121.55221992714
702,118121.55221992714
703,118121.55221992714
704,118121.55221992714
705,118121.55221992714
706,118121.55221992714
707,118121.55221992714
708,118121.55221992714
709,118121.55221992714
710,118121.55221992714
711,118121.55221992714
712,118121.55221992714
713,118121.55221992714
714,118121.55221992714
715,118121.55221992714
716,118121.55221992714
717,118121.55221992714
718,118121.55221992714
719,118121.55221992714
720,118121.55221992714
721,118121.55221992714
722,118121.55221992714
723,118121.55221992714
724,118121.55221992714
725,118121.55221992714
726,118121.55221992714
727,118121.55221992714
728,118121.55221992714
729,118121.55221992714
730,118121.55221992714
731,118121.55221992714
732,118121.55221992714
733,118121.55221992714
734,118121.55221992714
735,118121.55221992714
736,117707.34701633391
737,117707.34701633391
738,117707.34701633391
739,117707.34701633391
740,117707.3470163339
741,117707.3470163339
742,117707.3470163339
743,96898.93215608674
744,96898.93215608674
745,96898.93215608674
746,96898.93215608674
747,96898.93215608674
748,96898.93215608674
749,96898.93215608674
750,96898.93215608674
751,96898.93215608674
752,96898.93215608674
753,96898.93215608674
754,96898.93215608674
755,96898.93215608674
756,96898.93215608674
757,96898.93215608674
758,96898.93215608674
759,96898.93215608674
760,96898.93215608674
761,96898.93215608674
762,96898.93215608674
763,96898.93215608674
764,96898.93215608671
765,96898.93215608671
766,88157.9351437884
767,88157.9351437884
768,88157.9351437884
769,88157.9351437884
770,88157.9351437884
771,88157.9351437884
772,88157.9351437884
773,88157.9351437884
774,88157.9351437884
775,88157.9351437884
776,88157.9351437884
777,88157.9351437884
778,88157.9351437884
779,88157.9351437884
780,88157.9351437884
781,88157.9351437884
782,88157.9351437884
783,88157.9351437884
784,88157.9351437884
785,88157.9351437884
786,88157.9351437884
787,88157.9351437884
788,88157.9351437884
789,88157.9351437884
790,88157.9351437884
791,88157.9351437884
792,88157.9351437884
793,88157.9351437884
794,88157.9351437884
795,88157.9351437884
796,88157.9351437884
797,88157.9351437884
798,88157.93514378824
799,88157.93514378824
800,88157.93514378824
801,88157.93514378824
802,88157.93514378824
803,88157.93514378824
804,88157.93514378824
805,88157.93514378824
806,88157.93514378824
807,88157.93514378824
808,88157.93514378824
809,88157.93514378824
810,88157.93514378824
811,88157.93514378824
812,88157.93514378824
813,88157.93514378824
814,88157.93514378824
815,88157.93514378824
816,88157.93514378824
817,88157.93514378824
818,88157.93514378824
819,88157.93514378824
820,88157.93514378824
821,88157.93514378824
822,88157.93514378824
823,88157.93514378824
824,88157.93514378824
825,88157.93514378824
826,88157.93514378824
827,88157.93514378824
828,88157.93514378824
829,88157.93514378824
830,88157.93514378824
831,88157.93514378824
832,88157.93514378824
833,88157.93514378824
834,88157.93514378824
835,88157.93514378824
836,88157.93514378824
837,88157.93514378824
838,88157.93514378824
839,88157.93514378824
840,88157.93514378824
841,88157.93514378824
842,88157.93514378824
843,88157.93514378824
844,88157.93514378824
845,88157.93514378824
846,88157.93514378824
847,88157.93514378824
848,88157.93514378824
849,88157.93514378824
850,88157.93514378824
851,88157.93514378824
852,88157.93514378824
853,88157.93514378824
854,88157.93514378824
855,88157.93514378824
856,88157.93514378824
857,88157.93514378824
858,88157.93514378824
859,88157.93514378824
860,88157.93514378824
861,88157.93514378824
862,88157.93514378824
863,88157.93514378824
864,88157.93514378824
865,88157.93514378824
866,88157.93514378824
867,88157.93514378824
868,88157.93514378824
869,88157.93514378824
870,88157.93514378824
871,88157.93514378824
872,88157.93514378824
873,88157.93514378824
874,88157.93514378824
875,88157.93514378824
876,88157.93514378824
877,88157.93514378824
878,88157.93514378824
879,88157.93514378824
880,88157.93514378824
881,88157.93514378824
882,88157.93514378824
883,88157.93514378824
884,88157.93514378824
885,88157.93514378824
886,88157.93514378824
887,88157.93514378824
888,88157.93514378824
889,88157.93514378824
890,87469.10975332026
891,87469.10975332026
892,87469.10975332026
893,87469.10975332026
894,87469.10975332026
895,87469.10975332026
896,87469.10975332026
897,87469.10975332026
898,87469.10975332026
899,87469.10975332026
900,87469.10975332026
901,87469.10975332026
902,87469.10975332026
903,87469.10975332026
904,87469.10975332026
905,87469.10975332026
906,87469.10975332026
907,86985.76411230474
908,86985.76411230474
909,82863.20822024273
910,82863.20822024273
911,82863.20822024273
912,82045.72819522792
913,82045.72819522792
914,82045.72819522792
915,82045.72819522792
916,82045.72819522792
917,82045.7281952279
918,82045.7281952279
919,80719.79461438984
920,80719.79461438984
921,80719.79461438984
922,80719.79461438984
923,80719.79461438984
924,80719.79461438984
925,80719.79461438984
926,80719.79461438984
927,80719.79461438984
928,80719.79461438984
929,80719.79461438984
930,80719.79461438984
931,80719.79461438984
932,80719.79461438984
933,80719.79461438984
934,80719.79461438984
935,80719.79461438984
936,80719.79461438984
937,80719.79461438984
938,80719.79461438984
939,80719.79461438984
940,80719.79461438984
941,80719.79461438984
942,80719.79461438984
943,80719.79461438984
944,80719.79461438984
945,80719.79461438984
946,80719.79461438984
947,80719.79461438984
948,80719.79461438984
949,80719.79461438984
950,80719.79461438984
951,80719.79461438984
952,80719.79461438984
953,80719.79461438984
954,80719.79461438984
955,80719.79461438984
956,80719.79461438984
957,80719.79461438984
958,80719.79461438984
959,80719.79461438984
960,80719.79461438984
961,80719.79461438984
962,80719.79461438984
963,80719.79461438984
964,80719.79461438984
965,80719.79461438984
966,80719.79461438984
967,80719.79461438984
968,80719.79461438984
969,80719.79461438984
970,80719.79461438984
971,80719.79461438984
972,80719.79461438984
973,80719.79461438984
974,80719.79461438984
975,80719.79461438984
976,80719.79461438984
977,80719.79461438984
978,80719.79461438984
979,80719.79461438984
980,80719.79461438984
981,80719.79461438984
982,80719.79461438984
983,80719.79461438984
984,80719.79461438984
985,80719.79461438984
986,80719.79461438984
987,80719.79461438984
988,80719.79461438984
989,80719.79461438984
990,80719.79461438984
991,80719.79461438984
992,80719.79461438984
993,80719.79461438984
994,80719.79461438984
995,80719.79461438984
996,80719.79461438984
997,80719.79461438984
998,80719.79461438984
999,80719.79461438984
1000,80719.79461438984
1001,80719.79461438984
1002,80719.79461438984
1003,80719.79461438984
1004,80719.79461438984
1005,80719.79461438984
1006,80719.79461438984
1007,80719.79461438984
1008,80719.79461438984
1009,80719.79461438984
1010,80719.79461438984
1011,80278.21547378786
1012,80278.21547378786
1013,80278.21547378786
1014,80278.21547378786
1015,80278.21547378786
1016,80278.21547378786
1017,80278.21547378786
1018,80278.21547378786
1019,80278.21547378786
1020,80278.21547378786
1021,80278.21547378786
1022,80278.21547378786
1023,80278.21547378786
1024,80278.21547378786
1025,80278.21547378786
1026,80278.21547378786
1027,80278.21547378786
1028,80278.21547378786
1029,80278.21547378786
1030,80278.21547378786
1031,80278.21547378786
1032,80278.21547378786
1033,80278.21547378786
1034,80278.21547378786
1035,80278.21547378786
1036,80278.21547378786
1037,80278.21547378786
1038,80278.21547378786
1039,80278.21547378786
1040,80278.21547378786
1041,80278.21547378786
1042,80278.21547378786
1043,80278.21547378786
1044,80278.21547378786
1045,80278.21547378786
1046,80278.21547378786
1047,80278.21547378786
1048,80278.21547378786
1049,80278.21547378786
1050,80278.21547378786
1051,80278.21547378786
1052,80278.21547378786
1053,80278.21547378786
1054,80278.21547378786
1055,80278.21547378786
1056,80278.21547378774
1057,80278.21547378774
1058,80278.21547378774
1059,80278.21547378774
1060,80278.21547378774
1061,80278.21547378774
1062,80278.21547378774
1063,80278.21547378774
1064,80278.21547378774
1065,80278.21547378774
1066,80278.21547378774
1067,80278.21547378774
1068,80278.21547378774
1069,80278.21547378774
1070,80278.21547378774
1071,80278.21547378774
1072,80278.21547378774
1073,80278.21547378774
1074,80278.21547378774
1075,80278.21547378774
1076,80278.21547378774
1077,80278.21547378774
1078,80278.21547378774
1079,80278.21547378774
1080,80278.21547378774
1081,80278.21547378774
1082,80278.21547378774
1083,80278.21547378774
1084,80278.21547378774
1085,80278.21547378774
1086,80278.21547378774
1087,80278.21547378774
1088,80278.21547378774
1089,80278.21547378774
1090,80278.21547378774
1091,80278.21547378774
1092,80278.21547378774
1093,80278.21547378774
1094,80278.21547378774
1095,80278.21547378774
1096,80278.21547378774
1097,80278.21547378774
1098,80278.21547378774
1099,80278.21547378774
1100,80278.21547378774
1101,80278.21547378774
1102,80278.21547378774
1103,80278.21547378774
1104,80278.21547378774
1105,80278.21547378774
1106,80278.21547378774
1107,80278.21547378774
1108,80278.21547378774
1109,80278.21547378774
1110,80278.21547378774
1111,80278.21547378774
1112,80278.21547378774
1113,80278.21547378774
1114,80278.21547378774
1115,80278.21547378774
1116,80278.21547378774
1117,80278.21547378774
1118,80278.21547378774
1119,80278.21547378774
1120,80278.21547378774
1121,80278.21547378774
1122,80278.21547378774
1123,80278.21547378774
1124,73485.22658955217
1125,73485.22658955217
1126,73485.22658955217
1127,73485.22658955217
1128,73485.22658955217
1129,73485.22658955217
1130,73485.22658955217
1131,73485.22658955217
1132,73485.22658955217
1133,73485.22658955217
1134,73485.22658955217
1135,73485.22658955217
1136,73485.22658955217
1137,73485.22658955217
1138,73485.22658955217
1139,73485.22658955217
1140,73485.22658955217
1141,73485.22658955217
1142,73485.22658955217
1143,73485.22658955217
1144,73485.22658955217
1145,73485.22658955217
1146,73485.22658955217
1147,73485.22658955217
1148,73485.22658955217
1149,73485.22658955217
1150,73485.22658955217
1151,73485.22658955217
1152,73485.22658955217
1153,73485.22658955217
1154,73485.22658955217
1155,73485.22658955217
1156,73485.22658955217
1157,73485.22658955217
1158,73485.22658955217
1159,73485.22658955217
1160,73485.22658955217
1161,73485.22658955217
1162,73485.22658955217
1163,73485.22658955217
1164,73485.22658955217
1165,73485.22658955217
1166,73485.22658955217
1167,73485.22658955217
1168,73485.22658955217
1169,73485.22658955217
1170,73485.22658955217
1171,73485.22658955217
1172,73485.22658955217
1173,73485.22658955217
1174,73485.22658955217
1175,73485.22658955217
1176,73485.22658955217
1177,73485.22658955217
1178,73485.22658955217
1179,73485.22658955217
1180,73485.22658955217
1181,73485.22658955217
1182,73485.22658955217
1183,73485.22658955217
1184,73485.22658955217
1185,73485.22658955217
1186,73485.22658955217
1187,73485.22658955217
1188,73485.22658955217
1189,73485.22658955217
1190,73485.22658955217
1191,73485.22658955217
1192,73485.22658955217
1193,73485.22658955217
1194,73485.22658955217
1195,73485.22658955217
1196,73485.22658955217
1197,73485.22658955217
1198,73485.22658955217
1199,73485.22658955217
1200,73485.22658955217
1201,73485.22658955217
1202,73485.22658955217
1203,73485.22658955217
1204,73244.42779598178
1205,73244.42779598178
1206,73244.42779598178
1207,73244.42779598178
1208,73244.42779598178
1209,73244.42779598178
1210,73244.42779598178
1211,73244.42779598178
1212,73244.42779598178
1213,73244.42779598178
1214,73244.42779598178
1215,73244.42779598178
1216,73244.42779598178
1217,73244.42779598178
1218,73244.42779598178
1219,73244.42779598178
1220,73244.42779598178
1221,73244.42779598178
1222,73244.42779598178
1223,73244.42779598178
1224,73244.42779598178
1225,73244.42779598178
1226,73244.42779598178
1227,73244.42779598178
1228,73244.42779598178
1229,73244.42779598178
1230,73244.42779598178
1231,73244.42779598178
1232,73244.42779598178
1233,73244.42779598178
1234,73244.42779598178
1235,73244.42779598178
1236,73244.42779598178
1237,73244.42779598178
1238,73244.42779598178
1239,73244.42779598178
1240,73244.42779598178
1241,73244.42779598178
1242,73244.42779598178
1243,73244.42779598178
1244,73244.42779598174
1245,73244.42779598174
1246,73244.42779598174
1247,73244.42779598174
1248,73244.42779598174
1249,73244.42779598174
1250,73244.42779598174
1251,73244.42779598174
1252,73244.42779598174
1253,73244.42779598174
1254,73244.42779598174
1255,73244.42779598174
1256,73244.42779598174
1257,73244.42779598174
1258,73244.42779598174
1259,73244.42779598174
1260,73244.42779598174
1261,73244.42779598174
1262,73244.42779598174
1263,73244.42779598174
1264,73244.42779598174
1265,73244.42779598174
1266,73244.42779598174
1267,73244.42779598174
1268,73244.42779598174
1269,73244.42779598174
1270,73244.42779598174
1271,73244.42779598174
1272,67190.08871945605
1273,66998.34210959057
1274,66216.27475798075
1275,66216.27475798075
1276,65383.25651375774
1277,65383.25651375774
1278,65383.25651375774
1279,65383.25651375774
1280,65383.25651375772
1281,65383.25651375772
1282,65383.25651375772
1283,65383.25651375772
1284,65383.25651375772
1285,65383.25651375772
1286,65383.25651375772
1287,65383.25651375772
1288,65383.25651375772
1289,65383.25651375772
1290,65383.25651375772
1291,65383.25651375772
1292,65383.25651375772
1293,65383.25651375772
1294,65383.25651375772
1295,65383.25651375772
1296,65383.25651375772
1297,65383.25651375772
1298,65383.25651375772
1299,65383.25651375772
1300,65383.25651375772
1301,65383.25651375772
1302,65383.25651375772
1303,65383.25651375772
1304,65383.25651375772
1305,65383.25651375772
1306,65383.25651375772
1307,65383.25651375772
1308,65383.25651375772
1309,65383.25651375772
1310,65383.25651375772
1311,65383.25651375772
1312,65383.25651375772
1313,65383.25651375772
1314,65383.25651375772
1315,65383.25651375772
1316,65383.25651375772
1317,65383.25651375772
1318,65383.25651375772
1319,65383.25651375772
1320,65383.25651375772
1321,65383.25651375772
1322,65383.25651375772
1323,65383.25651375772
1324,65383.25651375772
1325,65383.25651375772
1326,65383.25651375772
1327,65383.25651375772
1328,65383.256513757704
1329,65383.256513757704
1330,65383.256513757704
1331,65383.256513757704
1332,65383.256513757704
1333,65383.256513757704
1334,65383.256513757704
1335,65383.256513757704
1336,65383.256513757704
1337,65383.256513757704
1338,65383.256513757704
1339,65383.256513757704
1340,65383.256513757704
1341,65383.256513757704
1342,65383.256513757704
1343,65383.256513757704
1344,65383.256513757704
1345,65383.256513757704
1346,65383.256513757704
1347,65383.256513757704
1348,65383.256513757704
1349,65383.256513757704
1350,65383.256513757704
1351,65383.256513757704
1352,65383.256513757704
1353,65383.256513757704
1354,65383.256513757704
1355,65383.256513757704
1356,65383.256513757704
1357,65383.256513757704
1358,65383.256513757704
1359,65383.256513757704
1360,65383.256513757704
1361,65383.256513757704
1362,65383.256513757704
1363,65383.256513757704
1364,65383.256513757704
1365,65383.256513757704
1366,65383.256513757704
1367,65383.256513757704
1368,65383.256513757704
1369,65383.256513757704
1370,65383.256513757704
1371,65383.256513757704
1372,65383.256513757704
1373,65383.256513757704
1374,65383.256513757704
1375,65383.256513757704
1376,65383.256513757704
1377,65383.256513757704
1378,65383.256513757704
1379,65383.256513757704
1380,65383.256513757704
1381,65383.256513757704
1382,65383.256513757704
1383,65383.256513757704
1384,65383.256513757704
1385,65383.256513757704
1386,65383.256513757704
1387,65383.256513757704
1388,65383.256513757704
1389,65383.256513757704
1390,65383.256513757704
1391,65383.256513757704
1392,65383.256513757704
1393,65383.256513757704
1394,65383.256513757704
1395,65383.256513757704
1396,65383.25651375765
1397,65383.25651375765
1398,65383.25651375765
1399,65383.25651375765
1400,65383.25651375765
1401,65383.25651375765
1402,65383.25651375765
1403,65383.25651375765
1404,65383.25651375765
1405,65383.25651375765
1406,65383.25651375765
1407,64948.434953561125
1408,64948.434953561125
1409,64948.434953561125
1410,64948.434953561125
1411,64948.43495356112
1412,64948.43495356112
1413,64948.43495356112
1414,64948.43495356112
1415,64948.43495356112
1416,64948.43495356112
1417,64948.43495356109
1418,64948.43495356109
1419,64948.43495356109
1420,64948.43495356109
1421,64948.43495356109
1422,64948.43495356109
1423,64948.43495356109
1424,64948.43495356109
1425,64948.43495356109
1426,64948.43495356109
1427,64948.43495356109
1428,64948.43495356109
1429,64948.43495356109
1430,64948.43495356109
1431,64948.43495356109
1432,64948.43495356109
1433,64948.43495356109
1434,64948.43495356109
1435,64948.43495356109
1436,64948.43495356109
1437,64948.43495356109
1438,64948.43495356109
1439,64948.43495356109
1440,64948.43495356109
1441,64948.43495356109
1442,64948.43495356109
1443,64948.43495356109
1444,64948.43495356109
1445,64948.43495356109
1446,64948.43495356109
1447,64948.43495356109
1448,64948.43495356105
1449,64948.43495356105
1450,64948.43495356105
1451,64948.43495356105
1452,64948.43495356105
1453,64948.43495356105
1454,64948.43495356105
1455,64948.43495356105
1456,64948.43495356105
1457,64948.43495356105
1458,64948.43495356105
1459,64948.43495356105
1460,64948.43495356105
1461,64948.43495356105
1462,64948.43495356105
1463,64948.43495356105
1464,64948.43495356105
1465,64948.43495356105
1466,64948.43495356105
1467,64948.43495356105
1468,64948.43495356105
1469,64948.43495356105
1470,64948.43495356105
1471,64948.43495356105
1472,64948.43495356105
1473,64948.43495356105
1474,64948.43495356105
1475,64948.43495356105
1476,64948.43495356105
1477,64948.43495356105
1478,64948.43495356105
1479,64948.43495356105
1480,64948.43495356105
1481,64948.43495356105
1482,64948.43495356105
1483,64948.43495356105
1484,64948.43495356105
1485,64948.43495356105
1486,64948.43495356105
1487,64948.43495356105
1488,64948.43495356105
1489,64948.43495356105
1490,64948.43495356105
1491,64948.43495356105
1492,64948.43495356105
1493,64948.43495356105
1494,64948.43495356105
1495,64948.43495356105
1496,64948.43495356105
1497,64948.43495356105
1498,64948.434953561016
1499,64948.434953561016
1500,64948.434953561016
1501,64948.434953561016
1502,64948.434953561016
1503,64948.434953561016
1504,64948.434953561016
1505,64948.434953561016
1506,64948.434953561016
1507,64948.434953561016
1508,64948.434953561016
1509,64948.434953561016
1510,64948.434953561016
1511,64948.434953561016
1512,64948.434953561016
1513,64948.434953561016
1514,64948.434953561016
1515,64948.434953561016
1516,64948.434953561016
1517,64948.434953561016
1518,64948.434953561016
1519,64948.434953561016
1520,64948.434953561016
1521,64948.434953561016
1522,64948.434953561016
1523,64948.434953561016
1524,64948.434953561016
1525,64948.434953561016
1526,64948.434953561016
1527,64948.434953561016
1528,64948.434953561016
1529,64948.434953561016
1530,64948.434953561016
1531,64948.434953561016
1532,64948.434953561016
1533,64948.434953561016
1534,64948.434953561016
1535,64948.434953561016
1536,64948.434953561016
1537,64948.434953561016
1538,64948.434953561016
1539,64948.434953561016
1540,64948.434953561016
1541,64948.434953561016
1542,64948.434953561016
1543,64948.434953561016
1544,64948.434953561016
1545,64948.434953561016
1546,64948.434953561016
1547,64948.434953561016
1548,64948.434953561016
1549,64948.434953561016
1550,64948.434953561016
1551,64948.434953561016
1552,64948.434953561016
1553,64948.434953561016
1554,64948.434953561016
1555,64948.434953561016
1556,64948.434953561016
1557,64948.434953561016
1558,64948.434953561016
1559,64948.434953561016
1560,64948.434953561016
1561,64948.434953561016
1562,64948.434953561016
1563,64948.434953561016
1564,64948.434953561016
1565,64948.434953561016
1566,64948.434953561016
1567,64948.434953561016
1568,64948.434953561016
1569,64948.434953561016
1570,64948.434953561016
1571,64948.434953561016
1572,64948.434953561016
1573,64948.434953561016
1574,64948.434953561016
1575,64948.434953561016
1576,64948.434953561016
1577,64948.434953561016
1578,64948.434953561016
1579,64948.434953561016
1580,64948.434953561016
1581,64948.434953561016
1582,64948.434953561016
1583,64948.434953561016
1584,64948.434953561016
1585,64948.434953561016
1586,64948.434953561016
1587,64948.434953561016
1588,64948.434953561016
1589,64948.434953561016
1590,64948.434953561016
1591,64948.434953561016
1592,64948.434953561016
1593,64948.434953561016
1594,64948.434953561016
1595,64948.434953561016
1596,64948.434953561016
1597,64948.434953561016
1598,64948.434953561016
1599,64948.434953561016
1600,64948.434953561016
1601,64948.434953561016
1602,64948.434953561016
1603,64948.434953561016
1604,64947.65154752451
1605,64947.65154752451
1606,64947.65154752451
1607,64947.65154752451
1608,64947.65154752451
1609,64947.65154752451
1610,64947.65154752451
1611,64947.65154752451
1612,64947.65154752451
1613,64947.65154752451
1614,64947.65154752451
1615,64947.65154752451
1616,64947.65154752451
1617,64947.65154752451
1618,64947.65154752451
1619,64947.65154752451
1620,64947.65154752451
1621,64947.65154752451
1622,64947.65154752451
1623,64947.65154752451
1624,64947.65154752451
1625,64947.65154752451
1626,64947.65154752451
1627,63631.85822890336
1628,63631.85822890336
1629,63631.85822890336
1630,63631.85822890336
1631,63631.85822890336
1632,63631.85822890336
1633,63631.85822890336
1634,63631.85822890336
1635,63631.85822890336
1636,63631.85822890336
1637,63631.85822890336
1638,63631.85822890336
1639,63631.85822890336
1640,63631.85822890336
1641,63631.85822890336
1642,63631.85822890336
1643,63631.85822890316
1644,63631.85822890316
1645,63631.85822890316
1646,63631.85822890316
1647,63631.85822890316
1648,63631.85822890316
1649,63631.85822890316
1650,63631.85822890316
1651,63631.85822890316
1652,63631.85822890316
1653,63631.85822890316
1654,63631.85822890316
1655,63631.85822890316
1656,63631.85822890316
1657,63631.85822890316
1658,63631.85822890316
1659,63631.85822890316
1660,63631.85822890316
1661,63631.85822890316
1662,63631.85822890316
1663,63631.85822890316
1664,63631.85822890316
1665,63631.85822890316
1666,63631.85822890316
1667,63631.85822890316
1668,63631.85822890316
1669,63631.85822890316
1670,63631.85822890316
1671,63631.85822890316
1672,63631.85822890316
1673,63631.85822890316
1674,63631.85822890316
1675,63631.85822890316
1676,63631.85822890316
1677,63631.85822890316
1678,63631.85822890316
1679,63631.85822890316
1680,63631.85822890316
1681,63631.85822890316
1682,63631.85822890316
1683,63631.85822890316
1684,63631.85822890316
1685,63631.85822890316
1686,63631.85822890316
1687,63631.85822890316
1688,63631.85822890316
1689,63631.85822890316
1690,63631.85822890316
1691,63631.85822890316
1692,63631.85822890316
1693,63631.85822890316
1694,63631.85822890316
1695,63631.85822890316
1696,63631.85822890316
1697,63631.85822890316
1698,63631.85822890316
1699,63631.85822890316
1700,63631.85822890316
1701,63631.85822890316
1702,63631.85822890316
1703,63631.85822890316
1704,63631.85822890316
1705,63631.85822890316
1706,63631.85822890316
1707,63631.85822890316
1708,63631.85822890316
1709,63631.85822890316
1710,63631.85822890316
1711,63631.85822890316
1712,63631.85822890316
1713,63631.85822890316
1714,63631.85822890316
1715,63631.85822890316
1716,63631.85822890316
1717,63631.85822890316
1718,63631.85822890316
1719,63631.85822890316
1720,63631.85822890316
1721,63631.85822890316
1722,63631.85822890316
1723,63631.85822890316
1724,63631.85822890316
1725,63631.85822890316
1726,63631.85822890316
1727,63631.85822890316
1728,63631.85822890316
1729,63631.85822890316
1730,63631.85822890316
1731,63631.85822890316
1732,63631.85822890316
1733,63631.85822890316
1734,63631.85822890316
1735,63631.85822890316
1736,63631.85822890316
1737,63631.85822890316
1738,63631.85822890316
1739,63631.85822890316
1740,63631.85822890316
1741,63631.85822890316
1742,63631.85822890316
1743,63631.85822890316
1744,63631.85822890316
1745,63631.85822890316
1746,63631.85822890316
1747,63631.85822890316
1748,63631.85822890316
1749,63631.85822890316
1750,63631.85822890316
1751,63631.85822890316
1752,63631.85822890316
1753,63631.85822890316
1754,63631.85822890316
1755,63631.85822890316
1756,63631.85822890316
1757,63631.85822890316
1758,63631.85822890316
1759,63631.85822890316
1760,63631.85822890316
1761,63631.85822890316
1762,63631.85822890316
1763,63631.85822890316
1764,63631.85822890316
1765,63631.85822890316
1766,63631.85822890316
1767,63631.85822890316
1768,63631.85822890316
1769,63631.85822890316
1770,63631.85822890316
1771,63631.85822890316
1772,63631.85822890316
1773,63631.85822890316
1774,63631.85822890316
1775,63631.85822890316
1776,63631.85822890316
1777,63631.85822890316
1778,63631.85822890316
1779,63631.85822890316
1780,63631.85822890316
1781,63631.85822890316
1782,63631.85822890316
1783,63631.85822890316
1784,63631.85822890316
1785,63631.85822890316
1786,63631.85822890316
1787,63631.85822890316
1788,63631.85822890316
1789,63631.85822890316
1790,63631.85822890316
1791,63631.85822890316
1792,63631.85822890316
1793,63631.85822890316
1794,63631.85822890316
1795,63631.85822890316
1796,63631.85822890316
1797,63631.85822890316
1798,63631.85822890316
1799,63631.85822890316
1800,63631.85822890316
1801,63631.85822890316
1802,63631.85822890316
1803,63631.85822890316
1804,63631.85822890316
1805,63631.85822890316
1806,63631.85822890316
1807,63631.85822890316
1808,63631.85822890316
1809,63631.85822890316
1810,63631.85822890316
1811,63631.85822890316
1812,63631.85822890316
1813,63631.85822890316
1814,63631.85822890316
1815,63631.85822890316
1816,63631.85822890316
1817,63631.85822890316
1818,63631.85822890316
1819,63631.85822890316
1820,63631.85822890316
1821,63631.85822890316
1822,63631.85822890316
1823,63631.85822890316
1824,63631.85822890316
1825,63631.85822890316
1826,63631.85822890316
1827,63631.85822890316
1828,63631.85822890316
1829,63631.85822890316
1830,63631.85822890316
1831,63631.85822890316
1832,63631.85822890316
1833,63631.85822890316
1834,63631.85822890316
1835,63631.85822890316
1836,63631.85822890316
1837,63631.85822890316
1838,63631.85822890316
1839,63631.85822890316
1840,63631.85822890316
1841,63631.85822890316
1842,63631.85822890316
1843,63631.85822890316
1844,63631.85822890316
1845,63631.85822890316
1846,63631.85822890316
1847,63631.85822890316
1848,63631.85822890316
1849,63631.85822890316
1850,63631.85822890316
1851,63631.85822890316
1852,63631.85822890316
1853,63631.85822890316
1854,63631.85822890316
1855,63631.85822890316
1856,63631.85822890316
1857,63631.85822890316
1858,63631.85822890316
1859,63631.85822890316
1860,63631.85822890316
1861,63631.85822890316
1862,63631.85822890316
1863,63631.85822890316
1864,63631.85822890316
1865,63631.85822890316
1866,63631.85822890316
1867,63631.85822890316
1868,63631.85822890316
1869,63631.85822890316
1870,63631.85822890316
1871,63631.85822890316
1872,63631.85822890316
1873,63631.85822890316
1874,63631.85822890316
1875,63631.85822890316
1876,63631.85822890316
1877,63631.85822890316
1878,63631.85822890316
1879,63631.85822890316
1880,63631.85822890316
1881,63631.85822890316
1882,63631.85822890316
1883,63631.85822890316
1884,63631.85822890316
1885,63631.85822890316
1886,63631.85822890316
1887,63631.85822890316
1888,63631.85822890316
1889,63631.85822890316
1890,63631.85822890316
1891,63631.85822890316
1892,63631.85822890316
1893,63631.85822890316
1894,63631.85822890316
1895,63631.85822890316
1896,63631.85822890316
1897,63631.85822890316
1898,63631.85822890316
1899,63631.85822890316
1900,63631.85822890316
1901,63631.85822890316
1902,63631.85822890316
1903,63631.85822890316
1904,63631.85822890316
1905,63631.85822890316
1906,63631.85822890316
1907,63631.85822890316
1908,63631.85822890316
1909,63631.85822890316
1910,63631.85822890316
1911,63631.85822890316
1912,63631.85822890316
1913,63631.85822890316
1914,63631.85822890316
1915,63631.85822890316
1916,63631.85822890316
1917,63631.85822890316
1918,63631.85822890316
1919,63631.85822890316
1920,63631.85822890316
1921,63631.85822890316
1922,63631.85822890316
1923,63631.85822890316
1924,63631.85822890316
1925,63631.85822890316
1926,63631.85822890316
1927,63631.85822890316
1928,63631.85822890316
1929,63631.85822890316
1930,63631.85822890316
1931,63631.85822890316
1932,63631.85822890316
1933,63631.85822890316
1934,63631.85822890316
1935,63631.85822890316
1936,63631.85822890316
1937,63631.85822890316
1938,63631.85822890316
1939,63631.85822890316
1940,63631.85822890316
1941,63631.85822890316
1942,63631.85822890316
1943,63631.85822890316
1944,63631.85822890316
1945,63631.85822890316
1946,63631.85822890316
1947,63631.85822890316
1948,63631.85822890316
1949,63631.85822890316
1950,63631.85822890316
1951,63631.85822890316
1952,63631.85822890316
1953,63631.85822890316
1954,63631.85822890316
1955,63631.85822890316
1956,63631.85822890316
1957,63631.85822890316
1958,63631.85822890316
1959,63631.85822890316
1960,63631.85822890316
1961,63631.85822890316
1962,63631.85822890316
1963,63631.85822890316
1964,63631.85822890316
1965,63631.85822890316
1966,63631.85822890316
1967,63631.85822890316
1968,63631.85822890316
1969,63631.85822890316
1970,63631.85822890316
1971,63631.85822890316
1972,63631.85822890316
1973,63631.85822890316
1974,63631.85822890316
1975,63631.85822890316
1976,63631.85822890316
1977,63631.85822890316
1978,63631.85822890316
1979,63631.85822890316
1980,63631.85822890316
1981,63631.85822890316
1982,63631.85822890316
1983,63631.85822890316
1984,63631.85822890316
1985,63631.85822890316
1986,63631.85822890316
1987,63631.85822890316
1988,63631.85822890316
1989,63631.85822890316
1990,63631.85822890316
1991,63631.85822890316
1992,63631.85822890316
1993,63631.85822890316
1994,63631.85822890316
1995,63631.85822890316
1996,63631.85822890316
1997,63631.85822890316
1998,63631.85822890316
1999,63631.85822890316
2000,63631.85822890316
2001,63631.85822890316
2002,63631.85822890316
2003,63631.85822890316
2004,63631.85822890316
2005,63631.85822890316
2006,63631.85822890316
2007,63631.85822890316
2008,63631.85822890316
2009,63631.85822890316
2010,63631.85822890316
2011,63631.85822890316
2012,63631.85822890316
2013,63631.85822890316
2014,63631.85822890316
2015,63631.85822890316
2016,63631.85822890316
2017,63631.85822890316
2018,63631.85822890316
2019,63631.85822890316
2020,63631.85822890316
2021,63631.85822890316
2022,63631.85822890316
2023,63631.85822890316
2024,63631.85822890316
2025,63631.85822890316
2026,63631.85822890316
2027,63631.85822890316
2028,63631.85822890316
2029,63631.85822890316
2030,63631.85822890316
2031,63631.85822890316
2032,63631.85822890316
2033,63631.85822890316
2034,63631.85822890316
2035,63631.85822890316
2036,63631.85822890316
2037,63631.85822890316
2038,63631.85822890316
2039,63631.85822890316
2040,63631.85822890316
2041,63631.85822890316
2042,63631.85822890316
2043,63631.85822890316
2044,63631.85822890316
2045,63631.85822890316
2046,63631.85822890316
2047,63631.85822890316
2048,63631.85822890316
2049,63631.85822890316
2050,63631.85822890316
2051,63631.85822890316
2052,63631.85822890316
2053,63631.85822890316
2054,63631.85822890316
2055,63631.85822890316
2056,63631.85822890316
2057,63631.85822890316
2058,63631.85822890316
2059,63631.85822890316
2060,63631.85822890316
2061,63631.85822890316
2062,63631.85822890316
2063,63631.85822890316
2064,63631.85822890316
2065,63631.85822890316
2066,63631.85822890316
2067,63631.85822890316
2068,63631.85822890316
2069,63631.85822890316
2070,63631.85822890316
2071,63631.85822890316
2072,63631.85822890316
2073,63631.85822890316
2074,63631.85822890316
2075,63631.85822890316
2076,63631.85822890316
2077,63631.85822890316
2078,63631.85822890316
2079,63631.85822890316
2080,63631.85822890316
2081,63631.85822890316
2082,63631.85822890316
2083,63631.85822890316
2084,63631.85822890316
2085,63631.85822890316
2086,63631.85822890316
2087,63631.85822890316
2088,63631.85822890316
2089,63631.85822890316
2090,63631.85822890316
2091,63631.85822890316
2092,63631.85822890316
2093,63631.85822890316
2094,63631.85822890316
2095,63631.85822890316
2096,63631.85822890316
2097,63631.85822890316
2098,63631.85822890316
2099,63631.85822890316
2100,63631.85822890316
2101,63631.85822890316
2102,63631.85822890316
2103,63631.85822890316
2104,63631.85822890316
2105,63631.85822890316
2106,63631.85822890316
2107,63631.85822890316
2108,63631.85822890316
2109,63631.85822890316
2110,63631.85822890316
2111,63631.85822890316
2112,63631.85822890316
2113,63631.85822890316
2114,63631.85822890316
2115,63631.85822890316
2116,63631.85822890316
2117,63631.85822890316
2118,63631.85822890316
2119,63631.85822890316
2120,63631.85822890316
2121,63631.85822890316
2122,63631.85822890316
2123,63631.85822890316
2124,63631.85822890316
2125,63631.85822890316
2126,63631.85822890316
2127,63631.85822890316
2128,63631.85822890316
2129,63631.85822890316
2130,63631.85822890316
2131,63631.85822890316
2132,63631.85822890316
2133,63631.85822890316
2134,63631.85822890316
2135,63631.85822890316
2136,63631.85822890316
2137,63631.85822890316
2138,63631.85822890316
2139,63631.85822890316
2140,63631.85822890316
2141,63631.85822890316
2142,63631.85822890316
2143,63631.85822890316
2144,63631.85822890316
2145,63631.85822890316
2146,63631.85822890316
2147,63631.85822890316
2148,63631.85822890316
2149,63631.85822890316
2150,63631.85822890316
2151,63631.85822890316
2152,63631.85822890316
2153,63631.85822890316
2154,63631.85822890316
2155,63631.85822890316
2156,63631.85822890316
2157,63631.85822890316
2158,63631.85822890316
2159,63631.85822890316
2160,63631.85822890316
2161,63631.85822890316
2162,63631.85822890316
2163,63631.85822890316
2164,63631.85822890316
2165,63631.85822890316
2166,63631.85822890316
2167,63631.85822890316
2168,63631.85822890316
2169,63631.85822890316
2170,63631.85822890316
2171,63631.85822890316
2172,63631.85822890316
2173,63631.85822890316
2174,63631.85822890316
2175,63631.85822890316
2176,63631.85822890316
2177,63631.85822890316
2178,63631.85822890316
2179,63631.85822890316
2180,63631.85822890316
2181,63631.85822890316
2182,63631.85822890316
2183,63631.85822890316
2184,63631.85822890316
2185,63631.85822890316
2186,63631.85822890316
2187,63631.85822890316
2188,63631.85822890316
2189,63631.85822890316
2190,63631.85822890316
2191,63631.85822890316
2192,63631.85822890316
2193,63631.85822890316
2194,63631.85822890316
2195,63631.85822890316
2196,63631.85822890316
2197,63631.85822890316
2198,63631.85822890316
2199,63631.85822890316
2200,63631.85822890316
2201,63631.85822890316
2202,63631.85822890316
2203,63631.85822890316
2204,63631.85822890316
2205,63631.85822890316
2206,63631.85822890316
2207,63631.85822890316
2208,63631.85822890316
2209,63631.85822890316
2210,63631.85822890316
2211,63631.85822890316
2212,63631.85822890316
2213,63631.85822890316
2214,63631.85822890316
2215,63631.85822890316
2216,63631.85822890316
2217,63631.85822890316
2218,63631.85822890316
2219,63631.85822890316
2220,63631.85822890316
2221,63631.85822890316
2222,63631.85822890316
2223,63631.85822890316
2224,63631.85822890316
2225,63631.85822890316
2226,63631.85822890316
2227,63631.85822890316
2228,63631.85822890316
2229,63631.85822890316
2230,63631.85822890316
2231,63631.85822890316
2232,63631.85822890316
2233,63631.85822890316
2234,63631.85822890316
2235,63631.85822890316
2236,63631.85822890316
2237,63631.85822890316
2238,63631.85822890316
2239,63631.85822890316
2240,63631.85822890316
2241,63631.85822890316
2242,63631.85822890316
2243,63631.85822890316
2244,63631.85822890316
2245,63631.85822890316
2246,63631.85822890316
2247,63631.85822890316
2248,63631.85822890316
2249,63631.85822890316
2250,63631.85822890316
2251,63631.85822890316
2252,63631.85822890316
2253,63631.85822890316
2254,63631.85822890316
2255,63631.85822890316
2256,63631.85822890316
2257,63631.85822890316
2258,63631.85822890316
2259,63590.114709157955
2260,63590.114709157955
2261,63590.114709157955
2262,63590.114709157955
2263,63590.114709157955
2264,63590.114709157955
2265,63590.11470915791
2266,63590.11470915791
2267,63590.11470915791
2268,63590.11470915791
2269,63590.11470915791
2270,63590.11470915791
2271,63590.11470915791
2272,63590.11470915791
2273,63590.11470915791
2274,63590.11470915791
2275,63590.11470915791
2276,63590.11470915791
2277,63590.11470915791
2278,63590.11470915791
2279,63590.11470915791
2280,63590.1147091579
2281,63590.1147091579
2282,63590.1147091579
2283,63590.1147091579
2284,63590.1147091579
2285,63590.1147091579
2286,63590.1147091579
2287,63590.1147091579
2288,63590.1147091579
2289,63590.1147091579
2290,63590.1147091579
2291,63590.1147091579
2292,63590.1147091579
2293,63590.1147091579
2294,63590.1147091579
2295,63590.1147091579
2296,63590.1147091579
2297,63590.1147091579
2298,63590.1147091579
2299,63590.1147091579
2300,63590.1147091579
2301,63590.1147091579
2302,63590.1147091579
2303,63590.1147091579
2304,63590.1147091579
2305,63590.1147091579
2306,63590.1147091579
2307,63590.1147091579
2308,63590.1147091579
2309,63590.1147091579
2310,63590.1147091579
2311,63590.1147091579
2312,63590.1147091579
2313,63590.1147091579
2314,63590.1147091579
2315,63590.1147091579
2316,63590.1147091579
2317,63590.1147091579
2318,63590.1147091579
2319,63590.1147091579
2320,63590.1147091579
2321,63590.11470915789
2322,63590.11470915789
2323,63590.11470915789
2324,63590.11470915789
2325,63590.11470915789
2326,63590.11470915789
2327,63590.11470915789
2328,63590.11470915789
2329,63590.11470915789
2330,63590.11470915789
2331,63590.11470915789
2332,63590.11470915789
2333,63590.11470915789
2334,63590.11470915789
2335,63590.11470915789
2336,63590.11470915789
2337,63590.11470915789
2338,63590.11470915789
2339,63590.11470915789
2340,63590.11470915789
2341,63590.11470915789
2342,63590.11470915789
2343,63590.11470915789
2344,63590.11470915789
2345,63590.11470915789
2346,63590.11470915789
2347,63590.11470915789
2348,63590.11470915789
2349,63590.11470915789
2350,63590.11470915789
2351,63590.11470915789
2352,63590.11470915789
2353,63590.11470915789
2354,63590.11470915789
2355,63590.11470915789
2356,63590.11470915789
2357,63590.11470915789
2358,63590.11470915789
2359,63590.11470915789
2360,63590.11470915789
2361,63590.11470915789
2362,63590.11470915789
2363,63590.11470915789
2364,63590.11470915789
2365,63590.11470915789
2366,63590.11470915789
2367,63590.11470915789
2368,63590.11470915789
2369,63590.11470915789
2370,63590.11470915789
2371,63590.11470915789
2372,63590.11470915789
2373,63590.11470915789
2374,63590.11470915789
2375,63590.11470915789
2376,63590.11470915784
2377,63590.11470915784
2378,63590.11470915784
2379,63590.11470915784
2380,63590.11470915784
2381,63590.11470915784
2382,63590.11470915784
2383,63590.11470915784
2384,63590.11470915784
2385,63590.11470915784
2386,63590.11470915784
2387,63590.11470915784
2388,63590.11470915784
2389,63590.11470915784
2390,63590.11470915784
2391,63590.11470915784
2392,63590.11470915784
2393,63590.11470915784
2394,63590.11470915784
2395,63590.11470915784
2396,63590.11470915784
2397,63590.11470915784
2398,63590.11470915784
2399,63590.11470915784
2400,63590.11470915784
2401,63590.11470915784
2402,63590.11470915784
2403,63590.11470915784
2404,63590.11470915784
2405,63590.11470915784
2406,63590.11470915784
2407,63590.11470915784
2408,63590.11470915784
2409,63590.11470915784
2410,63590.11470915784
2411,63590.11470915784
2412,63590.11470915784
2413,63590.11470915784
2414,63590.11470915784
2415,63590.11470915784
2416,63590.11470915784
2417,63590.11470915784
2418,63590.11470915784
2419,61594.606800292175
2420,61594.606800292175
2421,61594.606800292175
2422,61594.606800292175
2423,61594.606800292175
2424,61594.606800292175
2425,61594.606800292175
2426,61594.606800292175
2427,61594.606800292175
2428,61594.606800292175
2429,61594.606800292175
2430,61594.606800292175
2431,61594.606800292175
2432,61594.606800292175
2433,61594.606800292175
2434,61594.606800292175
2435,61594.606800292175
2436,61594.60680029214
2437,61594.60680029214
2438,61594.60680029214
2439,61594.60680029214
2440,61594.60680029214
2441,61594.60680029214
2442,61594.60680029214
2443,61594.60680029214
2444,61594.60680029214
2445,61594.60680029214
2446,61594.60680029214
2447,61594.60680029214
2448,61594.60680029214
2449,61594.60680029214
2450,61594.60680029214
2451,61594.60680029214
2452,61594.60680029214
2453,61594.60680029214
2454,61594.60680029214
2455,61594.60680029214
2456,61594.60680029214
2457,61594.60680029214
2458,61594.60680029214
2459,61594.60680029214
2460,61594.60680029214
2461,61594.60680029214
2462,61594.60680029214
2463,61594.60680029214
2464,61594.60680029214
2465,61594.60680029214
2466,61594.60680029214
2467,61594.60680029214
2468,61594.60680029214
2469,61594.60680029214
2470,61594.60680029214
2471,61594.60680029214
2472,61594.60680029214
2473,61594.60680029214
2474,61594.60680029214
2475,61594.60680029214
2476,61594.60680029214
2477,61594.60680029214
2478,61594.60680029214
2479,61594.60680029214
2480,61594.60680029214
2481,61594.60680029214
2482,61594.60680029214
2483,61594.60680029214
2484,61576.83975328784
2485,61576.83975328784
2486,61576.83975328784
2487,61576.83975328784
2488,61576.83975328784
2489,61576.83975328784
2490,61576.83975328784
2491,61576.83975328784
2492,61576.83975328784
2493,61576.83975328784
2494,61576.83975328784
2495,61576.83975328784
2496,61576.83975328784
2497,61576.83975328784
2498,61576.83975328784
2499,61576.83975328784
