iteracion,valor_coste
0,1001456.4116378836
1,1001373.0132099829
2,1001373.0132099829
3,1001373.0132099829
4,1001373.0132099829
5,1001373.0132099829
6,1001373.0132099829
7,1001373.0132099829
8,1001373.0132099829
9,879840.2510399703
10,879840.2510399703
11,879840.2510399703
12,879840.2510399703
13,879840.2510399703
14,879840.2510399703
15,879840.2510399703
16,842899.620453137
17,842899.620453137
18,842899.620453137
19,842899.620453137
20,842899.620453137
21,842899.620453137
22,842899.620453137
23,842899.620453137
24,842899.620453137
25,842899.620453137
26,808719.1348667499
27,808719.1348667499
28,808719.1348667499
29,808719.1348667499
30,808719.1348667499
31,808719.1348667499
32,808719.1348667499
33,808719.1348667499
34,808719.1348667499
35,808719.1348667499
36,808719.1348667499
37,808719.1348667499
38,808719.1348667499
39,808719.1348667499
40,808719.1348667499
41,808719.1348667499
42,808719.1348667499
43,755841.5007773666
44,755841.5007773666
45,755841.5007773666
46,755841.5007773666
47,755841.5007773666
48,755841.5007773666
49,755841.5007773666
50,733914.8148846949
51,733914.8148846949
52,733914.8148846949
53,733914.8148846949
54,733914.8148846949
55,733914.8148846949
56,733914.8148846949
57,733914.8148846946
58,733914.8148846946
59,733914.8148846946
60,733914.8148846946
61,733914.8148846946
62,733914.8148846946
63,703440.0527665355
64,703440.0527665355
65,703440.0527665355
66,703440.0527665355
67,701007.8065143621
68,701007.8065143621
69,701007.8065143621
70,701007.8065143621
71,701007.8065143621
72,630571.8662267503
73,630571.8662267503
74,630571.8662267503
75,630571.8662267503
76,630571.8662267503
77,630571.8662267503
78,630571.8662267503
79,630571.8662267503
80,630571.8662267503
81,630571.8662267503
82,630571.8662267503
83,630571.8662267503
84,630571.8662267503
85,630571.8662267503
86,630571.8662267503
87,630571.8662267503
88,630571.8662267503
89,630571.8662267503
90,630571.8662267503
91,630571.8662267503
92,630571.8662267502
93,630571.8662267502
94,630571.8662267502
95,630571.8662267502
96,630571.8662267502
97,630571.8662267502
98,630571.8662267502
99,630571.8662267502
100,595903.8807000878
101,595903.8807000878
102,595903.8807000878
103,595903.8807000878
104,595903.8807000878
105,595903.8807000878
106,595903.8807000878
107,595903.8807000878
108,595903.8807000878
109,595903.8807000878
110,595903.8807000878
111,595903.8807000878
112,595903.8807000878
113,595903.8807000878
114,595903.8807000872
115,595903.8807000872
116,595903.8807000872
117,595903.8807000872
118,592021.3597204892
119,592021.3597204892
120,592021.3597204892
121,592021.3597204892
122,592021.3597204892
123,592021.3597204891
124,592021.3597204891
125,592021.3597204891
126,592021.3597204891
127,592021.3597204891
128,592021.3597204891
129,592021.3597204891
130,592021.3597204891
131,592021.3597204891
132,528697.578977397
133,528697.578977397
134,528697.578977397
135,528697.578977397
136,528697.578977397
137,528697.578977397
138,528697.578977397
139,528697.578977397
140,528697.578977397
141,528697.578977397
142,515298.23055169516
143,515298.23055169516
144,515298.23055169516
145,515298.2305516948
146,451258.71837018564
147,451258.71837018564
148,451258.71837018564
149,451258.7183701854
150,451258.7183701854
151,451258.7183701854
152,451258.7183701854
153,451258.7183701854
154,451258.7183701854
155,451258.7183701854
156,451258.7183701854
157,451258.7183701854
158,451258.7183701854
159,451258.7183701854
160,451258.7183701854
161,451258.7183701854
162,451258.7183701854
163,451258.7183701854
164,451258.7183701854
165,451258.7183701854
166,451258.7183701854
167,451258.7183701854
168,451258.7183701854
169,451258.7183701854
170,451258.7183701854
171,451258.7183701854
172,451258.7183701854
173,451258.71837018535
174,451258.71837018535
175,451258.71837018535
176,451258.71837018535
177,451258.71837018535
178,451258.71837018535
179,451258.71837018535
180,446711.66101467505
181,446711.66101467505
182,446711.66101467505
183,446711.66101467505
184,446711.66101467505
185,437486.5899744355
186,437486.5899744355
187,437486.5899744355
188,437486.5899744355
189,437486.5899744355
190,437486.58997443545
191,437486.58997443545
192,437486.58997443545
193,437486.58997443545
194,437486.58997443545
195,437486.58997443545
196,437486.58997443545
197,437486.58997443545
198,437486.58997443545
199,437486.58997443545
200,437486.58997443545
201,437486.58997443545
202,437486.58997443545
203,437486.58997443545
204,437486.58997443545
205,437486.58997443545
206,437486.58997443545
207,437486.58997443545
208,437486.58997443545
209,437486.58997443545
210,437486.58997443545
211,437486.58997443545
212,437486.58997443545
213,437486.58997443545
214,437486.58997443545
215,437486.58997443545
216,437486.58997443545
217,437486.58997443545
218,437486.58997443545
219,437486.58997443545
220,437486.58997443545
221,437486.58997443545
222,437486.58997443545
223,437486.58997443545
224,437486.58997443545
225,437486.58997443545
226,437486.58997443545
227,437486.58997443545
228,437486.58997443545
229,412422.5500274253
230,412422.5500274253
231,412422.5500274253
232,412422.5500274253
233,412422.55002742494
234,412422.55002742494
235,412422.55002742494
236,412422.55002742494
237,412422.55002742494
238,410927.95872763626
239,410927.958727636
240,410927.958727636
241,410927.958727636
242,410927.958727636
243,410927.958727636
244,410927.958727636
245,410927.958727636
246,410927.958727636
247,410927.958727636
248,410927.958727636
249,410927.958727636
250,410927.958727636
251,410927.958727636
252,410927.958727636
253,410927.958727636
254,410927.958727636
255,410927.958727636
256,410927.958727636
257,410927.958727636
258,410927.958727636
259,410927.958727636
260,410927.958727636
261,410927.958727636
262,410927.958727636
263,410927.958727636
264,410927.958727636
265,410927.958727636
266,410927.958727636
267,410927.958727636
268,410927.958727636
269,410927.958727636
270,410927.958727636
271,410927.958727636
272,410927.958727636
273,410927.958727636
274,410927.958727636
275,410927.958727636
276,410927.958727636
277,410927.958727636
278,410927.958727636
279,410927.958727636
280,410927.958727636
281,410927.9587276359
282,410927.9587276359
283,410927.9587276359
284,410927.9587276359
285,410927.9587276359
286,410927.9587276359
287,410927.9587276359
288,410927.9587276359
289,410927.9587276359
290,410927.9587276359
291,410927.9587276359
292,399733.3548273395
293,399733.3548273395
294,399733.3548273395
295,399733.3548273395
296,399733.3548273395
297,399733.3548273395
298,399733.3548273395
299,399733.3548273395
300,399733.3548273395
301,399733.3548273395
302,399733.3548273395
303,399733.3548273395
304,399733.3548273395
305,399733.3548273395
306,399733.3548273395
307,399733.3548273395
308,399733.3548273395
309,399733.3548273395
310,399733.35482733947
311,399733.35482733947
312,399733.35482733947
313,399733.35482733947
314,399733.35482733947
315,399733.35482733947
316,399733.35482733947
317,399733.35482733947
318,399733.35482733947
319,399733.35482733947
320,399733.35482733947
321,399733.35482733947
322,399733.35482733947
323,399733.35482733947
324,399733.35482733947
325,399733.35482733947
326,399733.35482733947
327,399733.35482733947
328,399733.35482733947
329,399733.35482733947
330,399733.35482733947
331,399733.35482733947
332,399733.35482733947
333,399733.35482733947
334,399733.35482733947
335,399733.35482733947
336,399733.35482733947
337,399733.35482733947
338,399733.35482733947
339,399733.35482733947
340,399733.35482733947
341,399733.35482733947
342,399733.35482733947
343,399733.35482733947
344,399733.35482733947
345,399733.35482733947
346,399733.35482733947
347,399733.35482733947
348,399733.35482733947
349,399733.35482733947
350,379562.68692351325
351,379562.68692351325
352,379562.68692351325
353,379562.68692351325
354,379562.68692351325
355,379562.68692351325
356,379562.68692351325
357,379562.68692351325
358,379562.68692351325
359,379562.68692351325
360,379562.68692351325
361,379562.68692351325
362,379562.68692351325
363,379562.68692351325
364,379562.68692351325
365,379562.68692351325
366,379562.68692351325
367,379562.68692351325
368,379562.68692351325
369,379562.68692351325
370,379562.68692351325
371,379562.68692351325
372,379562.68692351325
373,379562.68692351325
374,379562.68692351325
375,379562.68692351325
376,379562.68692351325
377,379562.68692351325
378,379562.6869235131
379,379562.6869235131
380,379562.6869235131
381,379562.6869235131
382,379562.6869235131
383,379562.6869235131
384,379562.6869235131
385,379562.6869235131
386,379562.6869235131
387,379562.6869235131
388,379562.6869235131
389,379562.6869235131
390,379562.6869235131
391,379562.6869235131
392,379562.6869235131
393,379562.6869235131
394,379562.6869235131
395,379562.6869235131
396,363793.4324911015
397,363793.4324911015
398,363793.4324911015
399,363793.4324911015
400,363793.4324911015
401,363793.4324911015
402,363793.4324911015
403,363793.4324911015
404,363793.4324911015
405,363793.4324911015
406,363793.4324911015
407,363793.4324911015
408,363793.4324911015
409,363793.4324911015
410,363793.4324911015
411,363793.4324911015
412,363793.4324911013
413,363793.4324911013
414,363793.4324911013
415,363793.4324911013
416,363793.4324911013
417,363793.4324911013
418,363793.4324911013
419,363793.4324911013
420,363793.4324911013
421,363793.4324911013
422,363793.4324911013
423,363793.4324911013
424,363793.4324911013
425,363793.4324911013
426,363793.4324911013
427,363793.4324911013
428,363793.4324911013
429,363793.4324911013
430,363793.4324911013
431,363793.4324911013
432,363793.4324911013
433,363793.4324911013
434,363793.4324911013
435,363793.4324911013
436,363793.4324911013
437,344181.2856185047
438,344181.2856185047
439,344181.2856185047
440,344181.2856185047
441,344181.2856185047
442,344181.2856185047
443,344181.2856185047
444,344181.2856185047
445,344181.2856185047
446,344181.2856185047
447,344181.2856185047
448,344181.2856185047
449,336260.4613684899
450,336260.4613684899
451,336260.4613684899
452,336260.4613684899
453,336260.4613684899
454,336260.4613684899
455,336260.4613684899
456,336260.4613684899
457,336260.4613684899
458,336260.4613684899
459,336260.4613684899
460,336260.4613684899
461,336260.4613684899
462,336260.4613684899
463,336260.4613684899
464,336260.4613684899
465,336260.4613684899
466,336260.4613684899
467,336260.4613684899
468,336260.4613684899
469,336260.4613684899
470,336260.4613684899
471,336260.4613684899
472,336260.4613684899
473,335580.98431856645
474,335580.98431856645
475,335580.98431856645
476,335580.98431856645
477,335580.98431856645
478,335580.98431856645
479,322631.5736986582
480,322631.5736986582
481,322631.5736986582
482,322631.5736986582
483,322631.5736986582
484,322631.5736986582
485,322631.5736986582
486,322631.5736986582
487,322631.5736986582
488,322631.5736986582
489,322631.5736986582
490,322631.5736986582
491,322631.5736986582
492,322631.5736986582
493,322631.5736986582
494,322631.5736986582
495,322631.5736986582
496,322631.5736986582
497,313058.8995917122
498,313058.8995917122
499,313058.8995917122
500,313058.8995917122
501,313058.8995917122
502,313058.8995917122
503,313058.8995917122
504,313058.8995917122
505,313058.8995917122
506,313058.8995917122
507,313058.8995917122
508,313058.8995917122
509,313058.8995917122
510,313058.8995917122
511,313058.8995917122
512,313058.8995917122
513,313058.8995917122
514,312714.4200397887
515,312714.4200397887
516,312714.4200397887
517,312714.4200397887
518,312714.4200397887
519,312714.4200397887
520,312714.4200397887
521,312714.4200397887
522,312714.4200397887
523,312714.4200397887
524,312714.4200397887
525,312714.4200397887
526,312714.4200397887
527,312714.4200397887
528,312714.4200397887
529,312714.4200397887
530,312714.4200397887
531,312714.4200397887
532,312714.4200397887
533,312714.4200397887
534,312714.4200397887
535,312714.4200397887
536,312714.4200397887
537,312714.4200397887
538,312714.4200397887
539,312714.4200397887
540,312714.4200397887
541,312714.4200397887
542,312714.4200397887
543,312714.4200397887
544,312714.4200397887
545,312714.4200397887
546,312714.4200397887
547,312714.4200397887
548,312714.4200397887
549,312714.4200397887
550,312714.4200397887
551,312714.4200397887
552,312714.4200397887
553,312714.4200397887
554,312714.4200397887
555,312714.4200397887
556,312714.4200397887
557,312714.4200397887
558,312714.4200397887
559,312714.4200397887
560,312714.4200397887
561,312714.4200397887
562,312714.4200397887
563,312714.4200397887
564,312714.4200397887
565,312714.4200397887
566,312714.4200397887
567,312714.4200397887
568,312714.4200397887
569,312714.4200397887
570,312714.4200397887
571,312714.4200397887
572,312714.4200397887
573,312714.4200397887
574,312714.4200397887
575,312714.4200397887
576,312714.4200397887
577,312714.4200397887
578,307881.93581571477
579,307881.93581571477
580,307881.93581571477
581,307881.93581571477
582,307881.93581571477
583,307881.93581571477
584,307881.93581571477
585,307881.93581571477
586,307881.93581571477
587,307881.93581571477
588,307881.93581571477
589,307881.93581571477
590,307881.93581571477
591,307881.93581571477
592,307881.93581571477
593,307881.93581571477
594,307881.93581571477
595,307881.93581571477
596,307881.93581571477
597,307881.93581571477
598,307881.93581571477
599,307881.93581571477
600,307881.93581571453
601,307881.93581571453
602,307881.93581571453
603,307881.93581571453
604,307881.93581571453
605,307881.93581571453
606,307881.93581571453
607,307881.93581571453
608,307881.93581571453
609,307881.93581571453
610,307881.93581571453
611,307881.93581571453
612,307881.93581571453
613,307881.93581571453
614,307881.93581571453
615,307881.93581571453
616,307881.93581571453
617,307881.93581571453
618,307881.93581571453
619,307881.93581571453
620,307881.93581571453
621,307881.93581571453
622,307881.93581571453
623,307881.93581571453
624,307881.93581571453
625,307881.93581571453
626,307881.93581571453
627,307881.93581571453
628,307881.93581571453
629,307881.93581571453
630,307881.93581571453
631,307881.93581571453
632,307881.93581571453
633,307881.93581571453
634,307881.93581571453
635,307881.93581571453
636,307881.93581571453
637,307881.93581571453
638,307881.93581571453
639,307881.93581571453
640,307881.93581571453
641,307881.93581571453
642,307543.8441224376
643,307543.8441224376
644,307543.8441224376
645,307543.8441224376
646,307543.8441224376
647,307543.8441224376
648,307543.8441224376
649,307543.8441224376
650,307543.8441224376
651,307543.8441224376
652,307543.8441224376
653,307543.8441224376
654,307543.8441224376
655,307543.8441224376
656,307543.8441224376
657,307543.8441224376
658,307543.8441224376
659,307543.8441224376
660,307543.8441224376
661,307543.8441224376
662,307543.8441224376
663,307543.8441224376
664,307543.8441224376
665,307543.8441224376
666,307543.8441224376
667,307543.8441224376
668,307543.8441224376
669,301714.7455458136
670,301714.7455458136
671,301714.7455458136
672,301714.7455458136
673,301714.7455458136
674,301714.7455458136
675,301714.7455458136
676,301714.7455458136
677,301714.7455458136
678,301714.7455458136
679,301714.7455458136
680,301714.7455458136
681,301714.7455458136
682,301714.7455458136
683,301714.7455458136
684,301714.7455458136
685,301714.7455458136
686,301714.7455458136
687,301714.7455458136
688,301714.7455458136
689,301714.7455458136
690,301714.7455458136
691,301714.7455458136
692,301714.7455458136
693,301714.7455458136
694,301714.7455458136
695,301714.7455458136
696,301714.7455458136
697,301714.7455458136
698,301714.7455458136
699,301714.7455458136
700,301714.7455458136
701,301714.7455458136
702,301714.7455458136
703,301714.7455458136
704,301714.7455458136
705,301714.7455458136
706,301714.7455458136
707,301269.225022954
708,268429.46547459625
709,268429.46547459625
710,268429.46547459625
711,268429.46547459625
712,268429.46547459625
713,268429.46547459625
714,268429.46547459625
715,268429.46547459625
716,268429.465474596
717,268429.465474596
718,268429.465474596
719,268429.465474596
720,268429.465474596
721,268429.465474596
722,268429.465474596
723,268429.465474596
724,268429.465474596
725,268429.465474596
726,268429.465474596
727,268429.465474596
728,268429.465474596
729,268429.465474596
730,268429.465474596
731,268429.465474596
732,268429.465474596
733,268429.465474596
734,268429.465474596
735,268429.465474596
736,268429.465474596
737,268429.465474596
738,268429.465474596
739,268429.465474596
740,268429.465474596
741,251443.299969429
742,251443.299969429
743,251443.299969429
744,251443.299969429
745,251443.299969429
746,251443.299969429
747,251443.299969429
748,251443.299969429
749,251443.299969429
750,251443.299969429
751,251443.299969429
752,251443.299969429
753,251443.299969429
754,251443.299969429
755,251443.299969429
756,251443.29996942895
757,251443.29996942895
758,251443.29996942895
759,251443.29996942895
760,251443.29996942895
761,251443.29996942895
762,251443.29996942895
763,251443.29996942895
764,251443.29996942895
765,251443.29996942895
766,251443.29996942895
767,251443.29996942895
768,251443.29996942895
769,251443.29996942895
770,251443.29996942895
771,251443.29996942895
772,251443.29996942895
773,251443.29996942895
774,251443.29996942895
775,251443.29996942895
776,251443.29996942895
777,251443.29996942895
778,251443.29996942895
779,251443.29996942895
780,251443.29996942895
781,251443.29996942895
782,251443.29996942895
783,251443.29996942895
784,251443.29996942895
785,251443.29996942895
786,251443.29996942895
787,251443.29996942895
788,251443.29996942895
789,251443.29996942895
790,251443.29996942895
791,251443.29996942895
792,251443.29996942895
793,251443.29996942895
794,251443.29996942895
795,251443.29996942895
796,201434.7022047813
797,201434.7022047813
798,201434.7022047813
799,201434.70220478126
800,201434.70220478126
801,201434.70220478126
802,201434.70220478126
803,201434.70220478126
804,201434.70220478126
805,201434.70220478126
806,201434.70220478126
807,201434.70220478126
808,201434.70220478126
809,201434.70220478126
810,201434.70220478126
811,201434.70220478126
812,201434.70220478126
813,201434.70220478126
814,201434.70220478126
815,201434.70220478126
816,201434.70220478126
817,201434.70220478126
818,201434.70220478126
819,201434.70220478126
820,201434.70220478126
821,201434.70220478124
822,201434.70220478124
823,201434.70220478124
824,201434.70220478124
825,201434.70220478124
826,201434.70220478124
827,201434.70220478124
828,201434.70220478124
829,201434.70220478124
830,201434.70220478124
831,201434.70220478124
832,201434.70220478124
833,201434.70220478124
834,201434.70220478124
835,201434.70220478124
836,201434.70220478124
837,201434.70220478124
838,201434.70220478124
839,201434.70220478124
840,201434.70220478124
841,201434.70220478124
842,201434.70220478124
843,201434.70220478124
844,201434.70220478124
845,201434.70220478124
846,201434.70220478124
847,201434.70220478124
848,201434.70220478124
849,201434.70220478124
850,201434.70220478124
851,201434.70220478124
852,201434.70220478124
853,201434.70220478124
854,201434.70220478124
855,201434.70220478124
856,201434.70220478124
857,201434.70220478124
858,201434.70220478124
859,201434.70220478124
860,201434.70220478124
861,201434.70220478124
862,201434.70220478124
863,201434.70220478124
864,201434.70220478124
865,201434.70220478124
866,201434.70220478124
867,201434.70220478124
868,201434.70220478124
869,201434.70220478124
870,201434.70220478124
871,201434.70220478124
872,201434.70220478124
873,201434.70220478124
874,201434.70220478124
875,201434.70220478124
876,201434.70220478124
877,201434.70220478124
878,201434.70220478124
879,201434.70220478124
880,201434.70220478124
881,201434.70220478124
882,201434.70220478124
883,201434.70220478124
884,201434.70220478106
885,201434.70220478106
886,201434.70220478106
887,201434.70220478106
888,201434.70220478106
889,201434.70220478106
890,201434.70220478106
891,201434.70220478106
892,201434.70220478106
893,201434.70220478106
894,201434.70220478106
895,201434.70220478106
896,201434.70220478106
897,201434.70220478106
898,201434.70220478106
899,201434.70220478106
900,201434.70220478106
901,201434.70220478106
902,201434.70220478106
903,201434.70220478106
904,201434.70220478106
905,201434.70220478106
906,201434.70220478106
907,201434.70220478106
908,201434.70220478106
909,201434.70220478106
910,193320.18885731258
911,193320.18885731258
912,193320.18885731258
913,193320.18885731258
914,190997.26029667596
915,190997.26029667596
916,190997.26029667596
917,190997.26029667596
918,190997.26029667596
919,190997.26029667596
920,190997.26029667596
921,190997.26029667596
922,190997.26029667596
923,190997.26029667596
924,190997.2602966759
925,190997.2602966759
926,190997.2602966759
927,190997.2602966759
928,190997.2602966759
929,190997.2602966759
930,190997.2602966759
931,190997.2602966759
932,190997.2602966759
933,190997.2602966759
934,190997.2602966759
935,190997.2602966759
936,187710.16633399396
937,187710.16633399396
938,187710.16633399396
939,187710.16633399396
940,187710.16633399396
941,187710.16633399396
942,187710.16633399396
943,187710.16633399396
944,187710.16633399396
945,187710.16633399396
946,187710.16633399396
947,187710.16633399396
948,187710.16633399396
949,187710.16633399396
950,187710.16633399396
951,187710.16633399396
952,187710.16633399396
953,187710.16633399396
954,187710.16633399396
955,187710.16633399396
956,187710.16633399396
957,187710.16633399396
958,187710.16633399396
959,187710.16633399396
960,187710.16633399396
961,187710.16633399396
962,187710.16633399396
963,187710.16633399396
964,187710.16633399396
965,187710.16633399396
966,187710.16633399396
967,187710.16633399396
968,187710.16633399396
969,187710.16633399396
970,187710.16633399396
971,187710.16633399396
972,187710.16633399396
973,187710.16633399396
974,187710.16633399396
975,187710.16633399396
976,187710.16633399396
977,187710.16633399396
978,187710.16633399396
979,187710.16633399396
980,187710.16633399396
981,187710.16633399396
982,187710.16633399396
983,187710.16633399396
984,187710.16633399396
985,187710.16633399396
986,187710.16633399396
987,187710.16633399396
988,187710.16633399396
989,187710.16633399396
990,187710.16633399396
991,187710.16633399396
992,187710.16633399396
993,187710.16633399396
994,187710.16633399396
995,187710.16633399396
996,187710.16633399396
997,187710.16633399396
998,187710.16633399396
999,187710.16633399396
1000,187710.16633399396
1001,187710.16633399396
1002,187710.16633399396
1003,187710.16633399396
1004,187710.16633399396
1005,187710.16633399396
1006,187710.16633399396
1007,187710.16633399396
1008,187710.16633399396
1009,187710.16633399396
1010,187710.16633399396
1011,187710.16633399396
1012,187710.16633399396
1013,187710.16633399396
1014,187710.16633399396
1015,187710.16633399396
1016,187710.16633399396
1017,187710.16633399396
1018,187710.16633399396
1019,187710.16633399396
1020,187710.16633399396
1021,187710.16633399396
1022,187710.16633399396
1023,187710.16633399396
1024,187710.16633399396
1025,187710.16633399396
1026,187710.16633399396
1027,187710.16633399396
1028,187710.16633399396
1029,187710.16633399396
1030,187710.16633399396
1031,187710.16633399396
1032,187710.16633399396
1033,187710.16633399396
1034,187710.16633399396
1035,187710.16633399396
1036,187710.16633399396
1037,187710.16633399396
1038,187710.16633399396
1039,187710.16633399396
1040,187710.16633399396
1041,187710.16633399396
1042,187710.16633399396
1043,187710.16633399396
1044,187710.16633399396
1045,187710.16633399396
1046,187710.16633399396
1047,187710.16633399396
1048,187710.16633399396
1049,187710.16633399396
1050,187710.16633399396
1051,187710.16633399396
1052,187710.16633399396
1053,187710.16633399396
1054,187710.16633399396
1055,187710.16633399396
1056,187710.16633399396
1057,187710.16633399396
1058,187710.16633399396
1059,187710.16633399396
1060,187710.16633399396
1061,187710.16633399396
1062,187710.16633399396
1063,187710.16633399396
1064,187710.16633399396
1065,187710.16633399396
1066,187710.16633399396
1067,187710.16633399396
1068,187710.16633399396
1069,187710.16633399396
1070,187710.16633399396
1071,187710.16633399396
1072,187710.16633399396
1073,187594.49469568286
1074,187594.49469568286
1075,187594.49469568286
1076,187594.49469568286
1077,187594.49469568286
1078,187594.49469568286
1079,187107.49912675438
1080,187107.49912675438
1081,187107.49912675438
1082,187107.49912675438
1083,187107.49912675438
1084,187107.49912675438
1085,187107.49912675438
1086,187107.49912675438
1087,187107.49912675438
1088,187107.49912675438
1089,187107.49912675438
1090,187107.49912675438
1091,187107.49912675438
1092,187107.49912675438
1093,187107.49912675438
1094,187107.49912675438
1095,187107.49912675438
1096,187107.49912675438
1097,187107.49912675438
1098,187107.49912675438
1099,187107.49912675438
1100,187107.49912675438
1101,187107.49912675438
1102,187107.49912675438
1103,187107.49912675438
1104,187107.49912675438
1105,187107.49912675438
1106,187107.49912675438
1107,186171.86213952772
1108,186171.86213952772
1109,186171.86213952772
1110,186171.86213952772
1111,186171.86213952772
1112,186171.86213952754
1113,186171.86213952754
1114,186171.86213952754
1115,186171.86213952754
1116,186171.86213952754
1117,186171.86213952754
1118,186171.86213952754
1119,186171.86213952754
1120,186171.86213952754
1121,186171.86213952754
1122,186171.86213952754
1123,186171.86213952754
1124,186171.86213952754
1125,186171.86213952754
1126,186171.86213952754
1127,186171.86213952754
1128,186171.86213952754
1129,186171.86213952754
1130,186171.86213952754
1131,186171.86213952754
1132,186171.86213952754
1133,186171.86213952754
1134,186171.86213952754
1135,186171.86213952754
1136,186171.86213952754
1137,186171.86213952754
1138,186171.86213952754
1139,186171.86213952754
1140,186171.86213952754
1141,186171.86213952754
1142,186171.86213952754
1143,186171.86213952754
1144,186171.86213952754
1145,186171.86213952754
1146,186171.86213952754
1147,186171.86213952754
1148,186171.86213952754
1149,186171.86213952754
1150,186171.86213952754
1151,186171.86213952754
1152,186171.86213952754
1153,186171.86213952754
1154,186171.86213952754
1155,186171.86213952754
1156,186171.86213952754
1157,186171.86213952754
1158,186171.86213952754
1159,186171.86213952754
1160,186171.86213952754
1161,183769.16956075723
1162,183769.16956075723
1163,183769.16956075723
1164,183769.16956075723
1165,183769.16956075723
1166,183769.16956075723
1167,183769.16956075723
1168,183769.16956075723
1169,183769.16956075723
1170,183769.16956075723
1171,183769.16956075723
1172,183769.16956075703
1173,183769.16956075703
1174,183769.16956075703
1175,183769.16956075703
1176,183769.16956075703
1177,183769.16956075703
1178,183769.16956075703
1179,183769.16956075703
1180,183769.16956075703
1181,183769.16956075703
1182,183769.16956075703
1183,183769.16956075703
1184,183769.16956075703
1185,183769.16956075703
1186,183769.16956075703
1187,183769.16956075703
1188,183769.16956075697
1189,183769.16956075697
1190,183769.16956075697
1191,183769.16956075697
1192,183769.16956075697
1193,183769.16956075697
1194,183769.16956075697
1195,183769.16956075697
1196,183769.16956075697
1197,183769.16956075697
1198,183769.16956075697
1199,183769.16956075697
1200,183769.16956075697
1201,183769.16956075697
1202,183769.16956075697
1203,183769.16956075697
1204,183769.16956075697
1205,183769.16956075697
1206,183769.16956075697
1207,183769.16956075697
1208,183769.16956075697
1209,183769.16956075697
1210,183769.16956075697
1211,183769.16956075697
1212,183769.16956075697
1213,183769.16956075697
1214,183769.16956075697
1215,183769.16956075697
1216,183769.16956075697
1217,183769.16956075697
1218,183769.16956075697
1219,183769.16956075697
1220,183769.16956075697
1221,183769.16956075697
1222,183769.16956075697
1223,183769.16956075697
1224,183769.16956075697
1225,183769.16956075697
1226,183769.16956075697
1227,183769.16956075697
1228,183769.16956075697
1229,183769.16956075697
1230,183769.16956075697
1231,182451.3653587969
1232,182451.3653587969
1233,182451.3653587969
1234,182451.3653587969
1235,182451.3653587969
1236,182451.3653587969
1237,182451.3653587969
1238,182451.3653587969
1239,182451.3653587969
1240,182451.3653587969
1241,182451.3653587969
1242,182451.3653587969
1243,182451.3653587969
1244,182451.3653587969
1245,182451.3653587969
1246,182451.3653587969
1247,182451.3653587969
1248,182451.3653587969
1249,182451.3653587969
1250,182451.3653587969
1251,182451.3653587969
1252,182451.3653587969
1253,182451.3653587969
1254,182451.3653587969
1255,182451.3653587969
1256,182451.3653587969
1257,182451.3653587969
1258,182451.3653587969
1259,182451.3653587969
1260,182451.3653587969
1261,182451.3653587969
1262,182451.3653587969
1263,182451.3653587969
1264,182451.3653587969
1265,182451.3653587969
1266,159495.34440832998
1267,159495.3444083298
1268,159495.3444083298
1269,159495.3444083298
1270,159495.3444083298
1271,159495.3444083298
1272,159495.3444083298
1273,159495.3444083298
1274,159495.3444083298
1275,159495.3444083298
1276,159495.3444083298
1277,159495.3444083298
1278,159495.3444083298
1279,159495.3444083298
1280,159495.3444083298
1281,159495.3444083298
1282,159495.3444083298
1283,159495.3444083298
1284,159495.3444083298
1285,159495.3444083298
1286,158815.87964566355
1287,158815.87964566355
1288,158815.87964566355
1289,158815.87964566355
1290,158815.87964566355
1291,158815.87964566355
1292,158815.87964566355
1293,158815.87964566355
1294,139117.95329790696
1295,139117.95329790696
1296,139117.95329790696
1297,139117.95329790696
1298,139117.95329790696
1299,139117.95329790696
1300,139117.95329790696
1301,139117.95329790696
1302,139117.95329790696
1303,139117.95329790696
1304,139117.95329790696
1305,139117.95329790696
1306,139117.95329790696
1307,139117.95329790696
1308,139117.95329790696
1309,139117.95329790696
1310,139117.95329790696
1311,139117.95329790696
1312,139117.95329790696
1313,139117.95329790696
1314,139117.95329790696
1315,139117.95329790696
1316,139117.95329790696
1317,139117.95329790696
1318,139117.95329790696
1319,139117.95329790696
1320,139117.95329790696
1321,139117.95329790696
1322,139117.95329790696
1323,139117.95329790696
1324,139117.95329790696
1325,139117.95329790696
1326,139117.95329790696
1327,139117.95329790696
1328,136448.4216841298
1329,136448.4216841298
1330,136448.4216841298
1331,136448.4216841298
1332,136448.4216841298
1333,136448.4216841298
1334,136448.4216841298
1335,136448.42168412966
1336,136448.42168412966
1337,136448.42168412966
1338,136448.42168412966
1339,136448.42168412966
1340,136448.42168412966
1341,136448.42168412966
1342,136448.42168412966
1343,136448.42168412966
1344,136448.42168412966
1345,136448.42168412966
1346,136448.42168412966
1347,136448.42168412966
1348,136448.42168412966
1349,136448.42168412966
1350,136448.42168412966
1351,136448.42168412966
1352,136448.42168412966
1353,136448.42168412966
1354,136448.42168412966
1355,136448.42168412966
1356,136448.42168412966
1357,136448.42168412966
1358,136448.42168412966
1359,136448.42168412966
1360,136448.42168412966
1361,136448.42168412966
1362,136448.42168412966
1363,136448.42168412966
1364,136448.42168412966
1365,136448.42168412966
1366,136448.42168412966
1367,136448.42168412966
1368,136448.42168412966
1369,136448.42168412966
1370,136448.42168412966
1371,136448.42168412966
1372,136448.42168412966
1373,136448.42168412966
1374,136448.42168412966
1375,136448.42168412966
1376,136448.42168412966
1377,136448.42168412966
1378,136448.42168412966
1379,136448.42168412966
1380,136448.42168412966
1381,136448.42168412966
1382,136448.42168412966
1383,136448.42168412966
1384,136448.42168412966
1385,134258.28650514953
1386,134258.28650514953
1387,134258.28650514953
1388,134258.28650514953
1389,134258.28650514953
1390,134258.28650514953
1391,134258.28650514953
1392,134258.28650514953
1393,134258.28650514953
1394,134258.28650514953
1395,134258.28650514947
1396,134258.28650514947
1397,134258.28650514947
1398,134258.28650514947
1399,134258.28650514947
1400,134258.28650514947
1401,134258.28650514947
1402,134258.28650514947
1403,134258.28650514947
1404,134258.28650514947
1405,134258.28650514947
1406,134258.28650514947
1407,134258.28650514947
1408,134258.28650514947
1409,134258.28650514947
1410,134258.28650514947
1411,134258.28650514947
1412,134258.28650514947
1413,134258.28650514947
1414,134258.28650514947
1415,134258.28650514947
1416,134258.28650514947
1417,134258.28650514947
1418,134258.28650514947
1419,134258.28650514947
1420,134258.28650514947
1421,134258.28650514947
1422,134258.28650514947
1423,134258.28650514947
1424,134258.28650514947
1425,134258.28650514947
1426,134258.28650514947
1427,134258.28650514947
1428,134258.28650514947
1429,134258.28650514947
1430,134258.28650514947
1431,134258.28650514947
1432,134258.28650514947
1433,132956.54175489832
1434,132956.54175489832
1435,132956.54175489832
1436,132956.54175489832
1437,132956.54175489832
1438,132956.54175489832
1439,132956.54175489832
1440,132956.54175489832
1441,132956.54175489832
1442,132956.54175489832
1443,132956.54175489832
1444,132956.54175489832
1445,132956.54175489832
1446,132956.54175489832
1447,132956.54175489832
1448,132956.54175489832
1449,132956.54175489832
1450,132956.54175489832
1451,132956.54175489832
1452,132956.54175489832
1453,132956.54175489832
1454,132956.54175489832
1455,132956.54175489832
1456,132956.54175489832
1457,132956.54175489832
1458,132956.54175489832
1459,132956.54175489832
1460,132956.54175489832
1461,132956.54175489832
1462,132956.54175489832
1463,132956.54175489832
1464,132956.54175489832
1465,132956.54175489832
1466,132956.54175489832
1467,132956.54175489832
1468,132956.54175489832
1469,132956.54175489832
1470,132956.54175489832
1471,132956.54175489832
1472,132956.54175489832
1473,132956.54175489832
1474,132956.54175489832
1475,132956.54175489832
1476,132956.54175489832
1477,132956.54175489832
1478,132956.54175489832
1479,132956.54175489832
1480,132956.54175489832
1481,132956.54175489832
1482,132956.54175489832
1483,132956.54175489832
1484,132956.54175489832
1485,132956.54175489832
1486,132956.54175489832
1487,132956.54175489832
1488,132956.54175489832
1489,132956.54175489832
1490,130959.5842324501
1491,130959.5842324501
1492,130959.5842324501
1493,130959.5842324501
1494,130959.5842324501
1495,130959.5842324501
1496,130959.5842324501
1497,130959.5842324501
1498,130959.5842324501
1499,130959.5842324501
1500,130959.5842324501
1501,130959.5842324501
1502,130959.5842324501
1503,130959.5842324501
1504,130959.5842324501
1505,130959.5842324501
1506,130959.5842324501
1507,130959.5842324501
1508,130959.5842324501
1509,130959.5842324501
1510,130959.5842324501
1511,130959.5842324501
1512,130959.5842324501
1513,130959.5842324501
1514,130959.5842324501
1515,130959.5842324501
1516,130959.5842324501
1517,130959.5842324501
1518,130959.5842324501
1519,130959.5842324501
1520,130959.5842324501
1521,130959.5842324501
1522,130959.5842324501
1523,130959.5842324501
1524,130959.5842324501
1525,130959.5842324501
1526,130959.5842324501
1527,130959.5842324501
1528,130959.5842324501
1529,130959.5842324501
1530,130959.5842324501
1531,130959.5842324501
1532,130959.5842324501
1533,130959.5842324501
1534,130959.5842324501
1535,130959.5842324501
1536,130959.5842324501
1537,130959.5842324501
1538,130959.5842324501
1539,130959.5842324501
1540,130959.5842324501
1541,130959.5842324501
1542,130959.5842324501
1543,130959.5842324501
1544,130959.5842324501
1545,130959.5842324501
1546,130959.5842324501
1547,130959.5842324501
1548,130959.5842324501
1549,130959.5842324501
1550,130959.5842324501
1551,130959.5842324501
1552,130959.5842324501
1553,130959.5842324501
1554,130959.58423245004
1555,130959.58423245004
1556,130959.58423245004
1557,130959.58423245004
1558,130959.58423245004
1559,130959.58423245004
1560,130959.58423245004
1561,130959.58423245004
1562,130959.58423245004
1563,130959.58423245004
1564,130959.58423245004
1565,130959.58423245004
1566,130959.58423245004
1567,130959.58423245004
1568,130959.58423245004
1569,130959.58423245004
1570,130959.58423245004
1571,130959.58423245004
1572,130959.58423245004
1573,130959.58423245004
1574,130959.58423245004
1575,130959.58423245004
1576,130959.58423245004
1577,130959.58423245004
1578,130959.58423245004
1579,130959.58423245004
1580,130959.58423245004
1581,130959.58423245004
1582,130959.58423245004
1583,130959.58423245004
1584,130959.58423245004
1585,130959.58423245004
1586,130959.58423245004
1587,130959.58423245004
1588,130959.58423245004
1589,130959.58423245004
1590,130959.58423245004
1591,130959.58423245004
1592,130959.58423245004
1593,130959.58423245004
1594,130959.58423245004
1595,130959.58423245004
1596,130959.58423245004
1597,130959.58423244995
1598,130959.58423244995
1599,130959.58423244995
1600,130959.58423244995
1601,130959.58423244995
1602,130959.58423244995
1603,130959.58423244995
1604,130959.58423244995
1605,130959.58423244995
1606,130959.58423244995
1607,130959.58423244995
1608,130959.58423244995
1609,130959.58423244995
1610,130959.58423244995
1611,130959.58423244995
1612,130959.58423244995
1613,130959.58423244995
1614,130959.58423244995
1615,130959.58423244995
1616,130959.58423244995
1617,130959.58423244995
1618,130959.58423244995
1619,130959.58423244995
1620,130959.58423244995
1621,130959.58423244995
1622,130959.58423244995
1623,130959.58423244995
1624,130959.58423244995
1625,130959.58423244995
1626,130959.58423244995
1627,130959.58423244995
1628,130959.58423244995
1629,130959.58423244995
1630,130959.58423244995
1631,130959.58423244995
1632,130959.58423244995
1633,130959.58423244995
1634,130959.58423244995
1635,130959.58423244995
1636,130959.58423244995
1637,130959.58423244995
1638,130959.58423244995
1639,130959.58423244995
1640,130959.58423244995
1641,130959.58423244995
1642,130959.58423244995
1643,130959.58423244995
1644,130959.58423244987
1645,130959.58423244987
1646,130959.58423244987
1647,130959.58423244987
1648,130959.58423244987
1649,130959.58423244987
1650,130959.58423244987
1651,130959.58423244987
1652,130959.58423244987
1653,130959.58423244987
1654,130959.58423244987
1655,130959.58423244987
1656,130959.58423244987
1657,130959.58423244987
1658,130959.58423244987
1659,130959.58423244987
1660,130959.58423244987
1661,130959.58423244987
1662,130959.58423244987
1663,130959.58423244987
1664,130959.58423244987
1665,130959.58423244987
1666,130959.58423244987
1667,130959.58423244987
1668,130959.58423244987
1669,130959.58423244987
1670,130959.58423244987
1671,130959.58423244987
1672,130959.58423244987
1673,130959.58423244987
1674,130959.58423244987
1675,130959.58423244987
1676,130959.58423244987
1677,130959.58423244987
1678,130959.58423244987
1679,130959.58423244987
1680,130959.58423244987
1681,130959.58423244987
1682,130959.58423244987
1683,130959.58423244987
1684,130959.58423244987
1685,130959.58423244987
1686,130959.58423244987
1687,130959.58423244987
1688,129437.35485355268
1689,129437.35485355268
1690,129437.35485355268
1691,129437.35485355268
1692,129437.35485355268
1693,103551.17455514456
1694,103551.17455514456
1695,103551.17455514456
1696,103551.17455514456
1697,103551.17455514456
1698,103551.17455514456
1699,103551.17455514456
1700,103551.17455514456
1701,103551.17455514456
1702,103551.17455514456
1703,103551.17455514456
1704,103551.17455514456
1705,103551.17455514456
1706,103551.17455514456
1707,103551.17455514456
1708,103551.17455514456
1709,103551.17455514456
1710,103551.17455514456
1711,103551.17455514456
1712,103551.17455514456
1713,103551.17455514456
1714,103551.17455514456
1715,103551.17455514456
1716,103551.17455514456
1717,98407.21598709267
1718,98407.21598709267
1719,98407.21598709267
1720,98407.21598709267
1721,98407.21598709267
1722,98407.21598709267
1723,98407.21598709267
1724,98407.21598709267
1725,98407.21598709267
1726,98407.21598709267
1727,98407.21598709267
1728,98407.21598709267
1729,98407.21598709267
1730,98407.21598709267
1731,98407.21598709267
1732,98407.21598709267
1733,98407.21598709267
1734,98407.21598709267
1735,98407.21598709267
1736,98407.21598709267
1737,98407.21598709267
1738,98407.21598709267
1739,98407.21598709267
1740,98407.21598709267
1741,98407.21598709267
1742,98407.21598709267
1743,98407.21598709267
1744,98407.21598709267
1745,98407.21598709267
1746,98407.21598709267
1747,98407.21598709267
1748,98407.21598709267
1749,98407.21598709267
1750,98407.21598709267
1751,98407.21598709267
1752,98407.21598709267
1753,98407.21598709267
1754,98407.21598709267
1755,98407.21598709267
1756,98407.21598709267
1757,98407.21598709267
1758,98407.21598709267
1759,98407.21598709267
1760,98407.21598709267
1761,98407.21598709267
1762,98407.21598709267
1763,98407.21598709267
1764,98407.21598709267
1765,98407.21598709267
1766,98407.21598709267
1767,98407.21598709267
1768,98407.21598709267
1769,98407.21598709267
1770,98407.21598709267
1771,98407.21598709267
1772,98407.21598709267
1773,98407.21598709267
1774,98407.21598709264
1775,97454.76876901822
1776,97454.76876901822
1777,97454.76876901822
1778,97454.76876901822
1779,97454.76876901822
1780,97454.76876901822
1781,97454.76876901822
1782,97454.76876901822
1783,97454.76876901822
1784,97454.76876901822
1785,97454.76876901822
1786,97454.76876901822
1787,97454.76876901816
1788,97454.76876901816
1789,97454.76876901816
1790,97454.76876901816
1791,97454.76876901816
1792,97454.76876901816
1793,97454.76876901816
1794,97454.76876901816
1795,97454.76876901816
1796,97454.76876901816
1797,97454.76876901816
1798,97454.76876901816
1799,97454.76876901816
1800,97454.76876901816
1801,97454.76876901816
1802,97454.76876901816
1803,97454.76876901816
1804,97454.76876901816
1805,97454.76876901816
1806,97454.76876901816
1807,97454.76876901816
1808,97454.76876901816
1809,97454.76876901816
1810,97454.76876901816
1811,97454.76876901816
1812,97454.76876901816
1813,97454.76876901816
1814,97454.76876901816
1815,97454.76876901816
1816,97454.76876901816
1817,97454.76876901816
1818,97454.76876901816
1819,97454.76876901816
1820,97454.76876901816
1821,97454.76876901816
1822,97454.76876901816
1823,97454.76876901816
1824,97454.76876901816
1825,97454.76876901816
1826,97454.76876901816
1827,97454.76876901816
1828,97454.76876901816
1829,97454.76876901816
1830,97454.76876901816
1831,97454.76876901816
1832,97454.76876901816
1833,97454.76876901816
1834,97454.76876901816
1835,97454.76876901816
1836,97454.76876901816
1837,97454.76876901816
1838,97454.76876901816
1839,97454.76876901816
1840,97454.76876901816
1841,97454.76876901816
1842,97454.76876901816
1843,97454.76876901816
1844,97454.76876901816
1845,97454.76876901816
1846,97454.76876901816
1847,97454.76876901816
1848,97454.76876901816
1849,97454.76876901816
1850,97454.76876901816
1851,97454.76876901816
1852,97454.76876901816
1853,97454.76876901816
1854,97454.76876901816
1855,97454.76876901816
1856,97454.76876901816
1857,97454.76876901816
1858,97454.76876901816
1859,97454.76876901816
1860,97454.76876901816
1861,97454.76876901816
1862,97454.76876901816
1863,97454.76876901816
1864,97454.76876901816
1865,97454.76876901816
1866,97454.76876901816
1867,97454.76876901816
1868,97454.76876901816
1869,97454.76876901816
1870,97454.76876901816
1871,97454.76876901816
1872,97454.76876901816
1873,97454.76876901816
1874,97454.76876901816
1875,97454.76876901816
1876,97454.76876901816
1877,97454.76876901816
1878,97454.76876901816
1879,97454.76876901816
1880,97454.76876901816
1881,97454.76876901816
1882,97454.76876901816
1883,97454.76876901816
1884,97454.76876901816
1885,97454.76876901816
1886,97454.76876901816
1887,97454.76876901816
1888,97454.76876901816
1889,97454.76876901816
1890,97454.76876901816
1891,97454.76876901816
1892,97454.76876901816
1893,97454.76876901816
1894,97454.76876901816
1895,97454.76876901816
1896,97454.76876901816
1897,97454.76876901816
1898,97454.76876901816
1899,97454.76876901816
1900,97454.76876901816
1901,97454.76876901816
1902,97454.76876901816
1903,97454.76876901816
1904,97454.76876901816
1905,97454.76876901816
1906,97454.76876901816
1907,97454.76876901816
1908,97454.76876901816
1909,97454.76876901816
1910,97454.76876901816
1911,97454.76876901816
1912,97454.76876901816
1913,97454.76876901816
1914,97454.76876901816
1915,97454.76876901816
1916,97454.76876901816
1917,97454.76876901816
1918,97454.76876901816
1919,97454.76876901816
1920,97454.76876901816
1921,97454.76876901816
1922,97454.76876901816
1923,97454.76876901816
1924,97454.76876901816
1925,97454.76876901816
1926,97454.76876901816
1927,97454.76876901816
1928,97454.76876901816
1929,97454.76876901816
1930,97454.76876901816
1931,97454.76876901816
1932,97454.76876901816
1933,97454.76876901816
1934,97454.76876901816
1935,97454.76876901816
1936,97454.76876901816
1937,97454.76876901816
1938,97454.76876901816
1939,97454.76876901816
1940,97454.76876901816
1941,97454.76876901816
1942,97454.76876901816
1943,97454.76876901816
1944,97454.76876901816
1945,97454.76876901816
1946,97454.76876901816
1947,89327.9891128072
1948,89327.9891128072
1949,89327.9891128072
1950,89327.9891128072
1951,89327.9891128072
1952,89327.9891128072
1953,89327.9891128072
1954,89327.9891128072
1955,89327.9891128072
1956,89327.9891128072
1957,89327.9891128072
1958,89327.9891128072
1959,89327.9891128072
1960,81314.08522757413
1961,81314.08522757413
1962,81314.08522757413
1963,81314.08522757413
1964,81314.08522757413
1965,81314.08522757413
1966,81314.085227574
1967,81314.085227574
1968,81314.085227574
1969,81314.085227574
1970,81314.085227574
1971,81314.085227574
1972,81314.085227574
1973,81314.085227574
1974,81314.085227574
1975,81314.085227574
1976,81314.085227574
1977,81314.085227574
1978,71693.81261677083
1979,71693.81261677083
1980,71693.81261677081
1981,71693.81261677081
1982,71693.81261677081
1983,71693.81261677081
1984,71693.81261677081
1985,71693.81261677081
1986,71693.81261677081
1987,71693.81261677081
1988,71693.81261677081
1989,71693.81261677081
1990,71693.81261677081
1991,71693.81261677081
1992,71693.81261677081
1993,71693.81261677081
1994,71693.81261677081
1995,71693.81261677081
1996,71693.81261677081
1997,71693.81261677081
1998,71693.81261677081
1999,71693.81261677081
2000,71693.81261677081
2001,71693.81261677081
2002,71693.81261677081
2003,71693.81261677081
2004,71693.81261677081
2005,71693.81261677081
2006,71693.81261677081
2007,71693.8126167708
2008,71693.8126167708
2009,71693.8126167708
2010,71693.8126167708
2011,71693.8126167708
2012,71693.8126167708
2013,71693.8126167708
2014,71693.8126167708
2015,71693.8126167708
2016,71693.8126167708
2017,71693.8126167708
2018,71693.8126167708
2019,71693.8126167708
2020,71693.8126167708
2021,71693.8126167708
2022,71693.8126167708
2023,71693.8126167708
2024,71693.8126167708
2025,71693.8126167708
2026,71693.8126167708
2027,71693.8126167708
2028,71693.8126167708
2029,71693.8126167708
2030,71693.8126167708
2031,71693.8126167708
2032,71693.8126167708
2033,71693.8126167708
2034,71693.8126167708
2035,71693.81261677077
2036,71693.81261677077
2037,71693.81261677077
2038,71693.81261677077
2039,71693.81261677077
2040,71693.81261677077
2041,71693.81261677077
2042,71693.81261677077
2043,71693.81261677077
2044,71693.81261677077
2045,71693.81261677077
2046,71693.81261677077
2047,71693.81261677077
2048,71693.81261677077
2049,71693.81261677077
2050,71693.81261677077
2051,71693.81261677077
2052,71693.81261677077
2053,71693.81261677077
2054,71693.81261677077
2055,71693.81261677077
2056,71693.81261677077
2057,71693.81261677077
2058,71693.81261677077
2059,71693.81261677077
2060,71693.81261677077
2061,71693.81261677077
2062,71693.81261677077
2063,66512.87484556463
2064,66512.87484556463
2065,66512.87484556463
2066,66512.87484556463
2067,66512.87484556463
2068,66512.87484556463
2069,66512.87484556458
2070,66512.87484556458
2071,66512.87484556458
2072,66512.87484556458
2073,66512.87484556458
2074,66512.87484556458
2075,66512.87484556458
2076,66512.87484556458
2077,66512.87484556458
2078,66512.87484556458
2079,66512.87484556458
2080,66512.87484556458
2081,66512.87484556458
2082,66512.87484556458
2083,66512.87484556458
2084,66512.87484556458
2085,66512.87484556458
2086,66512.87484556458
2087,66512.87484556458
2088,66512.87484556458
2089,66512.87484556458
2090,66512.87484556458
2091,66512.87484556458
2092,66512.87484556458
2093,66512.87484556458
2094,66512.87484556458
2095,66512.87484556458
2096,66512.87484556458
2097,66512.87484556458
2098,66512.87484556458
2099,66512.87484556458
2100,66512.87484556458
2101,66512.87484556458
2102,66512.87484556458
2103,66512.87484556458
2104,66512.87484556458
2105,66512.87484556458
2106,66512.87484556458
2107,66512.87484556458
2108,66512.87484556458
2109,66512.87484556458
2110,66512.87484556458
2111,66512.87484556458
2112,66512.87484556458
2113,66512.87484556458
2114,66512.87484556458
2115,66512.87484556458
2116,66512.87484556458
2117,66512.87484556458
2118,66512.87484556458
2119,66512.87484556458
2120,66512.87484556458
2121,66512.87484556458
2122,66512.87484556457
2123,66512.87484556457
2124,66512.87484556457
2125,66512.87484556457
2126,66512.87484556457
2127,66512.87484556457
2128,66512.87484556457
2129,66512.87484556457
2130,66512.87484556457
2131,66512.87484556457
2132,66512.87484556457
2133,66512.87484556457
2134,66512.87484556457
2135,66512.87484556457
2136,66512.87484556457
2137,66512.87484556457
2138,66512.87484556457
2139,66512.87484556457
2140,66512.87484556457
2141,66512.87484556457
2142,66512.87484556457
2143,66512.87484556457
2144,66512.87484556457
2145,66512.87484556457
2146,66512.87484556457
2147,66512.87484556457
2148,66512.87484556457
2149,66512.87484556457
2150,66512.87484556457
2151,66512.87484556457
2152,66512.87484556457
2153,66512.87484556457
2154,66512.87484556457
2155,66512.87484556457
2156,66512.87484556457
2157,66512.87484556457
2158,66512.87484556457
2159,66512.87484556457
2160,66512.87484556457
2161,63500.515651982634
2162,63500.515651982634
2163,63500.515651982634
2164,63500.515651982634
2165,63500.515651982634
2166,63500.515651982634
2167,63500.515651982634
2168,63500.515651982634
2169,63500.515651982634
2170,63500.515651982634
2171,63500.515651982634
2172,63500.515651982634
2173,63500.515651982634
2174,63500.515651982634
2175,63500.515651982634
2176,63500.515651982634
2177,63500.515651982634
2178,63500.515651982634
2179,63500.515651982634
2180,61004.95362785194
2181,61004.95362785194
2182,61004.95362785194
2183,61004.95362785194
2184,61004.95362785194
2185,61004.95362785194
2186,61004.95362785194
2187,61004.95362785194
2188,61004.95362785194
2189,61004.677211110225
2190,61004.677211110225
2191,61004.677211110225
2192,61004.677211110225
2193,61004.677211110225
2194,61004.677211110225
2195,61004.677211110225
2196,61004.677211110225
2197,61004.677211110225
2198,61004.677211110225
2199,61004.677211110225
2200,61004.677211110225
2201,61004.677211110225
2202,61004.677211110225
2203,61004.677211110225
2204,61004.677211110225
2205,61004.677211110225
2206,61004.6772111102
2207,61004.6772111102
2208,61004.6772111102
2209,61004.6772111102
2210,61004.6772111102
2211,61004.6772111102
2212,61004.6772111102
2213,61004.6772111102
2214,61004.6772111102
2215,61004.6772111102
2216,61004.6772111102
2217,61004.6772111102
2218,61004.6772111102
2219,61004.67721111019
2220,61004.67721111019
2221,61004.67721111019
2222,61004.67721111019
2223,61004.67721111019
2224,61004.67721111019
2225,61004.67721111019
2226,61004.67721111019
2227,61004.67721111019
2228,61004.67721111019
2229,61004.67721111019
2230,61004.67721111019
2231,61004.67721111019
2232,61004.67721111019
2233,61004.67721111019
2234,61004.67721111019
2235,61004.67721111019
2236,61004.67721111019
2237,61004.67721111019
2238,61004.67721111019
2239,61004.67721111019
2240,61004.67721111019
2241,61004.67721111019
2242,61004.67721111019
2243,61004.67721111019
2244,61004.677211110116
2245,61004.677211110116
2246,61004.677211110116
2247,61004.677211110116
2248,61004.677211110116
2249,61004.677211110116
2250,59020.88086267178
2251,59020.88086267178
2252,59020.88086267178
2253,59020.88086267178
2254,59020.88086267178
2255,59020.88086267178
2256,59020.88086267178
2257,59020.88086267178
2258,59020.88086267178
2259,59020.88086267178
2260,59020.88086267178
2261,59020.88086267178
2262,59020.88086267178
2263,59020.88086267178
2264,59020.88086267178
2265,59020.88086267178
2266,59020.88086267177
2267,59020.88086267177
2268,59020.88086267177
2269,59020.88086267177
2270,59020.88086267177
2271,59020.88086267177
2272,59020.88086267177
2273,59020.88086267177
2274,59020.88086267177
2275,59020.88086267177
2276,59020.88086267177
2277,59020.88086267174
2278,59020.88086267174
2279,59020.88086267174
2280,59020.88086267174
2281,59020.88086267174
2282,59020.88086267174
2283,58746.87352035263
2284,58746.87352035263
2285,58746.87352035263
2286,58746.87352035263
2287,58746.87352035263
2288,58746.87352035263
2289,58746.87352035263
2290,58746.87352035263
2291,58746.87352035263
2292,58746.87352035263
2293,58746.87352035263
2294,58746.87352035263
2295,58746.87352035263
2296,58746.87352035263
2297,58746.87352035263
2298,58746.87352035263
2299,58746.87352035263
2300,58746.87352035263
2301,58746.87352035263
2302,58746.87352035263
2303,58746.87352035263
2304,58746.87352035263
2305,58746.87352035263
2306,58746.87352035263
2307,58746.87352035263
2308,58746.87352035263
2309,58746.87352035263
2310,58746.87352035263
2311,58746.87352035263
2312,58746.87352035263
2313,58746.87352035263
2314,58746.87352035263
2315,58746.87352035263
2316,58746.87352035263
2317,58746.87352035263
2318,58746.87352035263
2319,58746.87352035263
2320,58746.87352035263
2321,58746.87352035263
2322,58746.87352035263
2323,58746.87352035263
2324,58746.87352035263
2325,58746.87352035263
2326,58746.87352035263
2327,58746.87352035263
2328,58746.87352035263
2329,58746.87352035263
2330,58746.87352035263
2331,58746.87352035263
2332,58746.87352035263
2333,58746.87352035263
2334,58746.87352035263
2335,58746.87352035263
2336,58746.87352035263
2337,58746.87352035263
2338,58746.87352035263
2339,58746.87352035263
2340,58746.87352035263
2341,58746.87352035263
2342,58746.87352035263
2343,58746.87352035263
2344,58746.87352035263
2345,58746.87352035263
2346,58746.87352035263
2347,58746.87352035263
2348,58746.87352035263
2349,58746.87352035263
2350,58746.87352035263
2351,58746.87352035263
2352,58746.87352035263
2353,58746.87352035263
2354,58746.87352035263
2355,58746.87352035263
2356,58746.87352035263
2357,58746.87352035263
2358,58746.87352035263
2359,58746.87352035263
2360,58746.87352035263
2361,58746.87352035263
2362,58746.87352035263
2363,58746.87352035263
2364,58746.87352035263
2365,58746.87352035263
2366,58746.87352035263
2367,58746.87352035263
2368,58746.87352035263
2369,58746.87352035263
2370,58746.87352035263
2371,58746.87352035263
2372,58746.87352035263
2373,58746.87352035263
2374,58746.87352035263
2375,58746.87352035263
2376,58746.87352035263
2377,58746.87352035263
2378,58746.87352035263
2379,58746.87352035263
2380,58746.87352035263
2381,58746.87352035263
2382,58746.87352035263
2383,58746.87352035263
2384,58746.87352035263
2385,58746.87352035263
2386,58746.87352035263
2387,58746.87352035263
2388,58746.87352035263
2389,58746.87352035263
2390,58746.87352035263
2391,58746.87352035263
2392,58746.87352035263
2393,58746.87352035263
2394,58746.87352035263
2395,58746.87352035263
2396,58746.87352035263
2397,58746.87352035263
2398,58746.87352035263
2399,58746.87352035263
2400,58746.87352035263
2401,58746.87352035263
2402,58746.87352035263
2403,58746.87352035263
2404,58746.87352035263
2405,58746.87352035263
2406,58746.87352035263
2407,58746.87352035263
2408,58746.87352035263
2409,58746.87352035263
2410,58746.87352035263
2411,58746.87352035263
2412,58746.87352035263
2413,58746.87352035263
2414,58746.87352035263
2415,58746.87352035263
2416,58746.87352035263
2417,58746.87352035263
2418,58746.87352035263
2419,58746.87352035263
2420,58746.87352035263
2421,58746.87352035263
2422,58746.87352035263
2423,58746.87352035263
2424,58746.87352035263
2425,58746.87352035263
2426,58746.87352035263
2427,58746.87352035263
2428,58746.87352035263
2429,58746.87352035263
2430,58746.87352035263
2431,58746.87352035263
2432,58746.87352035263
2433,58746.87352035263
2434,58746.87352035263
2435,58746.87352035263
2436,58746.87352035263
2437,58746.87352035263
2438,58746.87352035263
2439,58746.87352035263
2440,58746.87352035263
2441,58746.87352035263
2442,58746.87352035263
2443,58746.87352035263
2444,58746.87352035263
2445,58746.87352035263
2446,58746.87352035263
2447,58746.87352035263
2448,58746.87352035263
2449,58746.87352035263
2450,58714.866869617326
2451,58714.866869617326
2452,58714.866869617326
2453,58714.866869617326
2454,58714.866869617326
2455,58714.866869617326
2456,58714.866869617326
2457,58714.866869617326
2458,58714.866869617326
2459,58714.866869617326
2460,58714.866869617326
2461,58714.866869617326
2462,58714.8668696173
2463,58714.8668696173
2464,58714.8668696173
2465,58714.8668696173
2466,58714.8668696173
2467,58714.8668696173
2468,58714.8668696173
2469,58714.8668696173
2470,58714.8668696173
2471,58714.8668696173
2472,58714.8668696173
2473,58714.8668696173
2474,58714.8668696173
2475,58714.8668696173
2476,58714.8668696173
2477,58714.8668696173
2478,58714.8668696173
2479,58714.8668696173
2480,58714.8668696173
2481,58644.59176914122
2482,58644.59176914122
2483,58644.59176914122
2484,58644.59176914122
2485,58644.59176914122
2486,58644.59176914122
2487,58644.59176914122
2488,58644.59176914122
2489,58644.59176914122
2490,58644.59176914122
2491,58644.59176914122
2492,58644.59176914122
2493,58644.59176914122
2494,58644.59176914122
2495,58644.59176914122
2496,58644.59176914122
2497,58644.59176914122
2498,58644.59176914122
2499,58644.59176914122
