iteracion,valor_coste
0,1224674.9716435946
1,1214826.5668435637
2,1214826.5668435637
3,1214826.5668435637
4,991697.9539008292
5,991697.9539008292
6,991697.9539008292
7,991697.9539008292
8,961995.1636381035
9,961995.1636381035
10,961995.1636381035
11,961995.1636381035
12,961995.1636381035
13,961995.1636381035
14,931069.4538942303
15,855872.6283835408
16,855872.6283835408
17,855872.6283835407
18,855872.6283835407
19,855872.6283835407
20,855872.6283835407
21,855872.6283835407
22,855872.6283835407
23,729249.3916301496
24,729249.3916301496
25,711056.4547154286
26,711056.4547154286
27,711056.4547154286
28,711056.4547154286
29,711056.4547154286
30,711056.4547154286
31,711056.4547154286
32,711056.4547154286
33,711056.4547154286
34,711056.4547154286
35,711056.4547154286
36,711056.4547154286
37,711056.4547154286
38,711056.4547154286
39,711056.4547154286
40,711056.4547154286
41,711056.4547154286
42,711056.4547154286
43,711056.4547154284
44,711056.4547154284
45,711056.4547154284
46,711056.4547154284
47,711056.4547154284
48,711056.4547154284
49,711056.4547154284
50,711056.4547154284
51,711056.4547154284
52,711056.4547154284
53,711056.4547154284
54,711056.4547154284
55,711056.4547154284
56,705027.4344723369
57,705027.4344723369
58,705027.4344723369
59,705027.4344723369
60,705027.4344723369
61,705027.4344723369
62,705027.4344723369
63,705027.4344723369
64,705027.4344723369
65,645133.7809135987
66,631910.3067838339
67,631910.3067838339
68,631910.3067838339
69,631910.3067838339
70,631910.3067838339
71,603970.8566800987
72,603970.8566800987
73,603970.8566800987
74,603970.8566800987
75,598527.248536215
76,598527.2485362149
77,598527.2485362149
78,598527.2485362149
79,598527.2485362149
80,598527.2485362148
81,569221.0587819095
82,569221.0587819095
83,569221.0587819095
84,569221.058781909
85,569221.058781909
86,569221.058781909
87,569221.058781909
88,536431.4721923487
89,536431.4721923487
90,536431.4721923487
91,536431.4721923487
92,536431.4721923487
93,536431.4721923487
94,536431.4721923487
95,536431.4721923487
96,536431.4721923487
97,530738.6070364208
98,530738.6070364208
99,530738.6070364208
100,530738.6070364208
101,530738.6070364206
102,530738.6070364206
103,530738.6070364206
104,530738.6070364206
105,530738.6070364206
106,530738.6070364206
107,530738.6070364206
108,530738.6070364206
109,530738.6070364206
110,468246.552290054
111,468246.552290054
112,468246.552290054
113,468246.552290054
114,468246.552290054
115,468246.552290054
116,468246.552290054
117,468246.552290054
118,468246.552290054
119,468246.552290054
120,468246.552290054
121,468246.552290054
122,468246.552290054
123,468246.552290054
124,468246.552290054
125,468246.552290054
126,468246.552290054
127,468246.552290054
128,468246.552290054
129,468246.552290054
130,468246.552290054
131,468246.552290054
132,468246.552290054
133,468246.552290054
134,468246.552290054
135,468246.552290054
136,468246.552290054
137,468246.552290054
138,468246.552290054
139,468246.552290054
140,468246.552290054
141,468246.552290054
142,468246.552290054
143,437936.81019847747
144,437936.81019847747
145,437936.81019847747
146,437936.81019847747
147,437936.81019847747
148,437936.81019847747
149,437936.81019847747
150,437936.81019847747
151,437936.81019847747
152,437936.81019847747
153,437936.81019847747
154,437936.81019847747
155,437936.81019847747
156,437936.81019847747
157,437936.81019847747
158,437936.81019847747
159,437936.81019847747
160,437936.81019847747
161,437936.81019847747
162,437936.81019847747
163,437936.81019847747
164,437936.81019847747
165,437936.81019847747
166,437936.81019847747
167,437936.81019847747
168,437936.81019847747
169,437936.81019847747
170,437936.81019847747
171,437936.81019847747
172,437936.81019847747
173,437936.81019847747
174,437936.81019847747
175,437936.81019847747
176,437936.81019847747
177,437936.81019847747
178,437936.81019847747
179,437936.81019847747
180,437936.81019847747
181,437936.81019847747
182,437936.81019847747
183,437936.81019847735
184,437936.81019847735
185,437936.81019847735
186,437936.81019847735
187,437936.81019847735
188,437936.81019847735
189,437936.81019847735
190,437936.81019847735
191,437936.81019847735
192,437936.81019847735
193,437936.81019847735
194,437936.81019847735
195,437936.81019847735
196,437936.81019847735
197,437936.81019847735
198,437936.81019847735
199,437936.81019847735
200,437936.81019847735
201,437936.81019847735
202,437936.81019847735
203,437936.81019847735
204,437936.81019847735
205,437936.81019847735
206,437936.81019847735
207,437936.81019847735
208,437936.81019847735
209,437936.81019847735
210,437936.81019847735
211,437936.81019847735
212,437936.81019847735
213,437936.81019847735
214,437936.81019847735
215,437936.81019847735
216,437936.81019847735
217,437936.81019847735
218,437936.81019847735
219,437936.81019847735
220,437936.81019847735
221,437936.81019847735
222,437936.81019847735
223,437936.81019847735
224,437936.81019847735
225,437936.81019847735
226,437936.81019847735
227,437936.81019847735
228,437936.81019847735
229,437936.81019847735
230,437936.81019847735
231,437936.81019847735
232,437936.81019847724
233,437936.81019847724
234,437936.81019847724
235,437936.81019847724
236,437936.81019847724
237,437936.81019847724
238,437936.81019847724
239,437936.81019847724
240,437936.81019847724
241,437936.81019847724
242,422243.84408978384
243,422243.84408978384
244,422243.84408978384
245,422243.84408978384
246,422243.84408978384
247,422243.84408978384
248,422243.84408978384
249,422243.84408978384
250,422243.84408978384
251,422243.84408978384
252,422243.84408978384
253,422243.84408978384
254,422243.84408978384
255,422243.84408978384
256,422243.84408978384
257,422243.84408978384
258,422243.84408978384
259,422243.84408978384
260,422243.84408978384
261,416719.7466308299
262,416719.7466308299
263,416719.7466308297
264,416719.7466308297
265,416719.7466308297
266,416719.7466308297
267,416719.7466308297
268,416719.7466308297
269,416719.7466308297
270,416719.7466308297
271,416719.7466308297
272,416719.7466308297
273,416719.7466308297
274,416719.7466308297
275,416719.7466308297
276,416719.7466308297
277,380565.7759664245
278,380565.7759664245
279,380565.7759664245
280,380565.7759664245
281,380565.7759664245
282,380565.7759664245
283,380565.7759664245
284,380565.7759664245
285,369225.37558224285
286,369225.37558224285
287,369225.37558224285
288,369225.37558224285
289,369225.37558224285
290,369225.37558224285
291,369225.37558224285
292,369225.37558224285
293,369225.37558224285
294,369225.37558224285
295,369225.37558224285
296,369225.37558224285
297,369225.37558224285
298,369225.37558224285
299,369225.37558224285
300,369225.37558224256
301,369225.37558224256
302,369225.37558224256
303,369225.37558224256
304,369225.37558224256
305,369225.37558224256
306,369225.37558224256
307,369225.37558224256
308,369225.37558224256
309,369225.37558224256
310,369225.37558224256
311,369225.37558224256
312,369225.37558224256
313,369225.37558224256
314,369225.37558224256
315,369225.37558224256
316,369225.37558224256
317,369225.37558224256
318,369225.37558224256
319,369225.37558224256
320,369225.37558224256
321,369225.37558224256
322,369225.37558224256
323,369225.37558224256
324,369225.37558224256
325,369225.37558224256
326,369225.37558224256
327,369225.37558224256
328,336299.1545336238
329,336299.1545336238
330,336299.1545336238
331,336299.1545336238
332,336299.1545336238
333,336299.1545336238
334,333315.9794526269
335,333315.9794526269
336,333315.9794526269
337,333315.9794526269
338,333315.9794526269
339,333315.9794526269
340,333315.9794526269
341,333315.9794526269
342,333315.9794526269
343,333315.9794526269
344,333315.9794526269
345,333315.9794526269
346,333315.9794526269
347,333315.9794526269
348,333315.9794526269
349,333315.9794526269
350,333315.9794526269
351,333315.9794526269
352,333315.9794526269
353,333315.9794526269
354,333315.9794526269
355,333315.9794526269
356,333315.9794526269
357,333315.9794526265
358,333315.9794526265
359,333315.9794526265
360,333315.9794526265
361,333315.9794526265
362,333315.9794526265
363,333315.9794526265
364,333315.9794526265
365,289011.7463121356
366,289011.7463121356
367,289011.7463121356
368,289011.7463121356
369,289011.7463121356
370,289011.7463121356
371,289011.7463121356
372,289011.7463121356
373,289011.7463121356
374,289011.7463121356
375,289011.7463121356
376,289011.7463121356
377,289011.7463121356
378,289011.7463121356
379,289011.7463121356
380,289011.7463121356
381,289011.7463121356
382,289011.7463121356
383,285620.9008863294
384,285620.9008863294
385,285620.9008863294
386,285620.9008863294
387,285620.9008863294
388,285620.9008863294
389,285620.9008863294
390,285620.9008863294
391,285620.9008863294
392,285620.9008863294
393,285620.9008863294
394,267770.525334259
395,267770.525334259
396,267770.525334259
397,267770.5253342586
398,267770.5253342586
399,261953.26605642636
400,261953.26605642636
401,261953.26605642636
402,261953.26605642636
403,261953.26605642636
404,261953.26605642636
405,261953.26605642636
406,261953.26605642636
407,261953.26605642636
408,261953.26605642636
409,261953.26605642636
410,261953.26605642636
411,261953.26605642636
412,261953.26605642636
413,261953.26605642636
414,261953.26605642636
415,261953.26605642636
416,261953.26605642636
417,261953.26605642636
418,261953.26605642636
419,261953.26605642636
420,261953.26605642636
421,261953.26605642636
422,261953.26605642636
423,261953.26605642636
424,261953.26605642636
425,261953.26605642636
426,261953.26605642636
427,261953.26605642636
428,261953.26605642636
429,261953.26605642636
430,261953.26605642636
431,261953.26605642636
432,261953.26605642636
433,261953.26605642636
434,261953.26605642636
435,261953.26605642636
436,261953.26605642636
437,261953.26605642636
438,261953.26605642636
439,261953.26605642636
440,261953.26605642636
441,261953.26605642636
442,261953.26605642636
443,261953.26605642636
444,261953.26605642636
445,261953.26605642636
446,261953.26605642636
447,261953.26605642636
448,261953.26605642636
449,261953.26605642636
450,261953.26605642636
451,261953.26605642636
452,261953.26605642636
453,261953.26605642636
454,261953.26605642636
455,261953.26605642636
456,261953.26605642636
457,261953.26605642636
458,261953.26605642636
459,261953.26605642636
460,261953.26605642636
461,261953.26605642636
462,261953.26605642636
463,261953.26605642636
464,261953.26605642636
465,261953.26605642636
466,261953.26605642636
467,261953.26605642636
468,261953.26605642636
469,261953.26605642636
470,261953.26605642636
471,261953.26605642636
472,261953.26605642636
473,261953.26605642636
474,261953.26605642636
475,261953.26605642636
476,261953.26605642636
477,261953.26605642636
478,261953.26605642636
479,261953.26605642636
480,261953.26605642636
481,261953.26605642636
482,261953.26605642636
483,261953.26605642616
484,261953.26605642616
485,261953.26605642616
486,261953.26605642616
487,261953.26605642616
488,261953.26605642616
489,261953.26605642616
490,261953.26605642616
491,261953.26605642616
492,261953.26605642616
493,261953.26605642616
494,261953.26605642616
495,243844.0201501663
496,243844.0201501663
497,243844.0201501663
498,243844.0201501663
499,243844.0201501663
500,243844.0201501663
501,243844.0201501663
502,243844.0201501663
503,243844.0201501663
504,243844.0201501663
505,243844.0201501663
506,243844.0201501663
507,243844.0201501663
508,243844.0201501663
509,243844.0201501663
510,243844.0201501663
511,243844.0201501663
512,243844.0201501663
513,243844.0201501663
514,243844.0201501663
515,243844.0201501663
516,243844.0201501663
517,243844.0201501663
518,243844.0201501663
519,243844.0201501663
520,243844.0201501663
521,243844.0201501663
522,243844.0201501663
523,243844.0201501663
524,243844.0201501663
525,243844.0201501663
526,243844.0201501663
527,243844.0201501663
528,243844.0201501663
529,243844.0201501663
530,243844.0201501663
531,243844.0201501663
532,243844.0201501663
533,243844.0201501663
534,211383.51527094355
535,211383.51527094355
536,211383.51527094355
537,211383.51527094355
538,211383.51527094355
539,211383.51527094355
540,211383.51527094355
541,211383.51527094355
542,211383.51527094355
543,211383.51527094355
544,211383.51527094355
545,211383.51527094355
546,211383.51527094355
547,211383.51527094355
548,211383.51527094355
549,211383.51527094355
550,211383.51527094355
551,211383.5152709435
552,211383.5152709435
553,211383.5152709435
554,211383.5152709435
555,158870.79842582822
556,158870.7984258282
557,158870.7984258282
558,158870.7984258282
559,154997.2519648831
560,154997.2519648831
561,154997.2519648831
562,154997.2519648831
563,154997.2519648831
564,154997.2519648831
565,154997.25196488303
566,154997.25196488303
567,154997.25196488303
568,154997.25196488303
569,154997.25196488303
570,154997.25196488303
571,154997.25196488303
572,154997.25196488303
573,154997.25196488303
574,154997.25196488303
575,154997.25196488303
576,154997.25196488303
577,154997.25196488303
578,154997.25196488303
579,154997.25196488303
580,154997.25196488303
581,154997.25196488303
582,154997.25196488303
583,154997.25196488303
584,154997.25196488303
585,154997.25196488303
586,154997.25196488303
587,154997.25196488292
588,154997.25196488292
589,154997.25196488292
590,154997.25196488292
591,154997.25196488292
592,154997.25196488292
593,154997.25196488292
594,154997.25196488292
595,154997.25196488292
596,154997.25196488292
597,154997.25196488292
598,154997.25196488292
599,154997.25196488292
600,154997.25196488292
601,152148.83126704363
602,152148.83126704363
603,152148.83126704363
604,152148.83126704363
605,152148.83126704363
606,152148.83126704363
607,152148.83126704363
608,152148.83126704363
609,152148.83126704363
610,152148.83126704363
611,152148.83126704363
612,152148.83126704363
613,152148.83126704363
614,152148.83126704363
615,152148.83126704363
616,152148.83126704363
617,152148.83126704363
618,152148.83126704363
619,152148.83126704363
620,152148.83126704363
621,152148.83126704363
622,152148.83126704363
623,152148.83126704363
624,152148.83126704363
625,152148.83126704363
626,152148.83126704363
627,152148.83126704363
628,152148.83126704363
629,152148.83126704363
630,152148.83126704363
631,152148.83126704363
632,152148.83126704363
633,152148.83126704363
634,152148.83126704348
635,152148.83126704348
636,152148.83126704348
637,152148.83126704348
638,152148.83126704348
639,152148.83126704348
640,152148.83126704348
641,152148.83126704348
642,152148.83126704348
643,152148.83126704348
644,152148.83126704342
645,152148.83126704342
646,152148.83126704342
647,152148.83126704342
648,152148.83126704342
649,152148.83126704342
650,152148.83126704342
651,152148.83126704342
652,152148.83126704342
653,152148.83126704342
654,152148.83126704342
655,152148.83126704342
656,152148.83126704342
657,152148.83126704342
658,152148.83126704342
659,152148.83126704342
660,152148.83126704342
661,152148.83126704342
662,152148.83126704342
663,152148.83126704342
664,152148.83126704342
665,152148.83126704342
666,152148.83126704342
667,152148.83126704342
668,152148.83126704342
669,152148.83126704342
670,152148.83126704342
671,152148.83126704342
672,152148.83126704342
673,152148.83126704342
674,152148.83126704342
675,152148.83126704328
676,152148.83126704328
677,152148.83126704328
678,152148.83126704328
679,152148.83126704328
680,152148.83126704328
681,152148.83126704328
682,152148.83126704328
683,152148.83126704328
684,152148.83126704328
685,152148.83126704328
686,152148.83126704328
687,152148.83126704328
688,152148.83126704328
689,152148.83126704328
690,152148.83126704328
691,152148.83126704328
692,152148.83126704328
693,152148.83126704328
694,152148.83126704328
695,152148.83126704328
696,152148.83126704328
697,152148.83126704328
698,152148.83126704328
699,152148.83126704328
700,152148.83126704328
701,152148.83126704328
702,152148.83126704328
703,152148.83126704328
704,152148.83126704328
705,140879.26604373887
706,140879.26604373887
707,140879.26604373887
708,140879.26604373887
709,140879.26604373887
710,140879.26604373887
711,140879.26604373887
712,140879.26604373875
713,140879.26604373875
714,140879.26604373875
715,140879.26604373875
716,140879.26604373875
717,140879.26604373875
718,140879.26604373875
719,140879.26604373875
720,140879.26604373875
721,140879.26604373875
722,140879.26604373875
723,140879.26604373875
724,140879.26604373875
725,140879.26604373875
726,140879.26604373875
727,140879.26604373875
728,140879.26604373875
729,140879.26604373875
730,140879.26604373875
731,140879.26604373875
732,140879.26604373875
733,140879.26604373875
734,140879.26604373875
735,140879.26604373875
736,140879.26604373875
737,140879.26604373875
738,140879.26604373875
739,140879.26604373875
740,140879.26604373875
741,140879.26604373875
742,140879.26604373875
743,140879.26604373875
744,140879.26604373875
745,140879.26604373875
746,140879.26604373875
747,140879.26604373875
748,140879.26604373875
749,140879.26604373875
750,140879.26604373875
751,140879.26604373875
752,140879.26604373875
753,140879.26604373875
754,140879.26604373875
755,140879.26604373875
756,140879.26604373875
757,140879.26604373875
758,140879.26604373875
759,140879.26604373875
760,140879.26604373875
761,140879.26604373875
762,140879.26604373875
763,140879.26604373875
764,140879.26604373875
765,140879.26604373875
766,140879.26604373875
767,140879.26604373875
768,140879.26604373875
769,140879.26604373875
770,140879.26604373875
771,140879.26604373875
772,140879.26604373875
773,140879.26604373875
774,140879.26604373875
775,140879.26604373875
776,140879.26604373875
777,140879.26604373875
778,140879.26604373875
779,140879.26604373875
780,140879.26604373875
781,140879.26604373875
782,140879.26604373875
783,140879.26604373875
784,140879.26604373875
785,140879.26604373875
786,140879.26604373875
787,140879.26604373875
788,140879.26604373875
789,140879.26604373875
790,140879.26604373875
791,140879.26604373875
792,140879.26604373875
793,140301.99598600128
794,140301.99598600128
795,140301.99598600128
796,140301.99598600128
797,140301.99598600128
798,140301.99598600128
799,140301.99598600128
800,140301.99598600128
801,140301.99598600128
802,140301.99598600128
803,140301.99598600128
804,140301.99598600128
805,140301.99598600128
806,140301.99598600128
807,140301.99598600128
808,140301.99598600128
809,140301.99598600128
810,140301.99598600128
811,140301.99598600128
812,140301.99598600128
813,140301.99598600128
814,140301.99598600128
815,140301.99598600128
816,140301.99598600128
817,136314.93500798303
818,136314.93500798303
819,136314.93500798303
820,136314.9350079829
821,136314.9350079829
822,136314.9350079829
823,136314.9350079829
824,136314.9350079829
825,136314.9350079829
826,136314.9350079829
827,136314.9350079829
828,136314.9350079829
829,136314.9350079829
830,133060.50075045027
831,133060.50075045027
832,133060.50075045027
833,133060.50075045027
834,133060.50075045027
835,133060.50075045024
836,133060.50075045024
837,133060.50075045024
838,133060.50075045024
839,133060.50075045024
840,133060.50075045024
841,133060.50075045024
842,133060.50075045024
843,130548.54302105801
844,130548.54302105801
845,130548.54302105801
846,130548.54302105801
847,130548.54302105801
848,130548.54302105782
849,130548.54302105782
850,130548.54302105782
851,130548.54302105782
852,130548.54302105782
853,130548.54302105782
854,130548.54302105782
855,130548.54302105782
856,130548.54302105782
857,130548.54302105782
858,130548.54302105782
859,130548.54302105782
860,130548.54302105782
861,130548.54302105782
862,130548.54302105782
863,130548.54302105782
864,130548.54302105782
865,130548.54302105782
866,130548.54302105782
867,130548.54302105782
868,130548.54302105782
869,130548.54302105782
870,130548.54302105782
871,130548.54302105782
872,130548.54302105782
873,130548.54302105782
874,130548.54302105782
875,130548.54302105782
876,130548.54302105782
877,130548.54302105782
878,130548.54302105782
879,130548.54302105782
880,130548.54302105782
881,130548.54302105782
882,130548.54302105782
883,130548.54302105782
884,130548.54302105782
885,130548.54302105782
886,130548.54302105782
887,130548.54302105782
888,130548.54302105782
889,130548.54302105782
890,130548.5430210578
891,130548.5430210578
892,130548.5430210578
893,130548.5430210578
894,130548.5430210578
895,130548.5430210578
896,130548.5430210578
897,130548.5430210578
898,130548.5430210578
899,130548.5430210578
900,130548.5430210578
901,130548.5430210578
902,130548.5430210578
903,130548.5430210578
904,130548.5430210578
905,130548.5430210578
906,130548.5430210578
907,130548.5430210578
908,130548.5430210578
909,130548.5430210578
910,130548.5430210578
911,130548.5430210578
912,130548.5430210578
913,130548.5430210578
914,130548.5430210578
915,130548.5430210578
916,130548.5430210578
917,130548.5430210578
918,130548.5430210578
919,130548.5430210578
920,130548.5430210578
921,130548.5430210578
922,130548.5430210578
923,130548.5430210578
924,130548.5430210578
925,130548.5430210578
926,130548.5430210578
927,130548.5430210578
928,130548.5430210578
929,130548.5430210578
930,130548.5430210578
931,130548.5430210578
932,130548.5430210578
933,130548.5430210578
934,130548.5430210578
935,130548.5430210578
936,130548.5430210578
937,130548.5430210578
938,130548.5430210578
939,130548.5430210578
940,130548.5430210578
941,130548.5430210578
942,130548.5430210578
943,130548.5430210578
944,130548.5430210578
945,130548.5430210578
946,130548.5430210578
947,130548.5430210578
948,130548.5430210578
949,130548.5430210578
950,130548.5430210578
951,130548.5430210578
952,130548.5430210578
953,130548.5430210578
954,130548.5430210578
955,130548.5430210578
956,130548.5430210578
957,130548.5430210578
958,130548.5430210578
959,130548.5430210578
960,130548.5430210578
961,130548.5430210578
962,130548.5430210578
963,130548.5430210578
964,130548.5430210578
965,130548.5430210578
966,130548.5430210578
967,130548.5430210578
968,130548.5430210578
969,130548.5430210578
970,130548.5430210578
971,130548.5430210578
972,130548.5430210578
973,130548.5430210578
974,130548.54302105778
975,130548.54302105778
976,130548.54302105778
977,130548.54302105778
978,130548.54302105778
979,130548.54302105778
980,130548.54302105778
981,130548.54302105778
982,130548.54302105778
983,130548.54302105778
984,130548.54302105778
985,130548.54302105778
986,130548.54302105778
987,130548.54302105778
988,130548.54302105778
989,130548.54302105778
990,130548.54302105778
991,130548.54302105778
992,130548.54302105778
993,130548.54302105778
994,130548.54302105778
995,130548.54302105778
996,130548.54302105778
997,130548.54302105778
998,130548.54302105778
999,130548.54302105778
1000,130548.54302105778
1001,130548.54302105778
1002,130548.54302105778
1003,130548.54302105778
1004,130548.54302105778
1005,130548.54302105778
1006,130548.54302105778
1007,130548.54302105778
1008,130548.54302105778
1009,130548.54302105778
1010,130548.54302105778
1011,130548.54302105778
1012,130548.54302105778
1013,130548.54302105778
1014,130548.54302105778
1015,130548.54302105778
1016,130548.54302105778
1017,130548.54302105778
1018,130548.54302105778
1019,130548.54302105778
1020,130548.54302105778
1021,130548.54302105778
1022,130548.54302105778
1023,130548.54302105778
1024,130548.54302105778
1025,130548.54302105778
1026,130548.54302105778
1027,130548.54302105778
1028,130548.54302105778
1029,130548.54302105778
1030,130548.54302105778
1031,130548.54302105778
1032,130548.54302105778
1033,130548.54302105778
1034,130548.54302105778
1035,130548.54302105778
1036,130548.54302105778
1037,130548.54302105778
1038,130548.54302105778
1039,130548.54302105778
1040,130548.54302105778
1041,130548.54302105778
1042,130548.54302105778
1043,130548.54302105778
1044,130548.54302105778
1045,130548.54302105778
1046,130548.54302105778
1047,130548.54302105778
1048,130548.54302105778
1049,130548.54302105778
1050,130548.54302105778
1051,130548.54302105778
1052,130548.54302105778
1053,130548.54302105778
1054,130548.54302105778
1055,130548.54302105778
1056,130548.54302105778
1057,130548.54302105778
1058,130548.54302105778
1059,130548.54302105778
1060,130548.54302105778
1061,130548.54302105778
1062,130548.54302105778
1063,124804.7898985809
1064,124804.7898985809
1065,124804.7898985809
1066,124804.7898985809
1067,124129.81228215735
1068,124129.81228215735
1069,124129.81228215735
1070,124129.81228215735
1071,124129.81228215735
1072,124129.81228215735
1073,124129.81228215735
1074,124129.81228215735
1075,124129.81228215735
1076,124129.81228215735
1077,124129.81228215735
1078,124129.81228215735
1079,124129.81228215735
1080,124129.81228215735
1081,124129.81228215735
1082,124129.81228215735
1083,124129.81228215735
1084,124129.81228215735
1085,124129.81228215735
1086,124129.81228215735
1087,124129.81228215735
1088,124129.81228215735
1089,124129.81228215735
1090,124129.81228215735
1091,124129.81228215735
1092,124129.81228215735
1093,124129.81228215735
1094,124129.81228215735
1095,124129.81228215735
1096,124129.81228215735
1097,124129.81228215735
1098,124129.81228215735
1099,124129.81228215735
1100,122262.62388128082
1101,122262.62388128082
1102,122262.62388128082
1103,122262.62388128082
1104,122262.62388128082
1105,122262.62388128082
1106,122262.62388128082
1107,122262.62388128082
1108,122262.62388128082
1109,122262.62388128082
1110,122262.62388128082
1111,122262.62388128082
1112,122262.62388128082
1113,122262.62388128082
1114,122262.62388128082
1115,116787.33187738633
1116,116787.33187738633
1117,116787.33187738633
1118,116787.33187738633
1119,116787.33187738633
1120,116787.33187738633
1121,116787.33187738633
1122,116787.33187738633
1123,116787.33187738633
1124,116787.33187738633
1125,116787.33187738633
1126,116787.33187738633
1127,116787.33187738633
1128,116787.33187738633
1129,116787.33187738633
1130,116787.33187738633
1131,116787.33187738633
1132,116787.33187738633
1133,116787.33187738633
1134,116787.33187738633
1135,116787.33187738633
1136,116787.33187738633
1137,116787.33187738633
1138,116787.33187738633
1139,116787.33187738633
1140,116787.33187738633
1141,116787.33187738633
1142,116787.33187738633
1143,116787.33187738633
1144,116787.33187738633
1145,116787.33187738633
1146,116787.33187738633
1147,116787.33187738633
1148,116787.33187738633
1149,116787.33187738633
1150,116787.33187738633
1151,116787.33187738633
1152,116787.33187738633
1153,116787.33187738633
1154,116787.33187738633
1155,116787.33187738633
1156,116787.33187738633
1157,116787.33187738633
1158,116787.33187738633
1159,116787.33187738633
1160,116787.33187738623
1161,116787.33187738623
1162,116787.33187738623
1163,116787.33187738623
1164,116787.33187738623
1165,116787.33187738623
1166,116787.33187738623
1167,116787.33187738623
1168,116787.33187738623
1169,116787.33187738623
1170,116787.33187738623
1171,116787.33187738623
1172,116787.33187738623
1173,116787.33187738623
1174,116787.33187738623
1175,116787.33187738623
1176,116787.33187738623
1177,116787.33187738623
1178,116787.33187738623
1179,116787.33187738623
1180,116787.33187738623
1181,116787.33187738623
1182,116787.33187738623
1183,116787.33187738623
1184,116787.33187738623
1185,116787.33187738623
1186,116787.33187738623
1187,116787.33187738623
1188,116787.33187738623
1189,116787.33187738623
1190,116787.33187738623
1191,116787.33187738623
1192,116787.33187738623
1193,116787.33187738623
1194,116787.33187738623
1195,116787.33187738623
1196,116787.33187738623
1197,116787.33187738623
1198,116787.33187738623
1199,116787.33187738623
1200,116787.33187738623
1201,116787.33187738623
1202,116787.33187738623
1203,116787.33187738623
1204,116787.33187738623
1205,116787.33187738623
1206,116787.33187738623
1207,116787.33187738623
1208,116787.33187738623
1209,116787.33187738623
1210,116787.33187738623
1211,116787.33187738623
1212,116787.33187738623
1213,116787.33187738623
1214,116787.33187738623
1215,116787.33187738623
1216,116787.33187738623
1217,116787.33187738623
1218,116787.33187738623
1219,116787.33187738623
1220,116787.33187738623
1221,116787.33187738623
1222,116787.33187738623
1223,116787.33187738623
1224,116787.33187738623
1225,116787.33187738623
1226,116787.33187738623
1227,116787.33187738623
1228,116787.33187738623
1229,116787.33187738623
1230,116787.33187738623
1231,116787.33187738623
1232,116787.33187738623
1233,116787.33187738623
1234,116787.33187738623
1235,116787.33187738623
1236,116787.33187738623
1237,116787.33187738623
1238,116787.33187738623
1239,116787.33187738623
1240,116787.33187738623
1241,116787.33187738623
1242,116787.33187738623
1243,116787.33187738623
1244,116787.33187738623
1245,116787.33187738623
1246,116787.33187738623
1247,116787.33187738623
1248,116787.33187738623
1249,116787.33187738623
1250,116787.33187738623
1251,116787.33187738623
1252,116787.33187738623
1253,116787.33187738623
1254,116787.33187738623
1255,116787.33187738623
1256,116787.33187738623
1257,116787.33187738623
1258,116787.33187738623
1259,116787.33187738623
1260,116787.33187738623
1261,116787.33187738623
1262,116787.33187738623
1263,116787.33187738623
1264,116787.33187738623
1265,116787.33187738623
1266,116787.33187738623
1267,116787.33187738623
1268,116787.33187738623
1269,116787.33187738623
1270,116787.33187738623
1271,116787.33187738623
1272,116787.33187738623
1273,116787.33187738623
1274,116787.33187738623
1275,116787.33187738623
1276,116787.33187738623
1277,116787.33187738623
1278,116787.33187738623
1279,116787.33187738623
1280,116787.33187738623
1281,116787.33187738623
1282,116787.33187738623
1283,116787.33187738623
1284,116787.33187738623
1285,116787.33187738623
1286,116787.33187738623
1287,116787.33187738623
1288,116787.33187738623
1289,116787.33187738623
1290,116787.33187738623
1291,116787.33187738623
1292,116787.33187738623
1293,116787.33187738623
1294,116787.33187738623
1295,116787.33187738623
1296,116787.33187738623
1297,116787.33187738623
1298,116787.33187738623
1299,116787.33187738623
1300,116787.33187738623
1301,116787.33187738623
1302,116787.33187738623
1303,116787.33187738623
1304,116787.33187738623
1305,116787.33187738623
1306,116787.33187738623
1307,116787.33187738623
1308,116787.33187738623
1309,116787.33187738623
1310,116787.33187738623
1311,116787.33187738623
1312,116787.33187738623
1313,116787.33187738623
1314,116787.33187738623
1315,116787.33187738623
1316,116787.33187738623
1317,116787.33187738623
1318,116787.33187738623
1319,116787.33187738623
1320,116787.33187738623
1321,116787.33187738623
1322,116787.33187738623
1323,116787.33187738623
1324,116787.33187738623
1325,116787.33187738623
1326,116787.33187738623
1327,116787.33187738623
1328,115261.5203270991
1329,115261.5203270991
1330,115261.5203270991
1331,115261.5203270991
1332,115261.5203270991
1333,115261.5203270991
1334,115261.5203270991
1335,115261.5203270991
1336,115261.5203270991
1337,115261.5203270991
1338,115261.5203270991
1339,115261.5203270991
1340,115261.5203270991
1341,115261.5203270991
1342,115261.5203270991
1343,115261.5203270991
1344,115261.5203270991
1345,115261.5203270991
1346,115261.5203270991
1347,115261.5203270991
1348,115261.5203270991
1349,115261.5203270991
1350,115261.5203270991
1351,115261.5203270991
1352,115261.5203270991
1353,115261.5203270991
1354,115261.5203270991
1355,115261.5203270991
1356,115261.5203270991
1357,115261.5203270991
1358,115261.5203270991
1359,115261.5203270991
1360,115261.5203270991
1361,115261.5203270991
1362,115261.5203270991
1363,115261.5203270991
1364,115261.5203270991
1365,115261.5203270991
1366,115261.5203270991
1367,115261.5203270991
1368,115261.5203270991
1369,115261.5203270991
1370,115261.5203270991
1371,115261.5203270991
1372,115261.5203270991
1373,115261.5203270991
1374,115261.5203270991
1375,115261.5203270991
1376,115261.5203270991
1377,115261.5203270991
1378,115261.5203270991
1379,115261.5203270991
1380,115261.5203270991
1381,115261.5203270991
1382,115261.5203270991
1383,115261.5203270991
1384,115261.5203270991
1385,115261.5203270991
1386,115261.5203270991
1387,115261.5203270991
1388,115261.5203270991
1389,115261.5203270991
1390,115261.5203270991
1391,115261.5203270991
1392,115261.5203270991
1393,115261.5203270991
1394,115261.5203270991
1395,115261.5203270991
1396,115261.5203270991
1397,115261.5203270991
1398,115261.5203270991
1399,115261.5203270991
1400,115261.5203270991
1401,115261.5203270991
1402,115261.5203270991
1403,115261.5203270991
1404,115261.5203270991
1405,115261.5203270991
1406,115261.5203270991
1407,115261.5203270991
1408,115261.5203270991
1409,115261.5203270991
1410,115261.5203270991
1411,115261.5203270991
1412,115261.5203270991
1413,115261.5203270991
1414,115261.5203270991
1415,115261.5203270991
1416,115261.5203270991
1417,115261.5203270991
1418,115261.5203270991
1419,115261.5203270991
1420,115261.5203270991
1421,115261.5203270991
1422,115261.5203270991
1423,115261.5203270991
1424,115261.5203270991
1425,115261.52032709909
1426,115261.52032709909
1427,115261.52032709909
1428,115261.52032709909
1429,115261.52032709909
1430,115261.52032709909
1431,115261.52032709909
1432,115261.52032709909
1433,115261.52032709909
1434,115261.52032709909
1435,115261.52032709909
1436,115261.52032709909
1437,115261.52032709909
1438,115261.52032709909
1439,115261.52032709909
1440,115261.52032709909
1441,115261.52032709909
1442,115261.52032709909
1443,115261.52032709909
1444,115261.52032709909
1445,115261.52032709909
1446,115261.52032709909
1447,115261.52032709909
1448,115261.52032709909
1449,115261.52032709909
1450,115261.52032709909
1451,115261.52032709909
1452,115261.52032709909
1453,115261.52032709909
1454,115261.52032709909
1455,115261.52032709909
1456,115261.52032709909
1457,115261.52032709909
1458,115261.52032709909
1459,115261.52032709909
1460,115261.52032709909
1461,115261.52032709909
1462,115261.52032709909
1463,115261.52032709909
1464,115261.52032709909
1465,115261.52032709909
1466,115261.52032709909
1467,115261.52032709909
1468,115261.52032709909
1469,115261.52032709909
1470,115261.52032709909
1471,115261.52032709909
1472,115261.52032709909
1473,115261.52032709909
1474,115261.52032709909
1475,115261.52032709909
1476,115261.52032709909
1477,115261.52032709909
1478,115261.52032709909
1479,115261.52032709909
1480,115261.52032709909
1481,115261.52032709909
1482,115261.52032709909
1483,115261.52032709909
1484,115261.52032709909
1485,115261.52032709909
1486,115261.52032709909
1487,115261.52032709909
1488,115261.52032709909
1489,115261.52032709909
1490,115261.52032709909
1491,110226.95593205068
1492,110226.95593205068
1493,110226.95593205068
1494,110226.95593205068
1495,110226.95593205068
1496,110226.95593205068
1497,110226.95593205068
1498,110226.95593205068
1499,110226.95593205068
1500,110186.42522020629
1501,110186.42522020629
1502,110186.42522020629
1503,107409.25404213146
1504,107409.25404213146
1505,107409.25404213146
1506,107409.25404213146
1507,107409.25404213146
1508,107409.25404213146
1509,107409.25404213146
1510,107409.25404213146
1511,107409.25404213146
1512,107409.25404213146
1513,107409.25404213146
1514,107409.25404213146
1515,107409.25404213146
1516,107409.25404213146
1517,107409.25404213146
1518,107409.25404213146
1519,107409.25404213146
1520,107409.25404213146
1521,107409.25404213146
1522,107409.25404213146
1523,107409.25404213146
1524,107409.25404213146
1525,107409.25404213146
1526,107409.25404213146
1527,107409.25404213146
1528,107409.25404213146
1529,107409.25404213146
1530,107409.25404213146
1531,107409.25404213146
1532,107409.25404213146
1533,107409.25404213146
1534,107409.25404213146
1535,107409.25404213146
1536,107409.25404213146
1537,107409.25404213146
1538,107409.25404213146
1539,107409.25404213146
1540,107409.25404213146
1541,107409.25404213146
1542,107409.25404213146
1543,107409.25404213146
1544,107409.25404213146
1545,107409.25404213146
1546,107409.25404213146
1547,107409.25404213146
1548,107409.25404213146
1549,107409.25404213146
1550,107409.25404213146
1551,106778.38634209242
1552,106778.38634209242
1553,106778.38634209242
1554,106778.38634209242
1555,106778.38634209242
1556,106778.38634209242
1557,106778.38634209242
1558,106778.38634209242
1559,106778.38634209242
1560,106778.38634209242
1561,106778.38634209242
1562,106778.38634209242
1563,106778.38634209237
1564,106778.38634209237
1565,106778.38634209237
1566,106778.38634209237
1567,106778.38634209237
1568,106778.38634209237
1569,106778.38634209237
1570,106778.38634209237
1571,106778.38634209237
1572,106778.38634209237
1573,106778.38634209237
1574,106778.38634209237
1575,106778.38634209237
1576,106778.38634209237
1577,106778.38634209237
1578,106778.38634209237
1579,106778.38634209237
1580,106778.38634209237
1581,106778.38634209237
1582,106778.38634209237
1583,106778.38634209237
1584,106778.38634209237
1585,105193.59224313566
1586,105193.59224313566
1587,105193.59224313566
1588,105193.59224313566
1589,105193.59224313566
1590,105193.59224313566
1591,105193.59224313566
1592,105193.59224313566
1593,105193.59224313566
1594,105193.59224313566
1595,105193.59224313566
1596,105193.59224313566
1597,105193.59224313566
1598,105193.59224313566
1599,105193.59224313566
1600,105193.59224313566
1601,105193.59224313566
1602,105193.59224313566
1603,105193.59224313566
1604,105193.59224313566
1605,105193.59224313566
1606,105193.59224313566
1607,105193.59224313566
1608,105193.59224313566
1609,105193.59224313566
1610,105193.59224313566
1611,105193.59224313566
1612,105193.59224313566
1613,105193.59224313566
1614,105193.59224313566
1615,105193.59224313566
1616,105193.59224313563
1617,104973.78999250085
1618,104973.78999250085
1619,104973.78999250085
1620,104973.78999250085
1621,104973.78999250085
1622,104973.78999250085
1623,104973.78999250085
1624,104973.78999250085
1625,104973.78999250085
1626,104973.78999250085
1627,104973.78999250085
1628,104973.78999250085
1629,104973.78999250085
1630,104973.78999250085
1631,104973.78999250085
1632,104973.78999250085
1633,104973.78999250085
1634,104973.78999250085
1635,104973.78999250085
1636,104973.78999250085
1637,104973.78999250085
1638,104973.78999250085
1639,104973.78999250085
1640,104973.78999250085
1641,104973.78999250085
1642,104973.78999250085
1643,104973.78999250085
1644,104973.78999250085
1645,104973.78999250085
1646,104973.78999250085
1647,104973.78999250085
1648,104973.78999250085
1649,104973.78999250085
1650,104973.78999250085
1651,104973.78999250085
1652,104973.78999250085
1653,104973.78999250085
1654,104973.78999250085
1655,104973.78999250085
1656,104973.78999250085
1657,104973.78999250085
1658,104973.78999250085
1659,104973.78999250085
1660,104973.78999250085
1661,104973.78999250085
1662,104973.78999250085
1663,104973.78999250085
1664,104973.78999250085
1665,104973.78999250085
1666,104973.78999250085
1667,104973.78999250085
1668,104973.78999250085
1669,104973.78999250085
1670,104973.78999250085
1671,104973.78999250085
1672,104973.78999250085
1673,104973.78999250085
1674,104973.78999250085
1675,104973.78999250085
1676,104973.78999250085
1677,104973.78999250085
1678,104973.78999250085
1679,104973.78999250085
1680,104973.78999250085
1681,104973.78999250085
1682,104973.78999250085
1683,104973.78999250085
1684,104973.78999250085
1685,104973.78999250085
1686,104973.78999250085
1687,104973.78999250085
1688,104973.78999250085
1689,104973.78999250085
1690,104973.78999250085
1691,104973.78999250085
1692,104973.78999250085
1693,104973.78999250085
1694,104973.78999250085
1695,104973.78999250085
1696,104973.78999250085
1697,104973.78999250085
1698,104973.78999250085
1699,104973.78999250085
1700,104973.78999250085
1701,104973.78999250085
1702,104973.78999250085
1703,104973.78999250085
1704,104973.78999250085
1705,104973.78999250085
1706,104973.78999250085
1707,104973.78999250085
1708,104973.78999250085
1709,104973.78999250085
1710,104973.78999250085
1711,104973.78999250085
1712,104973.78999250085
1713,104973.78999250085
1714,104973.78999250085
1715,104973.78999250085
1716,102589.9781648248
1717,102589.9781648248
1718,102589.9781648248
1719,102589.9781648248
1720,102589.9781648248
1721,102589.97816482463
1722,102589.97816482463
1723,102589.97816482463
1724,102589.97816482463
1725,102589.97816482463
1726,102589.97816482463
1727,102589.97816482463
1728,102589.97816482463
1729,102589.97816482463
1730,102589.97816482463
1731,102589.97816482463
1732,102589.97816482463
1733,102589.97816482463
1734,102589.97816482463
1735,102589.97816482463
1736,102589.97816482463
1737,102589.97816482463
1738,102589.97816482463
1739,102589.97816482463
1740,102589.97816482463
1741,102589.97816482463
1742,102589.97816482456
1743,102589.97816482456
1744,102589.97816482456
1745,102589.97816482456
1746,102589.97816482456
1747,102589.97816482456
1748,102589.97816482456
1749,102589.97816482456
1750,102589.97816482456
1751,102589.97816482456
1752,102589.97816482456
1753,102589.97816482456
1754,102589.97816482456
1755,102589.97816482456
1756,102589.97816482456
1757,102589.97816482456
1758,102589.97816482451
1759,102589.97816482451
1760,102589.97816482451
1761,102589.97816482451
1762,102589.97816482451
1763,102589.97816482451
1764,102589.97816482451
1765,102589.97816482451
1766,102589.97816482451
1767,102589.97816482451
1768,102589.97816482451
1769,102589.97816482451
1770,102589.97816482451
1771,102589.97816482451
1772,102589.97816482451
1773,102589.97816482451
1774,102589.97816482451
1775,102589.97816482451
1776,102240.16017586399
1777,102240.16017586399
1778,102240.16017586399
1779,102240.16017586399
1780,102240.16017586399
1781,102240.16017586399
1782,102240.16017586399
1783,102240.16017586399
1784,102240.16017586399
1785,102240.16017586399
1786,102240.16017586399
1787,102240.16017586399
1788,102240.16017586399
1789,102240.16017586399
1790,102240.16017586399
1791,102240.16017586399
1792,102240.16017586399
1793,102240.16017586399
1794,102240.16017586399
1795,102240.16017586399
1796,102240.16017586399
1797,102240.16017586399
1798,102240.16017586399
1799,102240.16017586399
1800,102240.16017586399
1801,102240.16017586399
1802,102240.16017586399
1803,102240.16017586399
1804,102240.16017586399
1805,102240.16017586399
1806,101668.86763430873
1807,101668.86763430873
1808,101668.86763430873
1809,101668.86763430873
1810,101668.86763430873
1811,101668.86763430873
1812,101668.86763430873
1813,101668.86763430873
1814,101668.86763430873
1815,101668.86763430873
1816,101668.86763430873
1817,101668.86763430873
1818,101668.86763430873
1819,101668.86763430873
1820,101668.86763430873
1821,101668.86763430873
1822,101668.86763430873
1823,101668.86763430873
1824,101668.86763430873
1825,101668.86763430873
1826,101668.86763430873
1827,101668.86763430873
1828,101668.86763430873
1829,101668.86763430873
1830,101668.86763430873
1831,101668.86763430873
1832,101668.86763430873
1833,101668.86763430873
1834,101668.86763430873
1835,101668.86763430873
1836,101668.86763430873
1837,101668.86763430873
1838,101668.86763430873
1839,101668.86763430873
1840,101668.86763430873
1841,101668.86763430873
1842,101668.86763430873
1843,101668.86763430873
1844,101668.86763430873
1845,101668.86763430873
1846,101668.86763430873
1847,101668.86763430873
1848,101668.86763430873
1849,101668.86763430873
1850,101668.86763430873
1851,101668.86763430873
1852,101668.86763430873
1853,101668.86763430873
1854,101668.86763430873
1855,101668.86763430873
1856,101668.86763430873
1857,101668.86763430873
1858,101668.86763430873
1859,101668.86763430873
1860,101668.86763430873
1861,101668.86763430873
1862,101668.86763430873
1863,101668.86763430873
1864,101668.86763430873
1865,101668.86763430873
1866,101668.86763430873
1867,101668.86763430873
1868,101668.86763430873
1869,101668.86763430873
1870,101668.86763430873
1871,101668.86763430873
1872,101668.86763430873
1873,101668.86763430873
1874,101668.86763430873
1875,101668.86763430873
1876,101668.86763430873
1877,101668.86763430873
1878,101668.86763430873
1879,101668.86763430873
1880,101668.86763430873
1881,101668.86763430873
1882,101668.86763430873
1883,101668.86763430873
1884,101668.86763430871
1885,101668.86763430871
1886,101668.86763430871
1887,101668.86763430871
1888,101668.86763430871
1889,101668.86763430871
1890,101668.86763430871
1891,101668.86763430871
1892,101668.86763430871
1893,101668.86763430871
1894,101668.86763430871
1895,101668.86763430871
1896,100764.57601625055
1897,100764.57601625055
1898,100764.57601625055
1899,100764.57601625055
1900,100764.57601625055
1901,100764.57601625055
1902,100764.57601625055
1903,100764.57601625055
1904,100764.57601625055
1905,100764.57601625055
1906,100764.57601625055
1907,100764.57601625055
1908,100764.57601625055
1909,100764.57601625055
1910,100764.57601625055
1911,100764.57601625055
1912,100764.57601625055
1913,100764.57601625055
1914,100764.57601625055
1915,100764.57601625055
1916,100764.57601625055
1917,100764.57601625055
1918,100764.57601625055
1919,100764.57601625053
1920,100764.57601625053
1921,100764.57601625053
1922,100764.57601625053
1923,100764.57601625053
1924,100764.57601625053
1925,100764.57601625053
1926,100764.57601625053
1927,100764.57601625053
1928,100764.57601625042
1929,100764.57601625042
1930,100764.57601625042
1931,100764.57601625042
1932,100764.57601625042
1933,100764.57601625042
1934,100764.57601625042
1935,100764.57601625042
1936,100764.57601625042
1937,100764.57601625042
1938,100764.57601625042
1939,100764.57601625042
1940,100764.57601625042
1941,100764.57601625042
1942,100764.57601625042
1943,100764.57601625042
1944,100764.57601625042
1945,100764.57601625042
1946,100764.57601625042
1947,100764.57601625042
1948,100764.57601625042
1949,100764.57601625042
1950,100764.57601625042
1951,100764.57601625042
1952,100764.57601625042
1953,100764.57601625042
1954,100764.57601625042
1955,100764.57601625042
1956,100764.57601625042
1957,100764.57601625042
1958,100764.57601625042
1959,100764.57601625042
1960,100764.57601625042
1961,100764.57601625042
1962,100764.57601625042
1963,100764.57601625042
1964,100764.57601625042
1965,100764.57601625042
1966,100764.57601625042
1967,100764.57601625042
1968,100764.57601625042
1969,100764.57601625042
1970,100764.57601625042
1971,100764.57601625042
1972,100764.57601625042
1973,100764.57601625042
1974,100764.57601625042
1975,100764.57601625042
1976,100764.57601625042
1977,100764.57601625042
1978,100764.57601625042
1979,100764.57601625042
1980,100764.57601625042
1981,100764.57601625042
1982,100764.57601625042
1983,100764.57601625042
1984,100764.57601625042
1985,100764.57601625042
1986,100764.57601625042
1987,100764.57601625042
1988,100764.57601625042
1989,100764.57601625042
1990,100764.57601625042
1991,100764.57601625042
1992,100764.57601625042
1993,100764.57601625042
1994,100764.57601625042
1995,100764.57601625042
1996,100764.57601625042
1997,98004.87017321233
1998,98004.87017321233
1999,98004.87017321233
2000,98004.87017321233
2001,98004.87017321233
2002,98004.87017321233
2003,97782.47426789194
2004,97782.47426789194
2005,97782.47426789194
2006,97782.47426789194
2007,97782.47426789194
2008,97782.47426789194
2009,97782.47426789194
2010,97782.47426789194
2011,97782.47426789194
2012,97782.47426789194
2013,97782.47426789194
2014,97782.47426789194
2015,97782.47426789194
2016,97782.47426789194
2017,97782.47426789194
2018,97782.47426789194
2019,97782.47426789194
2020,97782.47426789194
2021,97782.47426789194
2022,97782.47426789194
2023,97782.47426789194
2024,97782.47426789194
2025,97782.47426789194
2026,97782.47426789194
2027,97782.47426789194
2028,97782.47426789194
2029,97782.47426789194
2030,97782.47426789194
2031,97782.47426789194
2032,97782.47426789194
2033,97782.47426789194
2034,97782.47426789194
2035,97782.47426789194
2036,97782.47426789194
2037,97782.47426789194
2038,97782.47426789194
2039,97782.47426789194
2040,97782.47426789194
2041,97782.47426789194
2042,97782.47426789194
2043,97782.47426789194
2044,97782.47426789194
2045,97782.47426789194
2046,97782.47426789194
2047,97782.47426789194
2048,97782.47426789194
2049,97782.47426789194
2050,97782.47426789194
2051,97782.47426789194
2052,97782.47426789194
2053,97782.47426789194
2054,97782.47426789194
2055,97782.47426789194
2056,97782.47426789193
2057,97782.47426789193
2058,97782.47426789193
2059,97782.47426789193
2060,97782.47426789193
2061,97782.47426789193
2062,97782.47426789193
2063,97782.47426789193
2064,97782.47426789193
2065,97782.47426789193
2066,97782.47426789193
2067,97782.47426789193
2068,97782.47426789193
2069,97782.47426789193
2070,97782.47426789193
2071,97782.47426789193
2072,97782.47426789193
2073,97782.47426789193
2074,97782.47426789193
2075,97782.47426789193
2076,97782.47426789193
2077,97782.47426789193
2078,97782.47426789193
2079,97782.47426789193
2080,97782.47426789193
2081,97782.47426789193
2082,97782.47426789193
2083,97782.47426789193
2084,97782.47426789193
2085,97782.47426789193
2086,97782.47426789193
2087,97782.47426789193
2088,97782.47426789193
2089,97782.47426789193
2090,97782.47426789193
2091,97782.47426789193
2092,97782.47426789193
2093,97782.47426789193
2094,97782.47426789193
2095,97782.47426789193
2096,97782.47426789193
2097,97782.47426789193
2098,97782.47426789193
2099,97782.47426789193
2100,97782.47426789193
2101,97782.47426789193
2102,97782.47426789193
2103,97782.47426789193
2104,97782.47426789193
2105,97782.47426789193
2106,97782.47426789193
2107,97782.47426789193
2108,97782.47426789187
2109,97782.47426789187
2110,97782.47426789187
2111,97782.47426789187
2112,96715.56710760413
2113,96715.56710760413
2114,96715.56710760413
2115,96715.56710760413
2116,96715.56710760413
2117,96715.56710760413
2118,96715.56710760413
2119,96715.56710760413
2120,96715.56710760413
2121,96715.56710760413
2122,96715.56710760413
2123,96715.56710760413
2124,96715.56710760413
2125,96715.56710760413
2126,96715.56710760413
2127,96715.56710760413
2128,96715.56710760413
2129,96715.56710760413
2130,96715.56710760413
2131,96715.56710760413
2132,96715.56710760413
2133,96715.56710760413
2134,96715.56710760413
2135,96715.56710760413
2136,96715.56710760413
2137,96715.56710760413
2138,96715.56710760413
2139,96715.56710760413
2140,96715.56710760413
2141,96715.56710760413
2142,96715.56710760413
2143,96715.56710760413
2144,96715.56710760413
2145,96715.56710760413
2146,96715.56710760413
2147,96715.56710760413
2148,96715.56710760413
2149,96715.56710760413
2150,96715.56710760413
2151,96715.56710760413
2152,96715.56710760413
2153,96715.56710760413
2154,96715.56710760413
2155,96715.56710760413
2156,96715.56710760413
2157,96715.56710760413
2158,96715.56710760413
2159,96715.56710760413
2160,96715.56710760413
2161,96715.56710760413
2162,96715.56710760413
2163,96715.56710760413
2164,96715.56710760413
2165,96715.56710760413
2166,96715.56710760413
2167,96715.56710760413
2168,96715.56710760413
2169,96715.56710760413
2170,96715.56710760413
2171,96715.56710760413
2172,96715.56710760413
2173,96715.56710760413
2174,96715.56710760413
2175,96715.56710760413
2176,96715.56710760413
2177,96715.56710760413
2178,96715.56710760413
2179,96715.56710760413
2180,96715.56710760413
2181,96715.56710760413
2182,96715.56710760413
2183,96715.56710760413
2184,96715.56710760413
2185,96715.56710760413
2186,96715.56710760413
2187,96715.56710760413
2188,96715.56710760413
2189,96715.56710760413
2190,96715.56710760413
2191,96715.56710760413
2192,96715.56710760413
2193,96715.56710760413
2194,96715.56710760413
2195,96715.56710760413
2196,96715.56710760413
2197,96715.56710760413
2198,96715.56710760413
2199,96715.56710760413
2200,96715.56710760413
2201,96715.56710760413
2202,96715.56710760413
2203,96715.56710760413
2204,96715.56710760413
2205,96715.56710760413
2206,96715.56710760413
2207,96715.56710760413
2208,96715.56710760413
2209,96715.56710760413
2210,96715.56710760413
2211,96715.56710760413
2212,96715.56710760413
2213,96715.56710760413
2214,96715.56710760413
2215,96715.56710760413
2216,96715.56710760413
2217,96715.56710760413
2218,96715.56710760413
2219,96715.56710760413
2220,96715.56710760413
2221,96715.56710760413
2222,96715.56710760413
2223,96715.56710760413
2224,96715.56710760413
2225,96715.56710760413
2226,96715.56710760413
2227,96715.56710760413
2228,96715.56710760413
2229,96715.56710760413
2230,96715.56710760413
2231,96715.56710760413
2232,96715.56710760413
2233,96715.56710760413
2234,96715.56710760413
2235,96715.56710760413
2236,96715.56710760413
2237,96715.56710760413
2238,96715.56710760413
2239,96715.56710760413
2240,96715.56710760413
2241,96715.56710760413
2242,96715.56710760413
2243,96715.56710760413
2244,96715.56710760413
2245,96715.56710760413
2246,96715.56710760413
2247,96715.56710760413
2248,96715.56710760413
2249,96715.56710760413
2250,96715.56710760413
2251,96715.56710760413
2252,96715.56710760413
2253,96715.56710760413
2254,96715.56710760413
2255,96715.56710760413
2256,96715.56710760413
2257,96715.56710760413
2258,96715.56710760413
2259,96715.56710760413
2260,96715.56710760413
2261,96715.56710760413
2262,96715.56710760413
2263,96715.56710760413
2264,96715.56710760413
2265,96715.56710760413
2266,94760.45461743929
2267,94760.45461743929
2268,94760.45461743929
2269,94760.45461743929
2270,94760.45461743929
2271,94760.45461743929
2272,94760.45461743929
2273,94760.45461743929
2274,94760.45461743929
2275,94760.45461743929
2276,94760.45461743929
2277,94760.45461743929
2278,94760.45461743929
2279,94760.45461743929
2280,94760.45461743929
2281,94760.45461743929
2282,94760.45461743929
2283,94760.45461743929
2284,94760.45461743929
2285,94760.45461743929
2286,94760.45461743929
2287,94760.45461743929
2288,94760.45461743929
2289,94760.45461743929
2290,94760.45461743929
2291,94760.45461743929
2292,94760.45461743929
2293,94760.45461743929
2294,94760.45461743929
2295,94760.45461743929
2296,94760.45461743929
2297,94760.45461743929
2298,94760.45461743929
2299,94760.45461743929
2300,94760.45461743929
2301,94760.45461743929
2302,94760.45461743929
2303,94760.45461743929
2304,94760.45461743929
2305,94760.45461743929
2306,94760.45461743929
2307,94760.45461743929
2308,94760.45461743929
2309,94760.45461743929
2310,94760.45461743929
2311,94760.45461743929
2312,94760.45461743926
2313,94760.45461743926
2314,94760.45461743926
2315,94760.45461743926
2316,94760.45461743926
2317,94760.45461743926
2318,94760.45461743926
2319,94760.45461743926
2320,94760.45461743926
2321,94760.45461743926
2322,94760.45461743926
2323,94760.45461743926
2324,94760.45461743926
2325,94760.45461743926
2326,94760.45461743926
2327,94760.45461743926
2328,94760.45461743926
2329,94760.45461743926
2330,94760.45461743926
2331,94760.45461743926
2332,94760.45461743926
2333,94760.45461743926
2334,94760.45461743926
2335,94760.45461743926
2336,94760.45461743926
2337,94760.45461743926
2338,94760.45461743926
2339,94760.45461743926
2340,94760.45461743926
2341,94760.45461743926
2342,94760.45461743926
2343,94760.45461743926
2344,94760.45461743926
2345,94760.45461743926
2346,94760.45461743926
2347,94760.45461743926
2348,94760.45461743926
2349,94760.45461743926
2350,94760.45461743926
2351,94760.45461743926
2352,94760.45461743926
2353,94760.45461743926
2354,94760.45461743926
2355,94760.45461743926
2356,94760.45461743926
2357,94760.45461743926
2358,94760.45461743926
2359,94760.45461743926
2360,94760.45461743926
2361,94760.45461743926
2362,94760.45461743926
2363,94760.45461743926
2364,94760.45461743926
2365,94760.45461743926
2366,94760.45461743926
2367,94760.45461743926
2368,94760.45461743926
2369,94760.45461743926
2370,94760.45461743926
2371,94760.45461743926
2372,94760.45461743926
2373,94760.45461743926
2374,94760.45461743926
2375,94760.45461743926
2376,94760.45461743926
2377,94760.45461743926
2378,94760.45461743926
2379,94760.45461743926
2380,94760.45461743926
2381,94760.45461743926
2382,94760.45461743926
2383,94760.45461743926
2384,94760.45461743926
2385,94760.45461743926
2386,94760.45461743926
2387,94760.45461743926
2388,94760.45461743926
2389,94760.45461743926
2390,94760.45461743926
2391,94760.45461743926
2392,94760.45461743926
2393,94760.45461743926
2394,94760.45461743926
2395,94760.45461743923
2396,94760.45461743923
2397,94760.45461743923
2398,94760.45461743923
2399,94760.45461743923
2400,94760.45461743923
2401,94760.45461743923
2402,94760.45461743923
2403,94760.45461743923
2404,94760.45461743923
2405,94760.45461743923
2406,94760.45461743923
2407,94760.45461743923
2408,94760.45461743923
2409,94760.45461743923
2410,94760.45461743923
2411,94760.45461743923
2412,94760.45461743923
2413,94760.45461743923
2414,94760.45461743923
2415,94760.45461743923
2416,94760.45461743923
2417,94760.45461743923
2418,94760.45461743923
2419,94760.45461743923
2420,94760.45461743923
2421,94760.45461743923
2422,94760.45461743923
2423,94760.45461743923
2424,94760.45461743923
2425,94760.45461743923
2426,94760.45461743923
2427,94760.45461743923
2428,94760.45461743923
2429,94760.45461743923
2430,94760.45461743923
2431,94760.45461743923
2432,94760.45461743923
2433,94760.45461743923
2434,94760.45461743923
2435,94760.45461743923
2436,94760.45461743923
2437,94760.45461743923
2438,94760.45461743923
2439,94760.45461743923
2440,94760.45461743923
2441,94760.45461743923
2442,94760.45461743923
2443,94760.45461743923
2444,94760.45461743923
2445,94760.45461743923
2446,94760.45461743923
2447,94760.45461743923
2448,94760.45461743923
2449,94760.45461743923
2450,94760.45461743923
2451,94760.45461743923
2452,94760.45461743923
2453,94760.45461743923
2454,94760.45461743923
2455,94760.45461743923
2456,94760.45461743923
2457,94760.45461743923
2458,94760.45461743923
2459,94760.45461743923
2460,94126.08613825147
2461,94126.08613825147
2462,94126.08613825147
2463,94126.08613825147
2464,94126.08613825147
2465,94126.08613825147
2466,94126.08613825147
2467,94126.08613825147
2468,94126.08613825147
2469,94126.08613825147
2470,94126.08613825147
2471,94126.08613825147
2472,94126.08613825147
2473,94126.08613825147
2474,94126.08613825147
2475,94126.08613825147
2476,94126.08613825147
2477,94126.08613825147
2478,94126.08613825147
2479,94126.08613825147
2480,94126.08613825147
2481,94126.08613825147
2482,94126.08613825147
2483,94126.08613825147
2484,94126.08613825147
2485,94126.08613825147
2486,94126.08613825147
2487,94126.08613825146
2488,94126.08613825146
2489,94126.08613825146
2490,93639.82972155933
2491,93639.82972155933
2492,93639.82972155933
2493,93639.82972155933
2494,93639.82972155933
2495,93639.82972155933
2496,93639.82972155933
2497,93639.82972155933
2498,93639.82972155933
2499,93639.82972155933
