iteracion,valor_coste
0,1483236.9020526186
1,1321594.5126132518
2,1078797.1916260927
3,1078797.1916260927
4,1078797.1916260927
5,1078797.1916260927
6,1078797.1916260927
7,1078797.1916260927
8,1078797.1916260927
9,1078797.1916260927
10,629979.630235815
11,629979.6302358148
12,629979.6302358148
13,629979.6302358148
14,629979.6302358148
15,602722.6540564689
16,602722.6540564689
17,602722.6540564689
18,602722.6540564689
19,602722.6540564689
20,602722.6540564689
21,602722.6540564689
22,602722.6540564689
23,602722.6540564689
24,602722.6540564689
25,602722.6540564689
26,602722.6540564689
27,602722.6540564689
28,602722.6540564689
29,602722.6540564689
30,602722.6540564689
31,602722.6540564689
32,602722.6540564689
33,602722.6540564689
34,602722.6540564689
35,602722.6540564689
36,602722.6540564689
37,602722.6540564689
38,602722.6540564689
39,602722.6540564689
40,602722.6540564689
41,602722.6540564689
42,602722.6540564689
43,602722.6540564689
44,602722.6540564689
45,602722.6540564689
46,602722.6540564689
47,602722.6540564689
48,602722.6540564689
49,602722.6540564689
50,602722.6540564689
51,602722.6540564689
52,602722.6540564689
53,602722.6540564689
54,602722.6540564689
55,602722.6540564689
56,602722.6540564689
57,602722.6540564689
58,602722.6540564689
59,602722.6540564689
60,602722.6540564689
61,602722.6540564689
62,602722.6540564689
63,602722.6540564689
64,602722.6540564689
65,602722.6540564689
66,602722.6540564689
67,602722.6540564689
68,587656.8269313751
69,587656.8269313751
70,587656.8269313751
71,587656.8269313751
72,587656.826931375
73,587656.826931375
74,587656.826931375
75,587656.826931375
76,587656.826931375
77,587656.826931375
78,587656.826931375
79,587656.826931375
80,587656.826931375
81,587656.826931375
82,587656.826931375
83,587656.826931375
84,587656.826931375
85,587656.826931375
86,587656.826931375
87,587656.826931375
88,587656.826931375
89,587656.826931375
90,587656.826931375
91,587656.826931375
92,587656.826931375
93,587656.826931375
94,587656.826931375
95,587656.826931375
96,587656.826931375
97,587656.826931375
98,587656.826931375
99,587656.826931375
100,587656.826931375
101,587656.826931375
102,587656.826931375
103,587656.826931375
104,587656.826931375
105,587656.826931375
106,587656.826931375
107,587656.826931375
108,587656.826931375
109,587656.826931375
110,587656.826931375
111,587656.826931375
112,587656.826931375
113,587656.826931375
114,587656.826931375
115,587656.826931375
116,587656.826931375
117,587656.826931375
118,587656.826931375
119,587656.826931375
120,587656.826931375
121,587656.826931375
122,587656.826931375
123,587656.826931375
124,587656.826931375
125,587656.826931375
126,587656.826931375
127,587656.826931375
128,587656.826931375
129,587656.826931375
130,587656.826931375
131,587656.826931375
132,587656.826931375
133,587656.826931375
134,587656.826931375
135,587656.826931375
136,587656.826931375
137,587656.826931375
138,587656.826931375
139,587656.826931375
140,587656.826931375
141,587656.826931375
142,587656.826931375
143,587656.826931375
144,587656.826931375
145,587656.826931375
146,587656.826931375
147,587656.826931375
148,587656.826931375
149,587656.826931375
150,587656.826931375
151,587656.826931375
152,587656.826931375
153,587656.826931375
154,587656.826931375
155,587656.826931375
156,587656.826931375
157,587656.826931375
158,587656.8269313748
159,587656.8269313748
160,587656.8269313748
161,587656.8269313748
162,587656.8269313748
163,587656.8269313748
164,587656.8269313748
165,587656.8269313748
166,587656.8269313748
167,587656.8269313748
168,587656.8269313748
169,587656.8269313748
170,529071.2890034299
171,529071.2890034299
172,529071.2890034299
173,529071.2890034299
174,529071.2890034295
175,529071.2890034295
176,529071.2890034295
177,529071.2890034295
178,529071.2890034295
179,529071.2890034295
180,529071.2890034295
181,529071.2890034295
182,529071.2890034295
183,529071.2890034295
184,525125.5677286497
185,525125.5677286497
186,525125.5677286497
187,525125.5677286497
188,525125.5677286497
189,525125.5677286497
190,525125.5677286497
191,525125.5677286497
192,525125.5677286497
193,525125.5677286497
194,525125.5677286497
195,525125.5677286497
196,525125.5677286497
197,525125.5677286497
198,525125.5677286497
199,525125.5677286497
200,525125.5677286497
201,525125.5677286497
202,525125.5677286497
203,525125.5677286497
204,525125.5677286497
205,525125.5677286497
206,525125.5677286497
207,525125.5677286492
208,525125.5677286492
209,525125.5677286492
210,525125.5677286492
211,525125.5677286492
212,525125.5677286492
213,525125.5677286492
214,525125.5677286492
215,525125.5677286492
216,525125.5677286492
217,525125.5677286492
218,525125.5677286492
219,525125.5677286492
220,525125.5677286492
221,525125.5677286492
222,525125.5677286492
223,525125.5677286492
224,525125.5677286492
225,525125.5677286492
226,525125.5677286492
227,525125.5677286492
228,525125.5677286492
229,525125.5677286492
230,525125.5677286492
231,525125.5677286492
232,525125.5677286492
233,525125.5677286492
234,525125.5677286492
235,525125.5677286492
236,525125.5677286492
237,525125.5677286492
238,525125.5677286492
239,525125.5677286492
240,525125.5677286492
241,525125.5677286492
242,525125.5677286492
243,525125.5677286492
244,525125.5677286492
245,525125.5677286492
246,525125.5677286492
247,525125.5677286492
248,477108.3601358773
249,477108.3601358773
250,477108.36013587716
251,477108.36013587716
252,477108.36013587716
253,477108.36013587716
254,477108.36013587716
255,477108.36013587716
256,477108.36013587716
257,477108.36013587716
258,477108.36013587716
259,477108.36013587716
260,477108.36013587716
261,477108.36013587716
262,477108.36013587716
263,477108.36013587716
264,477108.36013587716
265,477108.36013587716
266,477108.36013587716
267,477108.36013587716
268,477108.36013587716
269,477108.36013587716
270,477108.36013587716
271,477108.36013587716
272,477108.36013587716
273,477108.36013587716
274,477108.36013587716
275,477108.36013587716
276,477108.36013587716
277,477108.36013587716
278,477108.36013587716
279,472535.2603638297
280,472535.2603638297
281,472535.2603638297
282,472535.2603638297
283,472535.2603638297
284,472535.2603638297
285,472535.2603638297
286,472535.2603638297
287,472535.2603638297
288,472535.2603638297
289,472535.2603638297
290,472535.2603638297
291,472535.2603638297
292,472535.2603638297
293,472535.2603638297
294,472535.2603638297
295,472535.2603638297
296,472535.2603638297
297,472535.2603638297
298,472535.2603638297
299,472535.2603638297
300,472535.2603638297
301,472535.2603638297
302,472535.2603638297
303,472535.2603638297
304,472535.2603638297
305,472535.2603638297
306,472535.2603638297
307,472535.2603638297
308,472535.2603638297
309,472535.2603638297
310,472535.2603638297
311,472535.2603638297
312,472535.2603638297
313,472535.2603638297
314,472535.2603638297
315,472535.2603638297
316,472535.2603638297
317,472535.2603638297
318,472535.2603638296
319,472535.2603638296
320,472535.2603638296
321,472535.2603638296
322,472535.2603638296
323,472535.2603638296
324,472535.2603638296
325,472535.2603638296
326,472535.2603638296
327,472535.2603638296
328,472535.2603638296
329,472535.2603638296
330,472535.2603638296
331,472535.2603638296
332,472535.2603638296
333,472535.2603638296
334,472535.2603638296
335,472535.2603638296
336,472535.2603638296
337,472535.2603638296
338,472535.2603638296
339,472535.2603638296
340,472535.2603638296
341,472535.2603638296
342,472535.2603638296
343,472535.2603638296
344,472535.2603638296
345,472535.2603638296
346,472535.2603638296
347,472535.2603638296
348,464459.4523109649
349,464459.4523109649
350,464459.4523109649
351,464459.4523109649
352,464459.4523109649
353,464459.4523109649
354,464459.4523109649
355,429547.45885506977
356,429547.45885506977
357,429547.4588550695
358,429547.4588550695
359,429547.4588550695
360,429547.4588550695
361,429547.4588550695
362,429547.4588550695
363,429547.4588550695
364,429547.4588550695
365,429547.4588550695
366,429547.4588550695
367,429547.4588550695
368,429547.4588550695
369,429547.4588550695
370,429547.4588550695
371,429547.4588550695
372,429547.4588550695
373,429547.4588550695
374,429547.4588550695
375,429547.4588550695
376,429547.4588550695
377,429547.4588550695
378,429547.4588550695
379,429547.4588550695
380,429547.4588550695
381,429547.4588550695
382,429547.4588550695
383,429547.4588550695
384,429547.4588550695
385,429547.4588550695
386,429547.4588550695
387,429547.4588550695
388,429547.4588550695
389,429547.4588550695
390,429547.4588550695
391,429547.4588550695
392,429547.4588550695
393,429547.4588550695
394,429547.4588550695
395,429547.4588550695
396,429547.4588550695
397,429547.4588550695
398,429547.4588550695
399,429547.4588550695
400,429547.4588550695
401,429547.4588550695
402,429547.4588550695
403,429547.4588550695
404,429547.4588550695
405,429547.4588550695
406,429547.4588550695
407,429547.4588550695
408,429547.4588550695
409,429547.4588550695
410,429547.4588550695
411,429547.4588550695
412,429547.4588550695
413,429547.4588550695
414,429547.4588550695
415,401781.45498844923
416,401781.45498844923
417,401781.45498844923
418,381644.44111588073
419,381644.44111588073
420,381644.44111588073
421,381644.44111588073
422,381644.44111588073
423,381644.44111588073
424,381644.44111588073
425,381644.44111588073
426,381644.44111588073
427,381644.44111588073
428,381644.44111588073
429,381644.44111588073
430,381644.44111588073
431,381644.44111588073
432,381644.44111588073
433,381644.44111588073
434,381644.44111588073
435,381644.44111588073
436,381644.44111588073
437,381644.44111588073
438,381644.44111588073
439,381644.44111588073
440,343422.7669782628
441,343422.7669782628
442,343422.7669782628
443,343422.7669782628
444,343422.7669782628
445,343422.7669782628
446,343422.7669782628
447,343422.7669782628
448,343422.7669782628
449,343422.7669782628
450,343422.7669782628
451,343422.7669782628
452,343422.7669782628
453,343422.7669782628
454,343422.7669782628
455,343422.7669782628
456,343422.7669782628
457,343422.7669782628
458,343422.7669782628
459,343422.76697826263
460,343422.76697826263
461,343422.76697826263
462,343422.76697826263
463,343422.76697826263
464,343422.76697826263
465,343422.76697826263
466,343422.76697826263
467,343422.76697826263
468,343422.76697826263
469,343422.76697826263
470,343422.76697826263
471,343422.76697826263
472,343422.76697826263
473,343422.76697826263
474,343422.76697826263
475,343422.76697826263
476,343422.76697826263
477,343422.76697826263
478,343422.76697826263
479,343422.76697826263
480,343422.76697826263
481,343422.76697826263
482,343422.76697826263
483,343422.76697826263
484,343422.76697826263
485,343422.76697826263
486,343422.76697826263
487,343422.76697826263
488,343422.76697826263
489,343422.76697826263
490,343422.76697826263
491,343422.76697826263
492,343422.76697826263
493,343422.76697826263
494,343422.76697826263
495,343422.76697826263
496,343422.76697826263
497,343422.76697826263
498,343422.76697826263
499,343422.76697826263
500,343422.76697826263
501,343422.76697826263
502,343422.76697826263
503,343422.76697826263
504,343422.76697826263
505,343422.76697826263
506,336736.98112754035
507,336736.98112754035
508,336736.98112754035
509,336736.98112754035
510,336736.98112754035
511,336736.98112754035
512,336736.98112754035
513,336736.98112754035
514,336736.98112754035
515,336736.98112754035
516,336736.98112754035
517,336736.98112754035
518,336736.98112754035
519,336736.98112754035
520,336736.98112754035
521,336736.98112754035
522,336736.98112754035
523,336736.98112754035
524,336736.98112754035
525,336736.98112754035
526,336736.98112754035
527,336736.98112754035
528,336736.98112754035
529,336736.98112754035
530,336736.98112754035
531,336736.98112754035
532,336736.98112754035
533,336736.98112754035
534,336736.98112754035
535,336736.98112754035
536,336736.98112754035
537,336736.98112754035
538,336736.98112754035
539,336736.98112754035
540,336736.98112754035
541,336736.98112754035
542,336736.98112754035
543,336736.98112754035
544,336736.98112754035
545,336736.98112754035
546,336736.98112754035
547,336736.98112754035
548,336736.98112754035
549,336736.98112754035
550,336736.98112754035
551,336736.98112754035
552,336736.98112754035
553,336736.98112754035
554,336736.98112754035
555,336736.98112754035
556,336736.98112754035
557,336736.98112754035
558,336736.98112754035
559,336736.98112754035
560,336736.98112754035
561,336736.98112754035
562,336736.98112754035
563,336736.98112754035
564,336736.98112754035
565,336736.98112754035
566,336736.98112754035
567,336736.98112754035
568,336736.98112754035
569,336736.98112754035
570,336736.98112754035
571,336736.98112754035
572,336736.98112754035
573,336736.98112754035
574,336736.98112754035
575,336736.98112754035
576,336736.98112754035
577,336736.98112754035
578,336736.98112754035
579,336736.98112754035
580,336736.98112754035
581,336736.98112754035
582,336736.98112754035
583,336736.98112754035
584,336736.98112754035
585,336736.98112754035
586,336736.98112754035
587,336736.98112754035
588,336736.98112754035
589,336736.98112754035
590,336736.98112754035
591,336736.98112754035
592,336736.98112754035
593,336736.98112754035
594,336736.98112754035
595,336736.98112754035
596,336736.98112754035
597,336736.98112754035
598,336736.98112754035
599,336736.98112754035
600,336736.98112754035
601,336736.98112754035
602,336736.98112754035
603,336736.98112754035
604,336736.98112754035
605,336736.98112754035
606,336736.98112754035
607,336736.98112754035
608,336736.98112754035
609,336736.98112754035
610,336736.98112754035
611,336736.98112754035
612,336736.98112754035
613,336736.98112754035
614,336736.98112754035
615,336736.98112754035
616,336736.98112754035
617,336736.98112754035
618,336736.98112754035
619,336736.98112754035
620,336736.98112754035
621,336736.98112754035
622,336736.98112754035
623,336736.98112754035
624,336736.98112754035
625,336736.98112754035
626,336736.98112754035
627,336736.98112754035
628,336736.98112754035
629,336736.98112754035
630,336736.98112754035
631,336736.98112754035
632,336736.98112754035
633,336736.98112754035
634,336736.98112754035
635,336736.98112754035
636,336736.98112754035
637,336736.98112754035
638,336736.98112754035
639,336736.98112754035
640,336736.98112754035
641,336736.98112754035
642,336736.98112754035
643,336736.98112754035
644,336736.98112754035
645,336736.98112754035
646,336736.98112754035
647,336736.98112754035
648,336736.98112754035
649,336736.98112754035
650,336736.98112754035
651,336736.98112754035
652,336736.98112754035
653,336736.98112754035
654,336736.98112754035
655,336736.98112754035
656,336736.98112754035
657,336736.98112754035
658,336736.98112754035
659,336736.98112754035
660,336736.98112754035
661,336736.98112754035
662,336736.98112754035
663,336736.98112754035
664,336736.98112754035
665,336736.98112754035
666,336736.98112754035
667,336736.98112754035
668,336736.98112754035
669,336736.98112754035
670,336736.98112754035
671,336736.98112754035
672,336736.98112754035
673,336736.98112754035
674,336736.98112754035
675,336736.98112754035
676,336736.98112754035
677,336736.98112754035
678,336736.98112754035
679,336736.98112754035
680,336736.98112754035
681,336736.98112754035
682,336736.98112754035
683,336736.98112754035
684,336736.98112754035
685,336736.98112754035
686,336736.98112754035
687,336736.98112754035
688,336736.98112754035
689,336736.98112754035
690,336736.98112754035
691,336736.98112754035
692,336736.98112754035
693,336736.98112754035
694,336736.98112754035
695,336736.98112754035
696,336736.98112754035
697,336736.98112754035
698,336736.98112754035
699,336736.98112754035
700,336736.98112754035
701,336736.98112754035
702,336736.98112754035
703,336736.98112754035
704,336736.98112754035
705,336736.98112754035
706,336736.98112754035
707,336736.98112754035
708,336736.98112754035
709,336736.98112754035
710,336736.98112754035
711,336736.98112754035
712,336736.98112754035
713,336736.98112754035
714,336736.98112754035
715,336736.98112754035
716,336736.98112754035
717,336736.98112754035
718,333332.77546571125
719,333332.77546571125
720,333332.77546571125
721,333332.77546571125
722,333332.77546571125
723,333332.77546571125
724,333332.77546571125
725,333332.77546571125
726,333332.77546571125
727,333332.77546571125
728,333332.77546571125
729,333332.77546571125
730,333332.77546571125
731,333332.77546571125
732,333332.77546571125
733,333332.77546571125
734,333332.77546571125
735,333332.77546571125
736,333332.77546571125
737,333332.77546571125
738,322639.65987677034
739,322639.65987677034
740,322639.6598767701
741,322639.6598767701
742,322639.6598767701
743,322639.6598767701
744,322639.6598767701
745,322639.6598767701
746,322639.6598767701
747,322639.6598767701
748,322639.6598767701
749,322639.6598767701
750,322639.6598767701
751,322639.6598767701
752,322639.6598767701
753,322639.6598767701
754,322639.6598767701
755,322639.6598767701
756,322639.6598767701
757,322639.6598767701
758,322639.6598767701
759,322639.6598767701
760,322639.6598767701
761,322639.6598767701
762,322639.6598767701
763,322639.6598767701
764,322639.6598767701
765,322639.6598767701
766,322639.6598767701
767,322639.6598767701
768,322639.6598767701
769,322639.6598767701
770,322639.6598767701
771,322639.6598767701
772,322639.6598767701
773,322639.6598767701
774,322639.6598767701
775,322639.6598767701
776,322639.6598767701
777,322639.6598767701
778,322639.6598767701
779,322639.6598767701
780,322639.6598767701
781,301928.2209909512
782,301928.2209909512
783,301928.2209909512
784,301928.2209909512
785,301928.2209909512
786,301928.2209909512
787,301928.2209909512
788,301928.2209909512
789,301928.2209909512
790,301928.2209909512
791,301928.2209909512
792,301928.2209909512
793,301928.2209909512
794,301928.2209909512
795,301928.2209909512
796,283463.8825984955
797,283463.88259849546
798,283463.88259849546
799,283463.88259849546
800,283463.88259849546
801,283463.88259849546
802,283463.88259849546
803,283463.88259849546
804,283463.88259849546
805,283463.88259849546
806,283463.88259849546
807,283463.88259849546
808,283463.88259849546
809,283463.88259849546
810,283463.88259849546
811,283463.88259849546
812,283463.88259849546
813,283463.88259849546
814,283463.88259849546
815,283463.88259849546
816,283463.88259849546
817,283463.88259849546
818,283463.88259849546
819,283463.88259849546
820,283463.88259849546
821,283463.88259849546
822,283463.88259849546
823,283463.88259849546
824,283463.88259849546
825,283463.88259849546
826,283463.88259849546
827,283463.88259849546
828,283463.88259849546
829,283463.88259849546
830,283463.88259849546
831,283463.88259849546
832,283463.88259849546
833,283463.88259849546
834,283463.88259849546
835,283463.88259849546
836,283463.88259849546
837,283463.88259849546
838,283463.88259849546
839,283463.88259849546
840,283463.88259849546
841,283463.88259849546
842,283463.88259849546
843,283463.88259849546
844,283463.88259849546
845,283463.88259849546
846,283463.88259849546
847,283463.88259849546
848,283463.88259849546
849,283463.88259849546
850,283463.88259849546
851,283463.88259849546
852,283463.88259849546
853,283463.88259849546
854,283463.88259849546
855,283463.88259849546
856,283463.88259849546
857,283463.88259849546
858,283463.88259849546
859,283463.88259849546
860,283463.88259849546
861,283463.88259849546
862,283463.88259849546
863,283463.88259849546
864,283463.88259849546
865,283463.88259849546
866,283463.88259849546
867,283463.88259849546
868,283463.88259849546
869,283463.88259849546
870,283463.88259849546
871,283463.88259849546
872,283463.88259849546
873,283463.88259849546
874,283463.88259849546
875,283463.88259849546
876,283463.88259849546
877,283463.88259849546
878,283463.88259849546
879,283463.88259849546
880,283463.88259849546
881,283463.88259849546
882,283463.88259849546
883,283463.88259849546
884,283463.88259849546
885,283463.88259849546
886,283463.88259849546
887,283463.88259849546
888,283463.88259849546
889,283463.88259849546
890,283463.88259849546
891,283463.88259849546
892,283463.88259849546
893,283463.88259849546
894,283463.88259849546
895,283463.88259849546
896,283463.88259849546
897,283463.88259849546
898,283463.88259849546
899,283463.88259849546
900,283463.88259849546
901,283463.88259849546
902,283463.88259849546
903,283463.88259849546
904,283463.88259849546
905,283463.88259849546
906,283463.88259849546
907,283463.88259849546
908,283463.88259849546
909,283463.88259849546
910,283463.88259849546
911,283463.88259849546
912,283463.88259849546
913,283463.88259849546
914,283463.88259849546
915,283463.88259849546
916,283463.88259849546
917,283463.88259849546
918,283463.88259849546
919,283463.88259849546
920,268563.04611694126
921,268563.04611694126
922,268563.04611694126
923,268563.04611694126
924,268563.04611694126
925,268563.04611694126
926,268563.04611694126
927,268563.04611694126
928,268563.04611694126
929,268563.04611694126
930,268563.04611694126
931,268563.04611694126
932,268563.04611694126
933,268563.04611694126
934,268563.04611694126
935,268563.04611694126
936,268563.04611694126
937,268563.04611694126
938,268563.04611694126
939,268563.04611694126
940,268563.04611694126
941,268563.04611694126
942,268563.04611694126
943,268563.04611694126
944,268563.04611694126
945,268563.04611694126
946,268563.04611694126
947,268563.04611694126
948,268563.04611694126
949,268563.04611694126
950,268563.04611694126
951,268563.04611694126
952,268563.04611694126
953,268563.04611694126
954,268563.04611694126
955,268563.04611694126
956,268563.04611694126
957,268563.04611694126
958,268563.04611694126
959,268563.04611694126
960,268563.04611694126
961,268563.04611694126
962,268563.04611694126
963,268563.04611694126
964,268563.04611694126
965,268563.04611694126
966,268563.04611694126
967,268563.04611694126
968,268563.04611694126
969,268563.04611694126
970,268563.04611694126
971,268563.04611694126
972,268563.04611694126
973,268563.04611694126
974,268563.04611694126
975,268563.04611694126
976,268563.04611694126
977,268563.04611694126
978,268563.04611694126
979,268563.04611694126
980,268563.04611694126
981,268563.04611694126
982,268563.04611694126
983,268563.04611694126
984,268563.04611694126
985,268563.04611694126
986,268563.04611694126
987,268563.04611694126
988,268563.04611694126
989,268563.04611694126
990,268563.04611694126
991,268563.04611694126
992,268563.04611694126
993,268563.04611694126
994,268563.04611694126
995,268563.04611694126
996,268563.04611694126
997,268563.04611694126
998,268563.04611694126
999,268563.04611694126
1000,268563.04611694126
1001,268563.04611694126
1002,268563.04611694126
1003,268563.04611694126
1004,268563.04611694126
1005,268563.04611694126
1006,268563.04611694126
1007,268563.04611694126
1008,268563.04611694126
1009,268563.04611694126
1010,268563.04611694126
1011,268563.04611694126
1012,268563.04611694126
1013,268563.04611694126
1014,268563.04611694126
1015,268563.04611694126
1016,268563.04611694126
1017,268563.04611694126
1018,268563.04611694126
1019,268563.04611694126
1020,268563.04611694126
1021,268563.04611694126
1022,268563.04611694126
1023,268563.04611694126
1024,268563.04611694126
1025,268563.04611694126
1026,268563.04611694126
1027,268563.04611694126
1028,268563.04611694126
1029,268563.04611694126
1030,268563.04611694126
1031,268563.04611694126
1032,268563.04611694126
1033,268563.04611694126
1034,268563.04611694126
1035,268563.04611694126
1036,268563.04611694126
1037,268563.04611694126
1038,268563.04611694126
1039,268563.04611694126
1040,268563.04611694126
1041,268563.04611694126
1042,268563.04611694126
1043,268563.04611694126
1044,268563.04611694126
1045,268563.04611694126
1046,268563.04611694126
1047,268563.04611694126
1048,268563.04611694126
1049,268563.04611694126
1050,268563.04611694126
1051,268563.04611694126
1052,268563.04611694126
1053,268563.04611694126
1054,268563.04611694114
1055,268563.04611694114
1056,268563.04611694114
1057,268563.04611694114
1058,268563.04611694114
1059,268563.04611694114
1060,268563.04611694114
1061,268563.04611694114
1062,268563.04611694114
1063,268563.04611694114
1064,268563.04611694114
1065,268563.04611694114
1066,268563.04611694114
1067,268563.04611694114
1068,268563.04611694114
1069,268563.04611694114
1070,268563.04611694114
1071,268563.04611694114
1072,268563.04611694114
1073,268563.04611694114
1074,268563.04611694114
1075,268563.04611694114
1076,268563.04611694114
1077,268563.04611694114
1078,268563.04611694114
1079,268563.04611694114
1080,268563.04611694114
1081,268563.04611694114
1082,268563.04611694114
1083,256110.84853493026
1084,256110.84853493026
1085,256110.84853493026
1086,256110.84853493026
1087,256110.84853493026
1088,256110.84853493026
1089,256110.84853493026
1090,256110.84853493026
1091,256110.84853493026
1092,256110.84853493026
1093,256110.84853493026
1094,256110.84853493026
1095,256110.84853493026
1096,256110.84853493026
1097,256110.84853493026
1098,256110.84853493026
1099,256110.84853493026
1100,256110.84853493026
1101,256110.84853493026
1102,256110.84853493026
1103,256110.84853493026
1104,256110.84853493026
1105,256110.84853493026
1106,250805.6300679137
1107,250805.6300679137
1108,250805.6300679137
1109,250805.6300679137
1110,250805.6300679137
1111,250805.6300679137
1112,250805.63006791365
1113,250805.63006791365
1114,250805.63006791365
1115,250805.63006791365
1116,250805.63006791365
1117,250805.63006791365
1118,250805.63006791365
1119,250805.63006791365
1120,250805.63006791365
1121,250805.63006791365
1122,250805.63006791365
1123,250805.63006791365
1124,250805.63006791365
1125,250805.63006791365
1126,250805.63006791365
1127,250805.63006791365
1128,250805.63006791365
1129,250805.63006791365
1130,250805.63006791365
1131,250805.6300679136
1132,250805.6300679136
1133,250805.6300679136
1134,250805.6300679136
1135,250805.6300679136
1136,250805.6300679136
1137,250805.6300679136
1138,250805.6300679136
1139,250805.6300679136
1140,250805.6300679136
1141,250805.6300679136
1142,250805.6300679136
1143,250805.6300679136
1144,250805.6300679136
1145,250805.6300679136
1146,250805.6300679136
1147,250805.6300679136
1148,250805.6300679136
1149,250805.6300679136
1150,250805.6300679136
1151,250805.6300679136
1152,250805.6300679136
1153,250805.6300679136
1154,250805.6300679136
1155,250805.6300679136
1156,250805.6300679136
1157,250805.6300679136
1158,250805.6300679136
1159,250805.6300679136
1160,250805.6300679136
1161,250805.6300679136
1162,250805.6300679136
1163,250805.6300679136
1164,250805.6300679136
1165,250805.6300679136
1166,250805.6300679136
1167,250805.6300679136
1168,250805.6300679136
1169,250805.6300679136
1170,250805.6300679136
1171,250805.6300679136
1172,250805.63006791353
1173,250805.63006791353
1174,250805.63006791353
1175,250805.63006791353
1176,250805.63006791353
1177,250805.63006791353
1178,236626.15182245857
1179,236626.15182245857
1180,236626.15182245857
1181,236626.15182245857
1182,234775.11063310577
1183,234775.11063310577
1184,234775.11063310577
1185,234775.11063310577
1186,234775.11063310577
1187,234775.11063310577
1188,234775.11063310577
1189,234775.11063310577
1190,234775.11063310577
1191,234775.11063310577
1192,234775.11063310577
1193,234775.11063310577
1194,234775.11063310577
1195,234775.11063310577
1196,234775.11063310577
1197,234775.11063310577
1198,234775.11063310577
1199,234775.11063310577
1200,234775.11063310577
1201,234775.11063310577
1202,234775.11063310577
1203,234775.11063310577
1204,234775.11063310577
1205,234775.11063310577
1206,234775.11063310577
1207,234775.11063310577
1208,234775.11063310577
1209,234775.11063310577
1210,234775.11063310577
1211,234775.11063310577
1212,234775.11063310577
1213,234775.11063310577
1214,234775.11063310577
1215,234775.11063310577
1216,234775.11063310577
1217,234775.11063310577
1218,234775.11063310577
1219,234775.11063310577
1220,234775.11063310577
1221,234775.11063310577
1222,234775.11063310577
1223,234775.11063310577
1224,234775.11063310577
1225,234775.11063310577
1226,234775.11063310577
1227,226144.33344421006
1228,226144.33344421006
1229,226144.33344421006
1230,226144.33344421006
1231,226144.33344421006
1232,226144.33344421006
1233,226144.33344421006
1234,226144.33344421006
1235,226144.33344421006
1236,226144.33344421006
1237,226144.33344421006
1238,226144.33344421006
1239,226144.33344421006
1240,226144.33344421006
1241,226144.33344421006
1242,226144.33344421006
1243,226144.33344421006
1244,226144.33344421006
1245,226144.33344421006
1246,226144.33344421006
1247,226144.33344421006
1248,226144.33344421006
1249,226144.33344421006
1250,226144.33344421006
1251,226144.33344421006
1252,226144.33344421006
1253,226144.33344421006
1254,226144.33344421006
1255,226144.33344421006
1256,226144.33344421006
1257,226144.33344421006
1258,226144.33344421006
1259,214560.63707446223
1260,214560.63707446223
1261,214560.63707446223
1262,214560.63707446223
1263,214560.63707446223
1264,214560.63707446223
1265,214560.63707446223
1266,214560.63707446223
1267,214560.63707446223
1268,214560.63707446223
1269,214560.63707446223
1270,214560.63707446223
1271,214560.63707446223
1272,214560.63707446223
1273,214560.63707446223
1274,214560.63707446223
1275,214560.63707446223
1276,211694.11150280456
1277,211694.11150280456
1278,211694.11150280456
1279,211694.11150280456
1280,211694.11150280456
1281,211694.11150280456
1282,211694.11150280456
1283,211694.11150280456
1284,211694.11150280456
1285,211694.11150280456
1286,211694.11150280456
1287,211694.11150280456
1288,211694.11150280456
1289,211694.11150280456
1290,211694.11150280456
1291,211694.11150280456
1292,211694.11150280456
1293,211694.11150280456
1294,211694.11150280456
1295,211694.11150280456
1296,211694.11150280456
1297,211694.11150280456
1298,211694.11150280456
1299,210910.63472367075
1300,210910.63472367075
1301,210910.63472367075
1302,210910.63472367075
1303,210910.63472367075
1304,210910.63472367075
1305,210910.63472367075
1306,210910.63472367075
1307,210910.63472367075
1308,210910.63472367075
1309,210910.63472367075
1310,206876.04850772338
1311,206876.04850772338
1312,206876.04850772338
1313,206876.04850772338
1314,206876.04850772338
1315,206876.04850772338
1316,206876.04850772338
1317,206876.04850772338
1318,206876.04850772326
1319,206876.04850772326
1320,206876.04850772326
1321,206876.04850772326
1322,206876.04850772326
1323,206876.04850772326
1324,206876.04850772326
1325,206876.04850772326
1326,206876.04850772326
1327,206876.04850772326
1328,206876.04850772326
1329,206876.04850772326
1330,206876.04850772326
1331,206876.04850772326
1332,206876.04850772326
1333,206876.04850772326
1334,206876.04850772326
1335,206876.04850772326
1336,206876.04850772326
1337,206876.04850772326
1338,206876.04850772326
1339,206876.04850772326
1340,206876.04850772326
1341,206876.04850772326
1342,206876.04850772326
1343,206876.04850772326
1344,206876.04850772326
1345,206876.04850772326
1346,206876.04850772326
1347,206876.04850772326
1348,206876.04850772326
1349,206876.0485077232
1350,206876.0485077232
1351,206876.0485077232
1352,206876.0485077232
1353,206876.0485077232
1354,199032.7978586539
1355,199032.7978586539
1356,199032.7978586539
1357,199032.7978586539
1358,199032.7978586539
1359,199032.7978586539
1360,199032.7978586539
1361,199032.7978586539
1362,199032.7978586539
1363,199032.7978586539
1364,199032.7978586539
1365,199032.7978586539
1366,199032.7978586539
1367,199032.7978586539
1368,199032.7978586539
1369,199032.7978586539
1370,199032.7978586539
1371,199032.7978586539
1372,199032.7978586539
1373,199032.7978586539
1374,199032.7978586539
1375,199032.7978586539
1376,199032.7978586539
1377,199032.7978586539
1378,199032.7978586539
1379,199032.7978586539
1380,199032.7978586539
1381,199032.7978586539
1382,199032.7978586539
1383,199032.7978586539
1384,199032.7978586539
1385,199032.7978586539
1386,199032.7978586539
1387,199032.7978586539
1388,199032.7978586539
1389,199032.7978586539
1390,199032.7978586539
1391,199032.7978586539
1392,199032.7978586539
1393,199032.7978586539
1394,199032.7978586539
1395,199032.7978586539
1396,199032.7978586539
1397,199032.7978586539
1398,199032.7978586539
1399,199032.7978586539
1400,199032.7978586539
1401,199032.7978586539
1402,199032.7978586539
1403,199032.7978586539
1404,199032.7978586539
1405,199032.7978586539
1406,199032.7978586539
1407,199032.7978586539
1408,199032.7978586539
1409,199032.7978586539
1410,199032.7978586539
1411,199032.7978586539
1412,199032.7978586539
1413,199032.7978586539
1414,199032.7978586539
1415,199032.7978586539
1416,199032.7978586539
1417,199032.7978586539
1418,199032.7978586539
1419,199032.7978586539
1420,199032.7978586539
1421,199032.7978586539
1422,199032.7978586539
1423,199032.7978586539
1424,199032.7978586539
1425,199032.7978586539
1426,199032.7978586539
1427,199032.7978586539
1428,199032.7978586539
1429,199032.7978586539
1430,199032.7978586539
1431,199032.7978586539
1432,199032.7978586539
1433,199032.7978586539
1434,199032.7978586539
1435,199032.7978586539
1436,199032.7978586539
1437,199032.7978586539
1438,199032.7978586539
1439,199032.7978586539
1440,199032.7978586539
1441,199032.7978586539
1442,199032.7978586539
1443,199032.7978586539
1444,199032.7978586539
1445,199032.7978586539
1446,199032.7978586539
1447,199032.7978586539
1448,199032.7978586539
1449,199032.7978586539
1450,199032.7978586539
1451,199032.7978586539
1452,199032.7978586539
1453,199032.7978586539
1454,199032.7978586539
1455,199032.7978586539
1456,199032.7978586539
1457,199032.7978586539
1458,199032.79785865376
1459,199032.79785865376
1460,199032.79785865376
1461,199032.79785865376
1462,199032.79785865376
1463,199032.79785865376
1464,199032.79785865376
1465,199032.79785865376
1466,199032.79785865376
1467,199032.79785865376
1468,199032.79785865376
1469,199032.79785865376
1470,199032.79785865376
1471,199032.79785865376
1472,199032.79785865376
1473,199032.79785865376
1474,199032.79785865376
1475,199032.79785865376
1476,199032.79785865376
1477,199032.79785865376
1478,199032.79785865376
1479,199032.79785865376
1480,199032.79785865376
1481,199032.79785865376
1482,199032.79785865376
1483,199032.79785865376
1484,199032.79785865376
1485,199032.79785865376
1486,199032.79785865376
1487,199032.79785865376
1488,199032.79785865376
1489,199032.79785865376
1490,199032.79785865376
1491,199032.79785865376
1492,199032.79785865376
1493,199032.79785865376
1494,199032.79785865376
1495,199032.79785865376
1496,199032.79785865376
1497,199032.79785865376
1498,199032.79785865376
1499,199032.79785865376
1500,199032.79785865376
1501,199032.79785865376
1502,199032.79785865376
1503,199032.79785865376
1504,199032.79785865376
1505,199032.79785865376
1506,199032.79785865376
1507,199032.79785865376
1508,199032.79785865376
1509,199032.79785865376
1510,199032.79785865376
1511,199032.79785865376
1512,199032.79785865376
1513,199032.79785865376
1514,199032.79785865376
1515,199032.79785865376
1516,199032.79785865376
1517,199032.79785865376
1518,199032.79785865376
1519,199032.79785865376
1520,199032.79785865376
1521,199032.79785865376
1522,199032.79785865376
1523,199032.79785865376
1524,199032.79785865376
1525,199032.79785865376
1526,199032.79785865376
1527,199032.79785865376
1528,199032.79785865376
1529,199032.79785865376
1530,199032.79785865376
1531,199032.79785865376
1532,199032.79785865376
1533,199032.79785865376
1534,199032.79785865376
1535,199032.79785865376
1536,199032.79785865376
1537,199032.79785865376
1538,199032.79785865376
1539,199032.79785865376
1540,199032.79785865376
1541,199032.79785865376
1542,199032.79785865376
1543,199032.79785865376
1544,199032.79785865376
1545,199032.79785865376
1546,199032.79785865376
1547,199032.79785865376
1548,199032.79785865376
1549,199032.79785865376
1550,199032.79785865376
1551,199032.79785865376
1552,199032.79785865376
1553,199032.79785865376
1554,199032.79785865376
1555,199032.79785865376
1556,199032.79785865376
1557,199032.79785865376
1558,199032.79785865376
1559,199032.79785865376
1560,199032.79785865376
1561,199032.79785865376
1562,199032.79785865376
1563,199032.79785865376
1564,199032.79785865376
1565,199032.79785865376
1566,199032.79785865376
1567,199032.79785865376
1568,199032.79785865376
1569,199032.79785865376
1570,199032.79785865376
1571,199032.79785865376
1572,199032.79785865376
1573,199032.79785865376
1574,199032.79785865376
1575,199032.79785865376
1576,199032.79785865376
1577,199032.79785865376
1578,199032.79785865376
1579,199032.79785865376
1580,199032.79785865376
1581,199032.79785865376
1582,199032.79785865376
1583,199032.79785865376
1584,199032.79785865376
1585,199032.79785865376
1586,199032.79785865376
1587,199032.79785865376
1588,199032.79785865376
1589,199032.79785865376
1590,199032.79785865376
1591,199032.79785865376
1592,199032.79785865376
1593,199032.79785865376
1594,199032.79785865376
1595,199032.79785865376
1596,199032.79785865376
1597,199032.79785865376
1598,199032.79785865376
1599,199032.79785865376
1600,199032.79785865376
1601,199032.79785865376
1602,199032.79785865376
1603,199032.79785865376
1604,199032.79785865376
1605,199032.79785865376
1606,199032.79785865376
1607,199032.79785865376
1608,199032.79785865376
1609,199032.79785865376
1610,199032.79785865376
1611,199032.79785865376
1612,199032.79785865376
1613,199032.79785865376
1614,199032.79785865376
1615,199032.79785865376
1616,199032.79785865376
1617,199032.79785865376
1618,199032.79785865376
1619,199032.79785865376
1620,199032.79785865376
1621,199032.79785865376
1622,199032.79785865376
1623,199032.79785865376
1624,199032.79785865376
1625,199032.79785865376
1626,199032.79785865376
1627,199032.79785865376
1628,199032.79785865376
1629,199032.79785865376
1630,199032.79785865376
1631,199032.79785865376
1632,199032.79785865376
1633,199032.79785865376
1634,199032.79785865376
1635,199032.79785865376
1636,198913.37145384005
1637,198913.37145384005
1638,198913.37145384005
1639,198913.37145384005
1640,198913.37145384005
1641,198913.37145384005
1642,198913.37145384005
1643,198913.37145384005
1644,198913.37145384005
1645,198913.37145384005
1646,198913.3714538398
1647,198913.3714538398
1648,198913.3714538398
1649,198913.3714538398
1650,198913.3714538398
1651,198913.3714538398
1652,198913.3714538398
1653,198913.3714538398
1654,198913.3714538398
1655,198913.3714538398
1656,198913.3714538398
1657,198913.3714538398
1658,198913.3714538398
1659,198913.3714538398
1660,198913.3714538398
1661,198913.3714538398
1662,198913.3714538398
1663,198913.3714538398
1664,198913.3714538398
1665,198913.3714538398
1666,198913.3714538398
1667,198913.3714538398
1668,198913.3714538398
1669,198913.3714538398
1670,198913.3714538398
1671,198913.3714538398
1672,198913.3714538398
1673,198913.3714538398
1674,198913.3714538398
1675,198913.3714538398
1676,198913.3714538398
1677,198913.3714538398
1678,198913.3714538398
1679,198913.3714538398
1680,198913.3714538398
1681,198913.3714538398
1682,198913.3714538398
1683,198913.3714538398
1684,198913.3714538398
1685,198913.3714538398
1686,198913.3714538398
1687,198913.3714538398
1688,198913.3714538398
1689,198913.3714538398
1690,198913.3714538398
1691,198913.3714538398
1692,198913.3714538398
1693,198913.3714538398
1694,198913.3714538398
1695,198913.3714538398
1696,198913.3714538398
1697,198913.3714538398
1698,198913.3714538398
1699,198913.3714538398
1700,198913.3714538398
1701,198913.3714538398
1702,190989.99043279828
1703,190989.99043279828
1704,190989.99043279828
1705,190989.99043279828
1706,190989.99043279828
1707,190989.99043279828
1708,190989.99043279828
1709,190989.99043279828
1710,190989.99043279828
1711,190989.99043279828
1712,190989.99043279828
1713,190989.99043279828
1714,190989.99043279828
1715,190989.99043279828
1716,190989.99043279828
1717,190989.99043279828
1718,190989.99043279828
1719,190989.99043279828
1720,190989.99043279828
1721,190989.99043279828
1722,190989.99043279828
1723,190989.99043279828
1724,177111.14079471744
1725,177111.14079471744
1726,177111.14079471744
1727,177111.14079471744
1728,177111.14079471744
1729,177111.14079471744
1730,177111.14079471744
1731,177111.14079471744
1732,177111.14079471744
1733,177111.14079471744
1734,177111.14079471744
1735,177111.14079471744
1736,177111.14079471744
1737,177111.14079471744
1738,177111.14079471744
1739,177111.14079471744
1740,177111.14079471744
1741,177111.14079471744
1742,177111.14079471744
1743,177111.14079471744
1744,177111.14079471744
1745,177111.14079471744
1746,177111.14079471744
1747,177111.14079471744
1748,177111.14079471744
1749,177111.14079471744
1750,177111.14079471744
1751,177111.14079471744
1752,177111.14079471744
1753,177111.14079471744
1754,177111.14079471744
1755,177111.14079471744
1756,177111.14079471744
1757,177111.14079471744
1758,177111.14079471744
1759,177111.14079471744
1760,177111.14079471744
1761,177111.14079471744
1762,177111.14079471744
1763,177111.14079471744
1764,177111.14079471744
1765,177111.14079471744
1766,177111.14079471744
1767,177111.14079471742
1768,177111.14079471742
1769,177111.14079471742
1770,177111.14079471742
1771,177111.14079471742
1772,177111.14079471742
1773,177111.14079471742
1774,177111.14079471742
1775,177111.14079471742
1776,177111.14079471742
1777,177111.14079471742
1778,177111.14079471742
1779,177111.14079471742
1780,177111.14079471742
1781,177111.14079471742
1782,177111.14079471742
1783,177111.14079471742
1784,177111.14079471742
1785,177111.14079471742
1786,177111.14079471742
1787,177111.14079471742
1788,177111.14079471742
1789,177111.14079471742
1790,177111.14079471742
1791,177111.14079471742
1792,177111.14079471742
1793,177111.14079471742
1794,177111.14079471742
1795,177111.14079471742
1796,177111.14079471742
1797,177111.14079471742
1798,177111.14079471742
1799,177111.14079471742
1800,177111.14079471742
1801,177111.14079471742
1802,177111.14079471742
1803,177111.14079471742
1804,177111.14079471742
1805,177111.14079471742
1806,177111.14079471742
1807,177111.14079471742
1808,177111.14079471742
1809,177111.14079471742
1810,177111.14079471742
1811,177111.14079471742
1812,177111.14079471742
1813,177111.14079471742
1814,177111.14079471742
1815,177111.14079471742
1816,177111.14079471742
1817,177111.14079471742
1818,177111.14079471742
1819,177111.14079471742
1820,177111.14079471742
1821,177111.14079471742
1822,177111.14079471742
1823,177111.14079471742
1824,177111.14079471742
1825,177111.14079471742
1826,177111.14079471742
1827,177111.14079471742
1828,177111.14079471742
1829,177111.14079471742
1830,177111.14079471742
1831,177111.14079471742
1832,177111.14079471742
1833,177111.14079471742
1834,177111.14079471742
1835,177111.14079471742
1836,145775.55158313783
1837,145775.55158313783
1838,145775.55158313783
1839,145775.55158313783
1840,145775.55158313783
1841,145775.55158313783
1842,145775.55158313783
1843,145775.55158313783
1844,145775.55158313783
1845,145775.55158313783
1846,145775.5515831378
1847,145775.5515831378
1848,145775.5515831378
1849,145775.5515831378
1850,145775.5515831378
1851,145775.5515831378
1852,145775.5515831378
1853,145775.5515831378
1854,145775.5515831378
1855,145775.5515831378
1856,145775.5515831378
1857,145775.5515831378
1858,145775.5515831378
1859,145775.5515831378
1860,145775.5515831378
1861,145775.5515831378
1862,145775.5515831378
1863,145775.5515831378
1864,145775.5515831378
1865,145775.5515831378
1866,145775.5515831378
1867,145775.5515831378
1868,145775.5515831378
1869,145775.5515831378
1870,145775.5515831378
1871,145775.55158313774
1872,145775.55158313774
1873,145775.55158313774
1874,145775.55158313774
1875,145775.55158313774
1876,145775.55158313774
1877,145775.55158313774
1878,145775.55158313774
1879,145775.55158313774
1880,145775.55158313774
1881,145775.55158313774
1882,145775.55158313774
1883,145775.55158313774
1884,145775.55158313774
1885,145775.55158313774
1886,145775.55158313774
1887,145775.55158313774
1888,145775.55158313774
1889,145775.55158313774
1890,145775.55158313774
1891,145775.55158313774
1892,145775.55158313774
1893,145775.55158313774
1894,145775.55158313774
1895,145775.55158313774
1896,145775.55158313774
1897,145775.55158313774
1898,145775.55158313774
1899,145775.55158313774
1900,145775.55158313774
1901,145775.55158313774
1902,145775.55158313774
1903,145775.55158313774
1904,145775.55158313774
1905,145775.55158313774
1906,145775.55158313774
1907,145775.55158313774
1908,145775.55158313774
1909,145775.55158313774
1910,145775.55158313774
1911,145775.55158313774
1912,145775.55158313774
1913,145775.55158313774
1914,145775.55158313774
1915,145775.55158313774
1916,144672.33434794235
1917,144672.33434794235
1918,144672.33434794235
1919,144672.33434794235
1920,144672.33434794235
1921,144672.33434794235
1922,144672.33434794235
1923,144672.33434794235
1924,144672.33434794235
1925,144672.33434794235
1926,144672.33434794235
1927,144672.33434794235
1928,144672.3343479423
1929,144672.3343479423
1930,144672.3343479423
1931,144672.3343479423
1932,144672.3343479423
1933,144672.3343479423
1934,144672.3343479423
1935,144672.3343479423
1936,144672.3343479423
1937,144672.3343479423
1938,144672.3343479423
1939,144672.3343479423
1940,144672.3343479423
1941,144672.3343479423
1942,144672.33434794217
1943,144672.33434794217
1944,144672.33434794217
1945,144672.33434794217
1946,144672.33434794217
1947,144672.33434794217
1948,144672.33434794217
1949,144672.33434794217
1950,144672.33434794217
1951,144672.33434794217
1952,144672.33434794217
1953,144672.33434794217
1954,144672.33434794217
1955,144672.33434794217
1956,144672.33434794217
1957,144672.33434794217
1958,144672.33434794217
1959,144672.33434794217
1960,144672.33434794217
1961,144672.33434794217
1962,144672.33434794217
1963,144672.33434794217
1964,144672.33434794217
1965,144672.33434794217
1966,144124.1565570606
1967,144124.1565570606
1968,144124.1565570606
1969,144124.1565570606
1970,144124.1565570606
1971,144124.1565570606
1972,144124.1565570606
1973,144124.1565570606
1974,144124.1565570606
1975,144124.1565570606
1976,144124.1565570606
1977,144124.1565570606
1978,144124.1565570606
1979,144124.1565570606
1980,144124.1565570606
1981,144124.1565570606
1982,144124.1565570606
1983,144124.1565570606
1984,144124.1565570606
1985,144124.1565570606
1986,144124.1565570606
1987,144124.1565570606
1988,144124.1565570606
1989,144124.1565570606
1990,140958.27954933068
1991,140958.27954933068
1992,140958.27954933068
1993,140958.27954933068
1994,140958.27954933068
1995,140958.27954933068
1996,140958.27954933068
1997,140958.27954933068
1998,140958.27954933068
1999,140958.27954933068
2000,140958.27954933068
2001,140958.27954933068
2002,140958.27954933068
2003,140958.27954933062
2004,140958.27954933062
2005,140958.27954933062
2006,140958.27954933062
2007,140958.27954933062
2008,140958.27954933062
2009,140958.27954933062
2010,140958.27954933062
2011,140958.27954933062
2012,140958.27954933062
2013,140958.27954933062
2014,140958.27954933062
2015,140958.27954933062
2016,140958.27954933062
2017,140958.27954933062
2018,140958.27954933062
2019,140958.27954933062
2020,140958.27954933062
2021,140958.27954933062
2022,140958.27954933062
2023,140958.27954933062
2024,140958.27954933062
2025,140958.27954933062
2026,140958.27954933062
2027,140958.27954933062
2028,140958.27954933062
2029,140958.27954933062
2030,140958.27954933062
2031,140958.27954933062
2032,140958.27954933062
2033,140958.27954933062
2034,140958.27954933062
2035,139676.8056532374
2036,139676.8056532374
2037,139676.8056532374
2038,139676.8056532374
2039,139676.8056532374
2040,139676.8056532374
2041,139676.8056532374
2042,139676.8056532374
2043,139676.8056532374
2044,139676.8056532374
2045,139676.8056532374
2046,139676.8056532374
2047,139676.8056532374
2048,139676.8056532374
2049,139676.80565323733
2050,139676.80565323733
2051,139676.80565323733
2052,139676.80565323733
2053,139676.80565323733
2054,139676.80565323733
2055,139676.80565323733
2056,139676.80565323733
2057,139676.80565323733
2058,139676.80565323733
2059,139676.80565323733
2060,139676.80565323733
2061,139676.80565323733
2062,139676.80565323733
2063,139676.80565323733
2064,139676.80565323733
2065,139676.80565323733
2066,139676.80565323733
2067,139676.80565323733
2068,139676.80565323733
2069,139676.80565323733
2070,139676.80565323733
2071,139676.80565323733
2072,139676.80565323733
2073,139676.80565323733
2074,139676.80565323733
2075,139676.80565323733
2076,139676.80565323733
2077,139676.80565323733
2078,139676.80565323733
2079,139676.80565323733
2080,139676.80565323733
2081,139676.80565323733
2082,139676.80565323733
2083,139676.80565323733
2084,139676.80565323733
2085,139676.80565323733
2086,139676.80565323733
2087,139676.80565323733
2088,139676.80565323733
2089,139676.80565323733
2090,139676.80565323733
2091,139676.80565323733
2092,139676.80565323733
2093,139676.80565323733
2094,139676.8056532373
2095,139676.8056532373
2096,139676.8056532373
2097,139676.8056532373
2098,139676.8056532373
2099,139676.8056532373
2100,139676.8056532373
2101,139676.8056532373
2102,139676.8056532373
2103,139676.8056532373
2104,118064.79374254702
2105,118064.79374254702
2106,118064.79374254702
2107,118064.79374254702
2108,118064.79374254699
2109,118064.79374254699
2110,118064.79374254699
2111,118064.79374254699
2112,118064.79374254699
2113,118064.79374254699
2114,118064.79374254699
2115,118064.79374254699
2116,118064.79374254699
2117,118064.79374254699
2118,118064.79374254699
2119,118064.79374254699
2120,118064.79374254699
2121,118064.79374254699
2122,118064.79374254699
2123,118064.79374254699
2124,118064.79374254699
2125,118064.79374254699
2126,118064.79374254699
2127,118064.79374254699
2128,118064.79374254693
2129,118064.79374254693
2130,118064.79374254693
2131,118064.79374254693
2132,118064.79374254693
2133,118064.79374254693
2134,118064.79374254693
2135,118064.79374254693
2136,118064.79374254693
2137,118064.79374254693
2138,118064.79374254693
2139,118064.79374254693
2140,118064.79374254693
2141,118064.79374254693
2142,118064.79374254693
2143,118064.79374254693
2144,118064.79374254693
2145,118064.79374254693
2146,118064.79374254693
2147,118064.79374254693
2148,118064.79374254693
2149,118064.79374254693
2150,118064.79374254693
2151,118064.79374254693
2152,118064.79374254693
2153,118064.79374254693
2154,118064.79374254693
2155,118064.79374254693
2156,118064.79374254693
2157,118064.79374254693
2158,118064.79374254693
2159,118064.79374254693
2160,118064.79374254693
2161,118064.79374254693
2162,118064.79374254693
2163,118064.79374254693
2164,118064.79374254693
2165,118064.79374254693
2166,118064.79374254693
2167,118064.79374254693
2168,118064.79374254693
2169,118064.79374254693
2170,118064.79374254693
2171,118064.7937425469
2172,118064.7937425469
2173,118064.7937425469
2174,118064.7937425469
2175,118064.7937425469
2176,118064.7937425469
2177,118064.7937425469
2178,118064.7937425469
2179,118064.7937425469
2180,118064.7937425469
2181,118064.7937425469
2182,118064.7937425469
2183,118064.7937425469
2184,118064.7937425469
2185,118064.7937425469
2186,118064.79374254686
2187,118064.79374254686
2188,118064.79374254686
2189,118064.79374254686
2190,118064.79374254686
2191,118064.79374254686
2192,118064.79374254686
2193,118064.79374254686
2194,118064.79374254686
2195,118064.79374254686
2196,118064.79374254686
2197,118064.79374254686
2198,118064.79374254686
2199,118064.79374254686
2200,118064.79374254686
2201,118064.79374254686
2202,118064.79374254686
2203,118064.79374254686
2204,118064.79374254686
2205,118064.79374254686
2206,118064.79374254686
2207,118064.79374254686
2208,118064.79374254686
2209,118064.79374254686
2210,118064.79374254686
2211,118064.79374254686
2212,118064.79374254686
2213,118064.79374254686
2214,118064.79374254686
2215,118064.79374254686
2216,118064.79374254686
2217,118064.79374254686
2218,118064.79374254686
2219,118064.79374254686
2220,118064.79374254686
2221,118064.79374254686
2222,118064.79374254686
2223,118064.79374254686
2224,118064.79374254686
2225,118064.79374254686
2226,118064.79374254686
2227,118064.79374254686
2228,118064.79374254686
2229,118064.79374254686
2230,118064.79374254686
2231,118064.79374254686
2232,118064.79374254686
2233,118064.79374254686
2234,118064.79374254686
2235,118064.79374254686
2236,118064.79374254686
2237,118064.79374254686
2238,118064.79374254686
2239,118064.79374254686
2240,118064.79374254686
2241,118064.79374254686
2242,118064.79374254686
2243,118064.79374254686
2244,118064.79374254686
2245,118064.79374254686
2246,118064.79374254686
2247,118064.79374254686
2248,118064.79374254686
2249,118064.79374254686
2250,118064.79374254686
2251,118064.79374254686
2252,118064.79374254686
2253,118064.79374254686
2254,116226.30915720986
2255,116226.30915720986
2256,116226.30915720986
2257,116226.30915720986
2258,116226.30915720986
2259,116226.30915720986
2260,116226.30915720986
2261,116226.30915720986
2262,110361.82693987321
2263,110361.82693987321
2264,110361.82693987321
2265,110361.82693987321
2266,110361.82693987321
2267,110361.82693987315
2268,110361.82693987315
2269,110361.82693987315
2270,110361.82693987315
2271,110361.82693987315
2272,110361.82693987315
2273,110361.82693987315
2274,110361.82693987315
2275,110361.82693987315
2276,110361.82693987315
2277,110361.82693987315
2278,110361.82693987315
2279,110361.82693987315
2280,110361.82693987315
2281,110361.82693987315
2282,110361.82693987315
2283,110361.82693987315
2284,110361.82693987315
2285,110361.82693987315
2286,110361.82693987315
2287,110361.82693987315
2288,110361.82693987315
2289,110361.82693987315
2290,110361.82693987315
2291,110361.82693987315
2292,110361.82693987315
2293,110361.82693987315
2294,110361.82693987315
2295,110361.82693987315
2296,110361.82693987315
2297,110361.82693987315
2298,104486.51564667668
2299,104486.51564667668
2300,104486.51564667668
2301,104486.51564667668
2302,104486.51564667668
2303,104486.51564667665
2304,104486.51564667665
2305,104486.51564667665
2306,104486.51564667665
2307,104486.51564667665
2308,104486.51564667665
2309,104486.51564667665
2310,104486.51564667665
2311,104486.51564667665
2312,104486.51564667665
2313,104486.51564667665
2314,104486.51564667665
2315,104486.51564667665
2316,104486.51564667665
2317,104486.51564667665
2318,104486.51564667665
2319,104486.51564667665
2320,104486.51564667665
2321,104486.51564667665
2322,104486.51564667665
2323,104486.51564667665
2324,104486.51564667665
2325,104486.51564667665
2326,104486.51564667665
2327,104486.51564667665
2328,104486.51564667665
2329,104486.51564667665
2330,104486.51564667665
2331,104486.51564667665
2332,104486.51564667665
2333,104486.51564667665
2334,104486.51564667665
2335,104486.51564667665
2336,104486.51564667665
2337,104486.51564667665
2338,104486.51564667665
2339,104486.51564667665
2340,104486.51564667665
2341,104486.51564667665
2342,104486.51564667665
2343,104486.51564667665
2344,104486.51564667665
2345,104486.51564667665
2346,104486.51564667665
2347,104486.51564667665
2348,104486.51564667665
2349,104486.51564667665
2350,104486.51564667665
2351,104486.51564667665
2352,104486.51564667665
2353,104486.51564667665
2354,104486.51564667665
2355,104486.51564667665
2356,104486.51564667665
2357,104486.51564667665
2358,104486.51564667665
2359,104486.51564667665
2360,104486.51564667665
2361,104486.51564667665
2362,104486.51564667665
2363,104486.51564667665
2364,104486.51564667665
2365,104486.51564667665
2366,104486.51564667665
2367,104486.51564667665
2368,104486.51564667665
2369,104486.51564667665
2370,104486.51564667665
2371,104486.51564667665
2372,104486.51564667665
2373,104486.51564667665
2374,104486.51564667665
2375,104486.51564667665
2376,104486.51564667665
2377,104486.51564667665
2378,104486.51564667665
2379,104486.51564667665
2380,104486.51564667665
2381,104486.51564667665
2382,104486.51564667665
2383,104486.51564667665
2384,104486.51564667665
2385,104486.51564667665
2386,104486.51564667665
2387,104486.51564667665
2388,104486.51564667665
2389,104486.51564667665
2390,104486.51564667665
2391,104486.51564667665
2392,104486.51564667665
2393,104486.51564667665
2394,104486.51564667665
2395,104486.51564667665
2396,104486.51564667665
2397,104486.51564667665
2398,104486.51564667665
2399,104486.51564667665
2400,104486.51564667665
2401,104486.51564667665
2402,104486.51564667665
2403,104486.51564667665
2404,104486.51564667665
2405,104486.51564667665
2406,104486.51564667665
2407,104486.51564667665
2408,104486.51564667665
2409,104486.51564667665
2410,104486.51564667665
2411,104486.51564667665
2412,104486.51564667665
2413,104486.51564667665
2414,104486.51564667665
2415,104486.51564667665
2416,97224.4234803358
2417,97224.4234803358
2418,97224.4234803358
2419,97224.4234803358
2420,97224.4234803358
2421,97224.4234803358
2422,97224.4234803358
2423,97224.4234803358
2424,97224.4234803358
2425,97224.4234803358
2426,97224.4234803358
2427,97224.4234803358
2428,97224.4234803358
2429,97224.4234803358
2430,97224.4234803358
2431,97224.4234803358
2432,97224.4234803358
2433,97224.4234803358
2434,97224.4234803358
2435,97224.4234803358
2436,97224.4234803358
2437,97224.4234803358
2438,97224.4234803358
2439,97224.4234803358
2440,97224.4234803358
2441,97224.4234803358
2442,97224.4234803358
2443,97224.4234803358
2444,97224.4234803358
2445,97224.4234803358
2446,95816.58970441636
2447,95816.58970441636
2448,95816.58970441636
2449,95816.58970441636
2450,95816.58970441636
2451,95816.58970441636
2452,95816.58970441636
2453,95816.58970441636
2454,95816.58970441636
2455,95816.58970441636
2456,95816.58970441636
2457,95816.58970441636
2458,95816.58970441636
2459,95816.58970441636
2460,95816.58970441636
2461,95816.58970441633
2462,95816.58970441633
2463,95816.58970441633
2464,95816.58970441633
2465,95816.58970441633
2466,95816.58970441633
2467,95816.58970441633
2468,95816.58970441633
2469,95816.58970441633
2470,95816.58970441633
2471,95816.58970441633
2472,95816.58970441633
2473,95816.58970441633
2474,95816.58970441633
2475,95816.58970441633
2476,95816.58970441633
2477,95816.58970441633
2478,95816.58970441633
2479,95816.58970441633
2480,95816.58970441633
2481,95816.58970441633
2482,95816.58970441633
2483,95816.58970441633
2484,95816.58970441633
2485,95816.58970441633
2486,95816.58970441633
2487,95816.58970441633
2488,95816.58970441633
2489,95816.58970441633
2490,95816.58970441633
2491,95816.58970441633
2492,95816.58970441633
2493,95816.58970441633
2494,95816.58970441633
2495,95816.58970441633
2496,95816.58970441633
2497,92995.49746415274
2498,92995.49746415274
2499,92995.49746415274
