iteracion,valor_coste
0,881293.4371689685
1,881293.4371689685
2,881293.4371689685
3,881293.4371689685
4,881293.4371689685
5,853430.7972725999
6,853430.7972725999
7,853430.7972725999
8,853430.7972725997
9,853430.7972725997
10,678220.3035049646
11,678220.3035049646
12,678220.3035049646
13,678220.3035049646
14,678220.3035049646
15,678220.3035049646
16,678220.3035049646
17,678220.3035049646
18,678220.3035049646
19,678220.3035049646
20,678220.3035049646
21,678220.3035049646
22,678220.3035049646
23,678220.3035049646
24,678220.3035049646
25,678220.3035049646
26,678220.3035049646
27,678220.3035049646
28,678220.3035049646
29,678220.3035049646
30,678220.3035049646
31,678220.3035049646
32,678220.3035049646
33,569936.1523236203
34,569936.1523236203
35,569936.1523236203
36,569936.1523236203
37,569936.1523236203
38,569936.1523236203
39,569936.1523236203
40,551770.613843904
41,551770.613843904
42,551770.613843904
43,551770.613843904
44,551770.613843904
45,551770.613843904
46,551770.613843904
47,551770.613843904
48,551770.613843904
49,551770.613843904
50,551770.613843904
51,551770.613843904
52,551770.613843904
53,551770.613843904
54,551770.613843904
55,548876.8792543149
56,548876.8792543148
57,548876.8792543148
58,548876.8792543148
59,548876.8792543147
60,548876.8792543147
61,548876.8792543147
62,548876.8792543147
63,548876.8792543147
64,548876.8792543147
65,548876.8792543147
66,548876.8792543147
67,548876.8792543147
68,548876.8792543147
69,548876.8792543147
70,548876.8792543147
71,546632.5708086478
72,546632.5708086478
73,546632.5708086475
74,546632.5708086475
75,546632.5708086475
76,546632.5708086475
77,546632.5708086475
78,546632.5708086474
79,546632.5708086474
80,546632.5708086474
81,546632.5708086474
82,546632.5708086474
83,546632.5708086474
84,546632.5708086474
85,546632.5708086474
86,546632.5708086474
87,546632.5708086474
88,546632.5708086474
89,546632.5708086474
90,546632.5708086474
91,546632.5708086474
92,546632.5708086474
93,546632.5708086474
94,546632.5708086474
95,546632.5708086474
96,546632.5708086474
97,546632.5708086474
98,546632.5708086474
99,546632.5708086474
100,546632.5708086474
101,546632.5708086474
102,546632.5708086474
103,546632.5708086474
104,546632.5708086474
105,546632.5708086474
106,546632.5708086474
107,546632.5708086474
108,546632.5708086474
109,546632.5708086474
110,546632.5708086474
111,546632.5708086474
112,546632.5708086474
113,546632.5708086474
114,546632.5708086474
115,546632.5708086474
116,546632.5708086474
117,546632.5708086474
118,546632.5708086474
119,546632.5708086474
120,546632.5708086474
121,546632.5708086474
122,546632.5708086474
123,546632.5708086474
124,546632.5708086474
125,546632.5708086474
126,546632.5708086474
127,546632.5708086474
128,546632.5708086474
129,546632.5708086474
130,546632.5708086474
131,546632.5708086474
132,546632.5708086474
133,546632.5708086474
134,546632.5708086474
135,546632.5708086474
136,546632.5708086474
137,546632.5708086474
138,546632.5708086474
139,546632.5708086474
140,546632.5708086474
141,546632.5708086474
142,534222.8010100946
143,534222.8010100946
144,534222.8010100946
145,534222.8010100946
146,534222.8010100946
147,447833.598008593
148,447833.598008593
149,447833.598008593
150,447833.598008593
151,447833.598008593
152,447833.598008593
153,447833.5980085928
154,447833.5980085928
155,447833.5980085928
156,447833.5980085928
157,447833.5980085928
158,447833.59800859273
159,447833.59800859273
160,446331.27360888623
161,446331.27360888623
162,446331.27360888623
163,446331.27360888623
164,446331.27360888623
165,446331.27360888623
166,446331.27360888623
167,446331.27360888594
168,446331.27360888594
169,446331.27360888594
170,446331.27360888594
171,446331.27360888594
172,446331.27360888594
173,428374.8683342605
174,428374.8683342605
175,428374.8683342605
176,428374.8683342605
177,428374.8683342605
178,428374.8683342605
179,428374.8683342605
180,428374.8683342605
181,428374.8683342605
182,428374.8683342605
183,428374.8683342605
184,428374.8683342605
185,428374.8683342605
186,428374.8683342605
187,428374.8683342605
188,428374.8683342605
189,428374.8683342605
190,428374.8683342605
191,428374.8683342605
192,428374.8683342605
193,428374.8683342605
194,428374.8683342605
195,428374.8683342605
196,428374.8683342605
197,428374.8683342605
198,428374.8683342605
199,428374.8683342605
200,428374.8683342605
201,428374.8683342605
202,428374.8683342605
203,428374.8683342605
204,387932.8239846136
205,387932.8239846136
206,387932.8239846136
207,387932.8239846136
208,387932.8239846136
209,387932.8239846136
210,387932.8239846136
211,387932.8239846136
212,387932.8239846136
213,387932.8239846136
214,387932.8239846136
215,387932.8239846136
216,387932.8239846136
217,387932.8239846136
218,387932.8239846136
219,387932.8239846136
220,387932.8239846136
221,387932.8239846136
222,387932.8239846136
223,381300.06063056435
224,381300.06063056435
225,381300.06063056435
226,381300.06063056435
227,381300.060630564
228,381300.060630564
229,381300.060630564
230,381300.060630564
231,381300.060630564
232,381300.060630564
233,381300.060630564
234,381300.060630564
235,381300.060630564
236,381300.060630564
237,381300.060630564
238,381300.060630564
239,381300.060630564
240,381300.060630564
241,381300.060630564
242,381300.060630564
243,381300.060630564
244,381300.060630564
245,381300.060630564
246,381300.060630564
247,381300.060630564
248,381300.060630564
249,381300.060630564
250,381300.060630564
251,381300.060630564
252,381300.060630564
253,381300.060630564
254,381300.060630564
255,381300.060630564
256,381300.060630564
257,381300.060630564
258,381300.060630564
259,381300.060630564
260,381300.060630564
261,381300.060630564
262,381300.060630564
263,381300.060630564
264,381300.060630564
265,381300.060630564
266,381300.060630564
267,381300.060630564
268,381300.060630564
269,359444.0802856056
270,359444.0802856056
271,359444.0802856056
272,359444.0802856056
273,359444.0802856056
274,359444.0802856056
275,359444.0802856056
276,359444.0802856056
277,359444.0802856056
278,359444.0802856056
279,359444.0802856056
280,359444.0802856056
281,359444.0802856056
282,359444.0802856056
283,359444.0802856056
284,359444.0802856056
285,359444.0802856055
286,359444.0802856055
287,359444.0802856055
288,359444.0802856055
289,359444.0802856055
290,359444.0802856055
291,359444.0802856055
292,359444.0802856055
293,359444.0802856055
294,359444.0802856055
295,359444.0802856055
296,359444.0802856055
297,359444.0802856055
298,359444.0802856055
299,359444.0802856055
300,359444.0802856055
301,359444.0802856055
302,359444.0802856055
303,359444.0802856055
304,359444.0802856055
305,359444.0802856055
306,359444.0802856055
307,359444.0802856055
308,359444.0802856055
309,359444.0802856055
310,359444.0802856055
311,359444.0802856055
312,359444.0802856055
313,359444.0802856055
314,359444.0802856055
315,359444.0802856055
316,359444.0802856055
317,359444.0802856055
318,359444.0802856055
319,359444.0802856055
320,359444.0802856055
321,359444.0802856055
322,359444.0802856055
323,359444.0802856055
324,359444.0802856055
325,359444.0802856055
326,359444.0802856055
327,359444.0802856055
328,359444.0802856055
329,359444.0802856055
330,359444.0802856055
331,359444.0802856055
332,359444.0802856055
333,359444.0802856055
334,359444.0802856055
335,359444.0802856055
336,358178.66692639666
337,358178.66692639666
338,358178.66692639655
339,358178.66692639655
340,358178.66692639655
341,358178.66692639655
342,358178.66692639655
343,358178.66692639655
344,358178.66692639655
345,358178.6669263964
346,358178.6669263964
347,358178.6669263964
348,358178.6669263964
349,358178.6669263964
350,358178.6669263964
351,358178.6669263964
352,358178.6669263964
353,358178.6669263964
354,358178.6669263964
355,358178.6669263964
356,358178.6669263964
357,358178.6669263964
358,358178.6669263964
359,358178.6669263964
360,358178.6669263964
361,358178.6669263964
362,358178.6669263964
363,358178.6669263964
364,358178.6669263964
365,358178.6669263964
366,358178.6669263964
367,358178.6669263964
368,358178.6669263964
369,358178.6669263964
370,358178.6669263964
371,358178.6669263964
372,358178.6669263964
373,358178.6669263964
374,358178.6669263964
375,358178.6669263964
376,358178.6669263964
377,358178.6669263964
378,358178.6669263964
379,358178.6669263964
380,358178.6669263964
381,358178.6669263964
382,358178.6669263964
383,358178.6669263964
384,358178.6669263964
385,358178.6669263964
386,358178.6669263964
387,358178.6669263964
388,358178.6669263964
389,358178.6669263964
390,358178.6669263964
391,358178.6669263964
392,330915.16570207564
393,330915.16570207564
394,324458.26773719315
395,324458.26773719315
396,324458.26773719315
397,324458.26773719315
398,324458.26773719315
399,324458.26773719315
400,324458.26773719315
401,324458.26773719315
402,324458.26773719315
403,324458.26773719315
404,309522.30420046236
405,309522.30420046236
406,309522.30420046236
407,309522.3042004622
408,309522.3042004622
409,309522.3042004622
410,309522.3042004622
411,309522.3042004622
412,309522.3042004622
413,309522.3042004622
414,309522.3042004622
415,309522.3042004622
416,309522.3042004622
417,309522.3042004622
418,309522.3042004622
419,309522.3042004622
420,309522.3042004622
421,309522.3042004622
422,309522.3042004622
423,309522.3042004622
424,309522.3042004622
425,309522.3042004622
426,309522.3042004622
427,309522.3042004622
428,309522.3042004622
429,309522.3042004622
430,309522.3042004622
431,309522.3042004622
432,309522.3042004622
433,309522.3042004622
434,309522.3042004622
435,309522.3042004622
436,309522.3042004622
437,309522.3042004622
438,309522.3042004622
439,309522.3042004622
440,309522.3042004622
441,309522.3042004622
442,309522.3042004622
443,309522.3042004622
444,309522.3042004622
445,309522.3042004622
446,309522.3042004622
447,309522.3042004622
448,309522.3042004622
449,309522.3042004622
450,309522.3042004622
451,309522.3042004622
452,309522.3042004622
453,309522.3042004622
454,309522.3042004622
455,309522.3042004622
456,309522.3042004622
457,309522.3042004622
458,309522.3042004622
459,309522.3042004622
460,309522.3042004622
461,309522.3042004622
462,299400.98852314235
463,299400.98852314235
464,299400.98852314235
465,299400.9885231422
466,299400.9885231422
467,299400.9885231422
468,299400.9885231422
469,299400.9885231422
470,299400.9885231422
471,299400.9885231422
472,299400.9885231422
473,299400.9885231422
474,299400.9885231422
475,299400.9885231422
476,299400.9885231422
477,299400.9885231422
478,299400.9885231422
479,299400.9885231422
480,299400.9885231422
481,299400.9885231422
482,299400.9885231422
483,299400.9885231422
484,299400.9885231422
485,299400.9885231422
486,299400.9885231422
487,299400.9885231422
488,299400.9885231422
489,299400.9885231422
490,299400.9885231422
491,299400.9885231422
492,299400.9885231421
493,299400.9885231421
494,299400.9885231421
495,299400.9885231421
496,299400.9885231421
497,299400.9885231421
498,299400.9885231421
499,299400.9885231421
500,299400.9885231421
501,299400.9885231421
502,299400.9885231421
503,299400.9885231421
504,299400.9885231421
505,299400.9885231421
506,299400.9885231421
507,299400.9885231421
508,299400.9885231421
509,299400.9885231421
510,299400.9885231421
511,299400.9885231421
512,299400.98852314206
513,299400.98852314206
514,299400.98852314206
515,299400.98852314206
516,299400.98852314206
517,299400.98852314206
518,299400.98852314206
519,299400.98852314206
520,299400.98852314206
521,299400.98852314206
522,299400.98852314206
523,299400.98852314206
524,299400.98852314206
525,299400.98852314206
526,299400.98852314206
527,299400.98852314206
528,299400.98852314206
529,299400.98852314206
530,299400.98852314206
531,299400.98852314206
532,299400.98852314206
533,299400.98852314206
534,299400.98852314206
535,299400.98852314206
536,299400.98852314206
537,299400.98852314206
538,299400.98852314206
539,299400.98852314206
540,299400.98852314206
541,299400.98852314206
542,299400.98852314206
543,299400.98852314206
544,299400.98852314206
545,299400.98852314206
546,299400.98852314206
547,299400.98852314206
548,299400.98852314206
549,299400.98852314206
550,299400.98852314206
551,299400.98852314206
552,299400.98852314206
553,299400.98852314206
554,299400.98852314206
555,299400.98852314206
556,299400.98852314206
557,299400.98852314206
558,299400.98852314206
559,299400.98852314206
560,299400.98852314206
561,299400.98852314206
562,299400.98852314206
563,299400.98852314206
564,299400.98852314206
565,299400.98852314206
566,299400.98852314206
567,299400.98852314206
568,299400.98852314206
569,299400.98852314206
570,299400.98852314206
571,299400.98852314206
572,299400.98852314206
573,299400.98852314206
574,294413.4071372373
575,294413.4071372373
576,294413.4071372373
577,287004.99288902467
578,287004.99288902467
579,287004.99288902467
580,287004.99288902467
581,287004.99288902467
582,287004.99288902467
583,287004.99288902467
584,287004.99288902467
585,287004.99288902467
586,287004.99288902467
587,287004.99288902467
588,287004.99288902467
589,287004.99288902467
590,287004.99288902467
591,287004.99288902467
592,287004.99288902467
593,287004.99288902467
594,287004.99288902467
595,287004.99288902467
596,287004.99288902467
597,287004.99288902467
598,287004.99288902467
599,263851.0920132128
600,263851.0920132128
601,263851.0920132128
602,263851.0920132128
603,263851.0920132128
604,263851.0920132128
605,263851.0920132128
606,259043.80735477706
607,259043.80735477706
608,259043.80735477706
609,259043.80735477706
610,259043.80735477706
611,259043.80735477706
612,259043.80735477706
613,259043.80735477706
614,259043.80735477706
615,259043.80735477706
616,259043.80735477706
617,259043.80735477706
618,259043.80735477706
619,259043.80735477706
620,259043.80735477706
621,259043.80735477706
622,259043.80735477706
623,259043.80735477706
624,259043.80735477706
625,259043.80735477706
626,259043.80735477706
627,259043.80735477706
628,259043.80735477706
629,259043.80735477706
630,243639.75551808084
631,243639.75551808084
632,243639.75551808084
633,243639.75551808084
634,243639.75551808084
635,243639.75551808084
636,243639.75551808084
637,243639.75551808084
638,243639.75551808084
639,243639.75551808084
640,243639.75551808084
641,242523.21780849347
642,242523.21780849347
643,242523.21780849347
644,242523.21780849347
645,242523.21780849347
646,226612.63930068593
647,226612.63930068593
648,226612.63930068593
649,226612.63930068593
650,226612.63930068593
651,226612.63930068593
652,226612.63930068593
653,226612.63930068593
654,226612.63930068593
655,226612.63930068593
656,226612.63930068593
657,226612.63930068593
658,219872.7750305815
659,219872.7750305815
660,219872.7750305815
661,219872.7750305815
662,219872.7750305815
663,219872.7750305815
664,219872.7750305815
665,219872.7750305815
666,219872.77503058134
667,219872.77503058134
668,219872.77503058134
669,219872.77503058134
670,219872.77503058134
671,219872.77503058134
672,219872.77503058134
673,219872.77503058134
674,219872.77503058134
675,219872.77503058134
676,219872.77503058134
677,219872.77503058134
678,219872.77503058134
679,219872.77503058134
680,219872.77503058134
681,219872.77503058134
682,219872.77503058134
683,219872.77503058134
684,219872.77503058134
685,219872.77503058134
686,219872.77503058134
687,219872.77503058134
688,219872.77503058134
689,219872.77503058134
690,219872.77503058134
691,219872.77503058134
692,219872.77503058134
693,219872.77503058134
694,219872.77503058134
695,219872.77503058134
696,219872.77503058134
697,201109.1448837718
698,201109.1448837718
699,201109.1448837718
700,201109.1448837718
701,201109.1448837718
702,201109.1448837718
703,201109.1448837718
704,201109.1448837718
705,201109.1448837718
706,201109.1448837718
707,201109.1448837718
708,201109.1448837718
709,201109.1448837718
710,201109.1448837718
711,201109.1448837718
712,201109.1448837718
713,201109.1448837718
714,201109.1448837718
715,201109.1448837718
716,201109.1448837718
717,201109.1448837718
718,201109.1448837718
719,191823.02058199636
720,191823.02058199636
721,191823.02058199636
722,191823.02058199636
723,191823.02058199636
724,191823.02058199636
725,191823.02058199633
726,191823.02058199633
727,191823.02058199633
728,191823.02058199633
729,191823.0205819963
730,191823.0205819963
731,190489.50504384868
732,190489.50504384862
733,190489.50504384862
734,190489.50504384862
735,188708.5538483311
736,188708.5538483311
737,180336.9138632776
738,180336.9138632776
739,180336.9138632776
740,180336.9138632776
741,180336.91386327756
742,180336.91386327756
743,180336.91386327756
744,180336.91386327756
745,180336.91386327732
746,180336.91386327732
747,180336.91386327732
748,180336.91386327732
749,180336.91386327732
750,180336.91386327732
751,180336.91386327732
752,180336.91386327732
753,180336.91386327732
754,180336.91386327732
755,180336.91386327732
756,180336.91386327732
757,180336.91386327732
758,180336.91386327732
759,180336.91386327732
760,177198.12023541235
761,177198.12023541235
762,177198.12023541235
763,177198.12023541235
764,177198.12023541235
765,177198.12023541235
766,177198.12023541235
767,177198.12023541235
768,177198.12023541235
769,177198.12023541235
770,177198.12023541235
771,177198.12023541235
772,177198.12023541235
773,177198.12023541235
774,177198.12023541235
775,177198.12023541235
776,177198.12023541235
777,177198.12023541235
778,177198.12023541235
779,177198.12023541235
780,177198.12023541235
781,177198.12023541235
782,177198.12023541235
783,177198.12023541235
784,177198.12023541235
785,177198.12023541235
786,177198.12023541235
787,177198.12023541235
788,177198.12023541235
789,177198.12023541235
790,177198.12023541235
791,177198.12023541235
792,177198.12023541235
793,177198.12023541235
794,177198.12023541235
795,177198.12023541235
796,177198.12023541235
797,177198.12023541235
798,177198.12023541235
799,177198.12023541235
800,177198.12023541235
801,177198.12023541235
802,177198.12023541235
803,177198.12023541235
804,177198.12023541235
805,159162.44099309592
806,159162.44099309592
807,159162.44099309592
808,159162.44099309592
809,159162.44099309592
810,159162.44099309592
811,159162.44099309592
812,159162.44099309592
813,159162.44099309592
814,159162.44099309592
815,159162.44099309592
816,159162.44099309592
817,159162.44099309592
818,159162.44099309592
819,159162.44099309592
820,159162.44099309592
821,159162.44099309592
822,159162.44099309592
823,159162.44099309592
824,159162.44099309592
825,159162.44099309592
826,159162.44099309592
827,159162.44099309592
828,159162.44099309592
829,159162.44099309592
830,159162.44099309592
831,159162.44099309592
832,159162.44099309592
833,159162.44099309592
834,159162.44099309592
835,151342.04656418494
836,151342.04656418494
837,151342.04656418494
838,151342.04656418494
839,151342.04656418494
840,151342.04656418494
841,151342.04656418494
842,151342.04656418492
843,151342.04656418492
844,151342.04656418492
845,151342.04656418492
846,151006.27127088548
847,151006.27127088548
848,151006.27127088548
849,151006.27127088548
850,151006.27127088548
851,151006.27127088548
852,151006.27127088548
853,151006.27127088548
854,151006.27127088548
855,151006.27127088548
856,151006.27127088548
857,151006.27127088548
858,151006.27127088548
859,151006.27127088548
860,151006.27127088548
861,151006.27127088548
862,151006.27127088548
863,151006.27127088548
864,133646.32426076487
865,133646.32426076487
866,133646.32426076487
867,133646.32426076487
868,133646.32426076487
869,133646.32426076487
870,133646.32426076487
871,133646.32426076487
872,133646.32426076487
873,133646.32426076487
874,133646.32426076487
875,133646.32426076487
876,133646.32426076487
877,133646.32426076487
878,133646.32426076487
879,133646.32426076487
880,133646.32426076487
881,133646.32426076487
882,133646.32426076487
883,133646.32426076484
884,133646.32426076484
885,133646.32426076484
886,133646.32426076484
887,133646.32426076484
888,133646.32426076484
889,133646.32426076484
890,133646.32426076484
891,133646.32426076484
892,133646.32426076484
893,133646.32426076484
894,133646.32426076484
895,133646.32426076484
896,133646.32426076484
897,133646.32426076484
898,133646.32426076484
899,133646.32426076484
900,133646.32426076484
901,133646.32426076484
902,133646.32426076484
903,133646.32426076484
904,133646.32426076484
905,133646.32426076484
906,133646.32426076484
907,133646.32426076484
908,133646.32426076484
909,131983.8493276797
910,131983.8493276797
911,131983.8493276797
912,131983.8493276797
913,131983.8493276797
914,131983.8493276797
915,131983.8493276797
916,131983.8493276797
917,131983.8493276797
918,131983.8493276797
919,131983.8493276797
920,131983.8493276797
921,131983.8493276797
922,131983.8493276797
923,131983.8493276797
924,131983.8493276797
925,131983.8493276797
926,131983.8493276797
927,131983.8493276797
928,131983.8493276797
929,131983.8493276797
930,131983.8493276797
931,131983.8493276797
932,131983.8493276797
933,131983.8493276797
934,131983.8493276796
935,131983.8493276796
936,131983.8493276796
937,131983.8493276796
938,131983.8493276796
939,128565.74838867126
940,128565.74838867126
941,128565.74838867126
942,128565.74838867126
943,128565.74838867126
944,128565.74838867126
945,128565.74838867126
946,128565.74838867126
947,128565.74838867124
948,128565.74838867124
949,128565.74838867124
950,128565.74838867124
951,128565.74838867124
952,128565.74838867124
953,128565.74838867124
954,128565.74838867124
955,128565.74838867124
956,128565.74838867124
957,128565.74838867124
958,128565.74838867124
959,128565.74838867124
960,128565.74838867124
961,128565.74838867124
962,128565.74838867124
963,128565.74838867124
964,128565.74838867124
965,128565.74838867124
966,128565.74838867124
967,128565.74838867124
968,128565.74838867124
969,128565.74838867124
970,128565.74838867124
971,128565.74838867124
972,128565.74838867124
973,128565.74838867124
974,128565.74838867124
975,128565.74838867124
976,128565.74838867124
977,128565.74838867124
978,128565.74838867124
979,128565.74838867124
980,128565.74838867124
981,128565.74838867124
982,128565.74838867124
983,128565.74838867124
984,128565.74838867124
985,128565.74838867124
986,128565.74838867124
987,128565.74838867124
988,128565.74838867124
989,128565.74838867124
990,128565.74838867124
991,128565.74838867124
992,128565.74838867124
993,128565.74838867124
994,128565.74838867124
995,128565.74838867124
996,128565.74838867124
997,128565.74838867124
998,128565.74838867124
999,128565.7483886712
1000,128565.7483886712
1001,128565.7483886712
1002,128565.7483886712
1003,128565.7483886712
1004,128565.7483886712
1005,128565.7483886712
1006,128565.7483886712
1007,128565.7483886712
1008,128565.7483886712
1009,128565.7483886712
1010,128565.7483886712
1011,128565.7483886712
1012,123798.77285499054
1013,123798.77285499054
1014,123798.77285499054
1015,123798.77285499054
1016,123798.77285499054
1017,123798.77285499054
1018,123798.77285499054
1019,123798.77285499054
1020,123798.77285499054
1021,123798.77285499054
1022,123798.77285499054
1023,123798.77285499054
1024,123798.77285499054
1025,123798.77285499054
1026,123798.77285499054
1027,123798.77285499054
1028,123798.77285499054
1029,123798.77285499054
1030,123798.77285499054
1031,123798.77285499054
1032,123798.77285499054
1033,123798.77285499054
1034,107777.92472010928
1035,107777.92472010928
1036,107777.92472010928
1037,107777.92472010928
1038,107777.92472010928
1039,107777.92472010928
1040,107777.92472010928
1041,107777.92472010928
1042,107777.92472010928
1043,107777.92472010928
1044,107777.92472010928
1045,107777.92472010928
1046,107777.92472010928
1047,107777.92472010928
1048,107777.92472010928
1049,107777.92472010928
1050,107777.92472010928
1051,107777.92472010928
1052,107777.92472010928
1053,107777.92472010928
1054,107777.92472010928
1055,107777.92472010928
1056,107777.92472010928
1057,107777.92472010928
1058,107777.92472010928
1059,107777.92472010928
1060,107777.92472010928
1061,107777.92472010928
1062,107777.92472010928
1063,107777.92472010928
1064,107777.92472010928
1065,107777.92472010928
1066,107777.92472010928
1067,107777.92472010928
1068,107777.92472010928
1069,107777.92472010928
1070,107777.92472010928
1071,107777.92472010928
1072,107258.99607705843
1073,107258.99607705843
1074,107258.99607705843
1075,107258.99607705843
1076,107258.99607705843
1077,107258.99607705843
1078,107258.99607705843
1079,107258.99607705843
1080,107258.99607705843
1081,107258.99607705843
1082,107258.99607705843
1083,107258.99607705843
1084,107258.99607705843
1085,107258.99607705843
1086,107258.99607705843
1087,107258.99607705843
1088,107258.99607705843
1089,107258.99607705843
1090,107258.99607705843
1091,107258.99607705843
1092,107258.99607705843
1093,107258.99607705843
1094,107258.9960770584
1095,107258.9960770584
1096,107258.9960770584
1097,107258.9960770584
1098,107258.9960770584
1099,107258.9960770584
1100,107258.9960770584
1101,107258.9960770584
1102,107258.9960770584
1103,107258.9960770584
1104,107258.9960770584
1105,107258.9960770584
1106,107258.9960770584
1107,107258.9960770584
1108,107258.9960770584
1109,107258.9960770584
1110,107258.9960770584
1111,107258.9960770584
1112,107258.9960770584
1113,107258.9960770584
1114,107258.9960770584
1115,107258.9960770584
1116,107258.9960770584
1117,107258.9960770584
1118,107258.9960770584
1119,107258.9960770584
1120,107258.9960770584
1121,107258.9960770584
1122,107258.9960770584
1123,107258.9960770584
1124,107258.99607705837
1125,107258.99607705837
1126,107258.99607705837
1127,107258.99607705837
1128,107258.99607705837
1129,107258.99607705837
1130,107258.99607705837
1131,107258.99607705837
1132,101206.86362064612
1133,101206.86362064612
1134,101206.86362064612
1135,101206.86362064612
1136,101206.86362064612
1137,101206.86362064612
1138,101206.86362064611
1139,101206.86362064611
1140,101206.86362064611
1141,101206.86362064611
1142,101206.86362064611
1143,101206.86362064611
1144,101206.86362064611
1145,101206.86362064611
1146,101206.86362064611
1147,101206.86362064611
1148,76999.00725314683
1149,76999.00725314683
1150,76999.00725314683
1151,76999.00725314683
1152,76999.00725314683
1153,76999.00725314683
1154,76999.00725314683
1155,76999.00725314683
1156,76999.00725314683
1157,76999.00725314683
1158,76999.00725314683
1159,76999.00725314683
1160,76999.00725314683
1161,76999.00725314683
1162,76999.00725314683
1163,76999.00725314683
1164,76999.00725314683
1165,76999.00725314683
1166,76999.00725314683
1167,76999.00725314683
1168,76999.00725314683
1169,76999.00725314683
1170,76999.00725314683
1171,76999.00725314683
1172,76999.00725314683
1173,76999.00725314683
1174,76999.00725314683
1175,76999.00725314679
1176,76999.00725314679
1177,76999.00725314679
1178,76999.00725314679
1179,76999.00725314679
1180,76999.00725314679
1181,76999.00725314679
1182,76999.00725314679
1183,76999.00725314679
1184,76999.00725314679
1185,76999.00725314679
1186,64897.89630690699
1187,64897.89630690699
1188,64897.89630690699
1189,64897.89630690699
1190,64897.89630690699
1191,64897.89630690699
1192,64897.89630690699
1193,64897.89630690699
1194,64897.89630690699
1195,64897.89630690699
1196,64897.89630690699
1197,64897.89630690699
1198,64897.89630690699
1199,64897.89630690699
1200,64897.89630690699
1201,64897.89630690699
1202,64897.89630690699
1203,64897.89630690699
1204,64897.89630690699
1205,64897.89630690699
1206,64897.89630690699
1207,64897.89630690699
1208,64897.89630690699
1209,64897.89630690699
1210,64897.89630690699
1211,64897.89630690699
1212,64897.89630690699
1213,64897.89630690699
1214,64897.89630690699
1215,64897.89630690699
1216,64897.89630690699
1217,64897.896306906914
1218,64897.896306906914
1219,64897.896306906885
1220,64897.896306906885
1221,64897.896306906885
1222,63182.32177216785
1223,63182.32177216785
1224,63182.32177216785
1225,63182.32177216785
1226,63182.32177216785
1227,63182.32177216785
1228,63182.32177216785
1229,63182.32177216785
1230,63182.32177216778
1231,63182.32177216778
1232,63182.32177216778
1233,63182.32177216778
1234,63182.32177216778
1235,63182.32177216778
1236,63182.32177216778
1237,63182.32177216778
1238,63182.32177216778
1239,63182.32177216778
1240,63182.32177216778
1241,63182.32177216778
1242,63182.32177216778
1243,63182.32177216778
1244,63182.32177216778
1245,63182.32177216778
1246,63182.32177216778
1247,63182.32177216778
1248,63182.32177216778
1249,63182.32177216778
1250,63182.32177216778
1251,63182.32177216778
1252,63182.32177216778
1253,63182.32177216778
1254,63182.32177216778
1255,63182.32177216778
1256,63182.32177216778
1257,63182.32177216778
1258,63182.32177216778
1259,63182.32177216778
1260,63182.32177216778
1261,63182.32177216778
1262,63182.32177216778
1263,63182.32177216778
1264,63182.32177216778
1265,63182.32177216778
1266,63182.32177216778
1267,63182.32177216778
1268,63182.32177216778
1269,63182.32177216778
1270,63182.32177216778
1271,63182.32177216778
1272,63182.32177216778
1273,63182.32177216778
1274,63182.32177216778
1275,63182.32177216778
1276,63182.32177216778
1277,63182.32177216778
1278,63182.32177216778
1279,63182.32177216778
1280,61840.7966236153
1281,61840.7966236153
1282,61840.7966236153
1283,61840.7966236153
1284,61840.7966236153
1285,61840.7966236153
1286,61840.7966236153
1287,61840.79662361527
1288,61840.79662361527
1289,61840.79662361527
1290,61840.79662361527
1291,61840.79662361527
1292,61840.79662361527
1293,61840.79662361527
1294,61840.79662361527
1295,61840.79662361527
1296,61840.79662361527
1297,61840.79662361527
1298,61840.79662361527
1299,61840.79662361527
1300,61840.79662361527
1301,61840.79662361527
1302,61840.79662361527
1303,61840.79662361527
1304,61840.79662361527
1305,61840.79662361527
1306,61840.79662361527
1307,61840.79662361527
1308,61840.79662361527
1309,61840.79662361527
1310,61840.79662361527
1311,61840.79662361527
1312,61840.79662361527
1313,61840.79662361527
1314,61840.79662361527
1315,61840.79662361527
1316,61840.79662361527
1317,61840.79662361527
1318,61840.79662361527
1319,61840.79662361527
1320,61840.79662361527
1321,61840.79662361527
1322,61840.79662361527
1323,61840.79662361527
1324,61840.79662361527
1325,61840.79662361527
1326,61840.79662361527
1327,61840.79662361527
1328,61840.79662361527
1329,61840.79662361527
1330,61840.79662361527
1331,61840.79662361527
1332,61840.79662361527
1333,61840.79662361527
1334,61840.79662361527
1335,61840.79662361527
1336,61840.79662361527
1337,61840.79662361527
1338,61840.79662361527
1339,61840.79662361527
1340,61840.79662361527
1341,61840.79662361527
1342,61840.79662361527
1343,61840.79662361527
1344,61840.79662361527
1345,61840.79662361527
1346,61840.79662361527
1347,61840.79662361527
1348,61840.79662361527
1349,61840.79662361527
1350,61840.79662361527
1351,61840.79662361527
1352,61840.79662361527
1353,61840.79662361527
1354,61840.79662361527
1355,61840.79662361527
1356,61840.79662361527
1357,61840.79662361527
1358,61840.79662361527
1359,61840.79662361527
1360,61840.79662361527
1361,61840.79662361527
1362,61840.79662361527
1363,61840.79662361527
1364,61819.24206035933
1365,61819.24206035933
1366,61819.24206035933
1367,61819.24206035933
1368,61819.24206035933
1369,61819.24206035933
1370,61819.24206035933
1371,61819.24206035933
1372,61819.24206035933
1373,61819.24206035933
1374,61819.24206035933
1375,61819.24206035933
1376,61819.24206035933
1377,61819.24206035933
1378,61819.24206035933
1379,60601.07630286565
1380,60601.07630286565
1381,60601.07630286565
1382,60601.07630286565
1383,60601.07630286565
1384,60601.07630286565
1385,60601.07630286565
1386,59785.30491105128
1387,59785.30491105128
1388,59785.30491105128
1389,59785.30491105128
1390,59785.30491105126
1391,59785.30491105126
1392,59785.30491105126
1393,59785.30491105126
1394,59785.30491105126
1395,59785.30491105126
1396,59785.30491105126
1397,59785.30491105126
1398,59785.30491105125
1399,59785.304911051244
1400,59785.304911051244
1401,59785.304911051244
1402,59785.304911051244
1403,59785.304911051244
1404,59785.304911051244
1405,59785.304911051244
1406,59785.304911051244
1407,59785.30491105122
1408,59785.30491105122
1409,59785.30491105122
1410,59785.30491105122
1411,59785.30491105122
1412,59785.30491105122
1413,59785.30491105122
1414,59485.628482595836
1415,59485.628482595836
1416,59485.628482595836
1417,59485.628482595836
1418,59485.628482595836
1419,59485.628482595836
1420,59485.628482595836
1421,59485.628482595836
1422,59485.62848259581
1423,59485.62848259581
1424,59485.62848259581
1425,59485.62848259581
1426,59485.62848259581
1427,59485.62848259581
1428,59485.62848259581
1429,59400.727982444965
1430,59400.727982444965
1431,59400.727982444965
1432,59400.727982444965
1433,59400.727982444965
1434,59400.727982444965
1435,59400.727982444965
1436,59400.727982444965
1437,59400.727982444965
1438,59400.727982444965
1439,59400.727982444965
1440,59400.727982444965
1441,59400.72798244494
1442,59400.72798244494
1443,59400.72798244494
1444,59400.72798244494
1445,59400.72798244494
1446,59400.72798244494
1447,59400.72798244494
1448,59400.72798244494
1449,59400.72798244494
1450,59400.72798244494
1451,59400.72798244494
1452,59400.72798244494
1453,59400.72798244494
1454,59400.72798244494
1455,59400.72798244494
1456,59400.72798244494
1457,59400.72798244494
1458,59400.72798244494
1459,59400.72798244494
1460,59400.72798244494
1461,59400.72798244494
1462,59400.72798244494
1463,59400.72798244494
1464,59400.72798244494
1465,59400.72798244494
1466,59400.72798244494
1467,59400.72798244494
1468,59400.72798244494
1469,59400.72798244494
1470,59400.72798244494
1471,59400.72798244494
1472,59400.72798244494
1473,59400.72798244494
1474,59400.72798244494
1475,59400.72798244494
1476,59400.72798244494
1477,59400.72798244494
1478,59400.72798244494
1479,59400.72798244494
1480,59400.72798244494
1481,59400.72798244494
1482,59400.72798244494
1483,59400.72798244494
1484,59400.72798244494
1485,59400.72798244494
1486,59400.72798244494
1487,59400.72798244493
1488,59400.72798244493
1489,59400.72798244489
1490,59400.72798244489
1491,59400.72798244489
1492,59400.72798244489
1493,59400.72798244489
1494,59400.72798244489
1495,59400.72798244489
1496,59400.72798244489
1497,59400.72798244489
1498,59400.72798244489
1499,59400.72798244489
1500,59400.72798244489
1501,59400.72798244489
1502,59400.72798244489
1503,59400.72798244489
1504,59400.72798244489
1505,59400.72798244489
1506,59400.72798244489
1507,59400.72798244489
1508,59400.72798244489
1509,59400.72798244489
1510,59400.72798244489
1511,59400.72798244489
1512,59400.72798244489
1513,59400.72798244489
1514,59400.72798244489
1515,59400.72798244489
1516,59400.72798244489
1517,59400.72798244489
1518,59400.72798244489
1519,59400.72798244489
1520,59400.72798244489
1521,59400.72798244489
1522,59400.72798244489
1523,59400.72798244489
1524,59400.72798244489
1525,59400.72798244489
1526,59400.72798244489
1527,59400.72798244489
1528,59400.727982444885
1529,59400.727982444885
1530,59400.727982444885
1531,59400.727982444885
1532,59400.727982444885
1533,59400.727982444885
1534,59400.727982444885
1535,59400.727982444885
1536,59400.727982444885
1537,59400.727982444885
1538,59400.727982444885
1539,59400.727982444885
1540,59400.727982444885
1541,59400.727982444885
1542,59400.727982444885
1543,59400.727982444885
1544,59400.727982444885
1545,59400.727982444885
1546,59400.727982444885
1547,59400.727982444885
1548,59400.727982444885
1549,59400.727982444885
1550,59400.727982444885
1551,59400.727982444885
1552,59400.727982444885
1553,59400.727982444885
1554,59400.727982444885
1555,59400.727982444885
1556,59400.727982444885
1557,59400.727982444885
1558,59400.727982444885
1559,59400.727982444885
1560,59400.727982444885
1561,59400.727982444885
1562,59400.727982444885
1563,59400.727982444885
1564,59400.727982444885
1565,59400.727982444885
1566,59400.727982444885
1567,59400.727982444885
1568,58063.95653189915
1569,58063.95653189915
1570,58063.95653189915
1571,58063.95653189915
1572,58063.95653189915
1573,58063.95653189915
1574,58063.95653189915
1575,58063.95653189915
1576,58063.95653189915
1577,58063.95653189915
1578,58063.95653189915
1579,58063.95653189915
1580,58063.95653189915
1581,58063.95653189915
1582,58063.95653189915
1583,58063.95653189915
1584,58063.95653189915
1585,58063.95653189915
1586,58063.95653189915
1587,58063.95653189915
1588,58063.95653189915
1589,58063.95653189915
1590,58063.95653189915
1591,58063.95653189915
1592,58063.95653189915
1593,58063.95653189915
1594,58063.95653189915
1595,58063.95653189915
1596,58063.95653189915
1597,58063.95653189915
1598,58063.95653189915
1599,58063.95653189915
1600,58063.95653189915
1601,58063.95653189915
1602,58063.95653189915
1603,58063.95653189915
1604,58063.95653189915
1605,58063.95653189915
1606,58063.95653189915
1607,58063.95653189915
1608,58063.95653189915
1609,58063.95653189915
1610,58063.95653189915
1611,58063.95653189915
1612,58063.95653189915
1613,58063.95653189915
1614,58063.95653189915
1615,58063.95653189915
1616,58063.95653189915
1617,58063.95653189915
1618,58063.95653189915
1619,58063.95653189915
1620,58063.95653189915
1621,58063.95653189915
1622,58063.95653189915
1623,58063.95653189915
1624,58063.95653189915
1625,58063.95653189915
1626,58063.95653189915
1627,58063.95653189915
1628,57953.89061655532
1629,57953.89061655532
1630,57953.89061655531
1631,57953.89061655531
1632,57953.89061655531
1633,57953.89061655531
1634,57953.89061655531
1635,57953.89061655531
1636,57953.89061655531
1637,57953.89061655531
1638,57953.8906165553
1639,57953.8906165553
1640,57953.8906165553
1641,57953.8906165553
1642,57953.8906165553
1643,57953.89061655529
1644,57953.89061655529
1645,57953.89061655529
1646,57953.89061655529
1647,57953.89061655529
1648,57953.89061655529
1649,57927.3576536761
1650,57927.3576536761
1651,57927.3576536761
1652,57927.3576536761
1653,57927.3576536761
1654,57927.3576536761
1655,57927.3576536761
1656,57927.3576536761
1657,57927.3576536761
1658,57927.3576536761
1659,57927.3576536761
1660,57927.3576536761
1661,57927.3576536761
1662,57927.3576536761
1663,57927.3576536761
1664,57927.3576536761
1665,57927.3576536761
1666,57927.3576536761
1667,57927.3576536761
1668,57927.3576536761
1669,57927.3576536761
1670,57927.3576536761
1671,57927.3576536761
1672,57927.3576536761
1673,57927.3576536761
1674,57927.3576536761
1675,57927.3576536761
1676,57927.3576536761
1677,57927.3576536761
1678,57927.3576536761
1679,57927.3576536761
1680,57927.3576536761
1681,57927.3576536761
1682,57927.3576536761
1683,57927.3576536761
1684,57927.3576536761
1685,57927.3576536761
1686,57927.3576536761
1687,57927.3576536761
1688,57927.3576536761
1689,57927.3576536761
1690,57927.3576536761
1691,57927.3576536761
1692,57927.3576536761
1693,57927.3576536761
1694,57927.3576536761
1695,57927.3576536761
1696,57927.3576536761
1697,57927.3576536761
1698,57927.3576536761
1699,57927.3576536761
1700,57927.3576536761
1701,57927.3576536761
1702,57927.3576536761
1703,57927.3576536761
1704,57927.3576536761
1705,57927.3576536761
1706,57927.3576536761
1707,57927.3576536761
1708,57927.3576536761
1709,57927.3576536761
1710,57927.3576536761
1711,57927.3576536761
1712,57927.3576536761
1713,57927.3576536761
1714,57927.3576536761
1715,57927.3576536761
1716,57927.3576536761
1717,57927.3576536761
1718,57927.3576536761
1719,57927.3576536761
1720,57927.35765367605
1721,57927.35765367605
1722,57927.35765367605
1723,57927.35765367605
1724,57927.35765367605
1725,57927.35765367605
1726,57927.35765367605
1727,57927.35765367605
1728,57927.35765367605
1729,57927.35765367605
1730,57927.35765367605
1731,57927.35765367605
1732,56980.97026817743
1733,56980.97026817743
1734,56980.97026817743
1735,56980.97026817743
1736,56980.97026817743
1737,56980.97026817743
1738,56980.97026817743
1739,56980.97026817743
1740,56980.97026817743
1741,56980.97026817743
1742,56980.97026817743
1743,56980.97026817743
1744,56980.97026817743
1745,56980.97026817743
1746,56980.97026817743
1747,56980.97026817743
1748,56980.97026817743
1749,56980.97026817743
1750,56980.97026817743
1751,56980.97026817743
1752,56980.97026817743
1753,56980.97026817743
1754,56980.97026817742
1755,56980.97026817742
1756,56980.97026817742
1757,56980.97026817742
1758,56980.97026817742
1759,56980.97026817742
1760,56980.97026817742
1761,56980.97026817742
1762,56980.97026817742
1763,56980.97026817742
1764,56980.97026817742
1765,56980.97026817742
1766,56980.97026817742
1767,56980.97026817742
1768,56980.97026817742
1769,56980.97026817742
1770,56980.97026817742
1771,56980.97026817742
1772,56980.97026817742
1773,56980.97026817742
1774,56980.97026817742
1775,56980.97026817742
1776,56980.97026817742
1777,56980.97026817742
1778,56980.97026817742
1779,56980.97026817742
1780,56980.97026817742
1781,56980.97026817742
1782,56980.97026817742
1783,56980.97026817742
1784,56980.97026817742
1785,56980.97026817742
1786,56980.97026817742
1787,56980.97026817742
1788,56980.97026817742
1789,56980.97026817742
1790,56980.97026817742
1791,56980.97026817742
1792,56980.97026817742
1793,56980.97026817742
1794,56980.97026817742
1795,56980.97026817742
1796,56980.97026817742
1797,56980.97026817742
1798,56980.97026817742
1799,56980.97026817742
1800,56980.97026817742
1801,56980.97026817742
1802,56980.97026817742
1803,56980.97026817742
1804,56980.97026817742
1805,56980.97026817742
1806,56980.97026817742
1807,56980.97026817742
1808,56980.97026817742
1809,56980.97026817742
1810,56980.97026817742
1811,56980.97026817742
1812,56980.97026817742
1813,56980.97026817742
1814,56980.97026817742
1815,56980.97026817742
1816,56980.97026817742
1817,56980.970268177414
1818,56980.970268177414
1819,56980.970268177414
1820,56980.970268177414
1821,56980.970268177414
1822,56980.970268177414
1823,56980.970268177414
1824,56980.970268177414
1825,56980.970268177414
1826,56980.970268177414
1827,56980.970268177414
1828,56980.970268177414
1829,56980.970268177414
1830,56980.970268177414
1831,56980.970268177414
1832,56980.970268177414
1833,56980.970268177414
1834,56980.970268177414
1835,56980.970268177414
1836,56980.970268177414
1837,56980.97026817741
1838,56980.97026817741
1839,56980.97026817741
1840,56980.97026817741
1841,56980.97026817741
1842,56980.97026817741
1843,56980.97026817741
1844,56980.97026817741
1845,56980.97026817741
1846,56980.97026817741
1847,56980.97026817741
1848,56980.97026817741
1849,56980.97026817741
1850,56980.97026817741
1851,56980.97026817741
1852,56980.97026817741
1853,56980.97026817741
1854,56980.97026817741
1855,56980.97026817741
1856,56980.97026817741
1857,56980.97026817741
1858,56980.97026817741
1859,56980.97026817741
1860,56980.97026817741
1861,56980.97026817741
1862,56980.97026817741
1863,56980.97026817741
1864,56980.97026817741
1865,56980.97026817741
1866,56980.97026817741
1867,56980.97026817741
1868,56980.97026817741
1869,56980.97026817741
1870,56980.97026817741
1871,56980.97026817741
1872,56980.97026817741
1873,56980.97026817741
1874,56980.97026817741
1875,56980.97026817741
1876,56980.97026817741
1877,56980.97026817741
1878,56980.97026817741
1879,56980.97026817741
1880,56980.97026817741
1881,56980.97026817741
1882,56980.97026817741
1883,56980.97026817741
1884,56980.97026817741
1885,56980.97026817741
1886,56980.97026817741
1887,56980.97026817741
1888,56980.97026817741
1889,56980.97026817741
1890,56980.97026817741
1891,56980.97026817741
1892,56980.97026817741
1893,56980.97026817741
1894,56980.97026817741
1895,56980.97026817741
1896,56980.97026817741
1897,56980.97026817741
1898,56980.97026817741
1899,56980.97026817741
1900,56980.97026817741
1901,56980.97026817741
1902,56980.97026817741
1903,56980.97026817741
1904,56980.97026817741
1905,56980.97026817741
1906,55716.09329504827
1907,55716.09329504827
1908,55716.09329504827
1909,55716.09329504827
1910,55716.09329504827
1911,55716.09329504827
1912,55716.09329504827
1913,55716.09329504827
1914,55716.09329504827
1915,55716.09329504827
1916,55716.09329504827
1917,55716.09329504827
1918,55716.09329504827
1919,55716.09329504827
1920,55716.09329504827
1921,55716.09329504827
1922,55716.09329504827
1923,55716.09329504827
1924,55716.09329504827
1925,55716.09329504827
1926,55716.09329504827
1927,55716.09329504827
1928,55716.09329504827
1929,55716.09329504827
1930,55716.09329504827
1931,55716.09329504827
1932,55716.09329504827
1933,55716.09329504827
1934,55716.09329504827
1935,55716.09329504827
1936,55716.09329504827
1937,55716.09329504827
1938,55716.09329504827
1939,55716.09329504827
1940,55716.09329504827
1941,55716.09329504827
1942,55716.09329504827
1943,55716.09329504827
1944,55716.09329504827
1945,55716.09329504827
1946,55716.09329504827
1947,55716.09329504827
1948,55716.09329504827
1949,55716.09329504827
1950,55716.09329504827
1951,55716.09329504827
1952,55716.09329504827
1953,55716.09329504827
1954,55716.09329504827
1955,55716.09329504827
1956,55716.09329504827
1957,55716.09329504827
1958,55716.09329504827
1959,55716.09329504827
1960,55716.09329504827
1961,55716.09329504827
1962,55716.09329504827
1963,55716.09329504827
1964,55716.09329504827
1965,55716.09329504827
1966,55716.09329504827
1967,55716.09329504827
1968,55716.09329504827
1969,55716.09329504827
1970,55716.09329504827
1971,55716.09329504827
1972,55716.09329504827
1973,55716.09329504827
1974,55716.09329504827
1975,55716.09329504827
1976,55716.09329504827
1977,55716.09329504827
1978,55716.09329504827
1979,55716.09329504827
1980,55716.09329504827
1981,55716.09329504827
1982,55716.09329504827
1983,55716.09329504827
1984,55716.09329504827
1985,55716.09329504827
1986,55716.09329504827
1987,55716.09329504827
1988,55716.09329504827
1989,55716.09329504827
1990,55715.51142565543
1991,55715.51142565543
1992,55715.51142565543
1993,55715.51142565543
1994,55715.51142565543
1995,55715.51142565543
1996,55715.51142565543
1997,55715.51142565543
1998,55715.51142565543
1999,55715.51142565543
2000,55715.51142565543
2001,55715.51142565543
2002,55715.51142565543
2003,55715.51142565543
2004,55715.51142565543
2005,55715.51142565543
2006,55715.51142565543
2007,55715.51142565543
2008,55715.51142565543
2009,55715.51142565543
2010,55715.51142565543
2011,55715.51142565543
2012,55715.51142565543
2013,55715.51142565543
2014,55715.51142565543
2015,55715.51142565543
2016,55715.51142565543
2017,55715.51142565543
2018,55715.51142565543
2019,55715.51142565543
2020,55715.51142565543
2021,55715.51142565543
2022,55715.51142565543
2023,55715.51142565543
2024,55715.51142565543
2025,55715.51142565543
2026,55715.51142565543
2027,55715.51142565543
2028,55715.51142565543
2029,55715.51142565543
2030,55715.51142565543
2031,55715.51142565543
2032,55715.51142565543
2033,55715.51142565543
2034,55715.51142565543
2035,55715.51142565543
2036,55715.51142565543
2037,55715.51142565538
2038,55715.51142565538
2039,55715.51142565538
2040,55715.51142565538
2041,55715.51142565538
2042,55715.51142565538
2043,55715.51142565538
2044,55715.51142565538
2045,55715.51142565538
2046,55715.51142565538
2047,55715.51142565538
2048,55715.51142565538
2049,55715.51142565538
2050,55715.51142565538
2051,55715.51142565538
2052,55715.51142565538
2053,55715.51142565538
2054,55715.51142565538
2055,55715.51142565538
2056,55715.51142565538
2057,55715.51142565538
2058,55715.51142565538
2059,55715.51142565538
2060,55715.51142565538
2061,55715.51142565538
2062,55715.51142565538
2063,55715.51142565538
2064,55715.51142565538
2065,55715.51142565538
2066,55715.51142565537
2067,55715.51142565537
2068,55715.51142565537
2069,55715.51142565537
2070,55715.51142565537
2071,55715.51142565537
2072,55715.51142565537
2073,55715.51142565537
2074,55715.51142565537
2075,55715.51142565537
2076,55715.51142565537
2077,55715.51142565537
2078,55715.51142565537
2079,55715.51142565537
2080,55715.51142565537
2081,55715.51142565537
2082,55715.51142565537
2083,55715.51142565537
2084,55715.51142565537
2085,55715.51142565537
2086,55715.51142565537
2087,55715.51142565537
2088,55715.51142565537
2089,55715.51142565537
2090,55715.51142565537
2091,55715.51142565537
2092,55715.51142565537
2093,55715.51142565537
2094,55715.51142565537
2095,55715.51142565537
2096,55715.51142565537
2097,55715.51142565537
2098,55715.51142565537
2099,55715.51142565537
2100,55715.51142565537
2101,55715.51142565537
2102,55715.51142565537
2103,55715.51142565537
2104,55715.51142565537
2105,55715.51142565537
2106,55715.51142565537
2107,55715.51142565537
2108,55715.51142565537
2109,55715.51142565537
2110,55715.51142565537
2111,55715.51142565537
2112,55715.51142565537
2113,55715.51142565537
2114,55715.51142565537
2115,55715.51142565537
2116,55715.51142565537
2117,55715.51142565537
2118,55715.51142565537
2119,55715.51142565537
2120,55715.51142565537
2121,55715.51142565537
2122,55715.51142565537
2123,55715.51142565537
2124,55715.51142565537
2125,55715.51142565537
2126,55715.51142565537
2127,55715.51142565537
2128,55715.51142565537
2129,55715.51142565537
2130,55715.51142565537
2131,55715.51142565537
2132,55715.51142565537
2133,55715.51142565537
2134,55715.51142565537
2135,55715.51142565537
2136,55715.51142565537
2137,55715.51142565537
2138,55715.51142565537
2139,55715.51142565537
2140,55715.51142565537
2141,55715.51142565537
2142,55715.51142565537
2143,55715.51142565537
2144,55715.51142565537
2145,55715.51142565537
2146,55715.51142565537
2147,55715.51142565537
2148,55715.51142565537
2149,55715.51142565537
2150,55715.51142565537
2151,55715.51142565537
2152,55715.51142565537
2153,55715.51142565537
2154,55715.51142565537
2155,55715.51142565537
2156,55715.51142565537
2157,55715.51142565537
2158,55715.51142565537
2159,55715.51142565537
2160,55715.51142565537
2161,55715.51142565537
2162,55715.51142565537
2163,55715.51142565537
2164,55715.51142565537
2165,55715.51142565537
2166,55715.51142565537
2167,55715.51142565537
2168,55715.51142565537
2169,55715.51142565537
2170,55715.51142565537
2171,55715.51142565537
2172,55715.51142565537
2173,55715.51142565537
2174,55715.51142565537
2175,55715.51142565537
2176,55715.51142565537
2177,55715.51142565537
2178,55715.51142565537
2179,55715.51142565537
2180,55715.51142565537
2181,55715.51142565537
2182,55715.51142565537
2183,55715.51142565537
2184,55715.51142565537
2185,55715.51142565537
2186,55715.51142565537
2187,55715.51142565537
2188,55715.51142565537
2189,55715.51142565537
2190,55715.51142565537
2191,55715.51142565537
2192,55715.51142565537
2193,55715.51142565537
2194,55715.51142565537
2195,55715.51142565537
2196,55715.51142565537
2197,55715.51142565537
2198,55715.51142565537
2199,55715.51142565537
2200,55715.51142565537
2201,55715.51142565537
2202,55715.51142565537
2203,55715.51142565537
2204,55715.51142565537
2205,55715.51142565537
2206,55715.51142565537
2207,55715.51142565537
2208,55715.51142565537
2209,55715.51142565537
2210,55715.51142565537
2211,55715.51142565537
2212,55715.51142565537
2213,55715.51142565537
2214,55715.51142565537
2215,55715.51142565537
2216,55715.51142565537
2217,55715.51142565537
2218,55715.51142565537
2219,55715.51142565537
2220,55715.51142565537
2221,55715.51142565537
2222,55715.51142565537
2223,55715.51142565537
2224,55715.51142565537
2225,55715.51142565537
2226,55715.51142565537
2227,55715.51142565537
2228,55715.51142565537
2229,55715.51142565537
2230,55715.51142565537
2231,55715.51142565537
2232,55715.51142565537
2233,55715.51142565537
2234,55715.51142565537
2235,55715.51142565537
2236,55715.51142565537
2237,55715.51142565537
2238,55715.51142565537
2239,55715.51142565537
2240,55715.51142565537
2241,55715.51142565537
2242,55715.51142565537
2243,55715.51142565537
2244,55715.51142565537
2245,55715.51142565537
2246,55715.51142565537
2247,55715.51142565537
2248,55715.51142565537
2249,55715.51142565537
2250,55715.51142565537
2251,55715.51142565537
2252,55715.51142565537
2253,55715.51142565537
2254,55715.51142565537
2255,55715.51142565537
2256,55715.51142565537
2257,55715.51142565537
2258,55715.51142565537
2259,55715.51142565537
2260,55715.51142565537
2261,55715.51142565537
2262,55715.51142565537
2263,55715.51142565537
2264,55715.51142565537
2265,55715.51142565537
2266,55715.51142565537
2267,55715.51142565537
2268,55715.51142565537
2269,55715.51142565537
2270,55715.51142565537
2271,55715.51142565537
2272,55715.51142565537
2273,55715.51142565537
2274,55715.51142565537
2275,55715.51142565537
2276,53400.22461625321
2277,53400.22461625321
2278,53400.22461625321
2279,53400.22461625321
2280,53400.22461625321
2281,53400.22461625321
2282,53400.22461625321
2283,53400.22461625321
2284,53400.22461625321
2285,53400.22461625321
2286,53400.22461625321
2287,53400.22461625321
2288,53400.22461625321
2289,53400.22461625321
2290,53400.22461625321
2291,53400.22461625321
2292,53400.22461625321
2293,53400.22461625321
2294,53400.22461625321
2295,53370.43971980187
2296,53370.43971980187
2297,53370.43971980187
2298,53370.43971980187
2299,53370.43971980187
2300,53370.43971980187
2301,53370.43971980187
2302,53370.43971980187
2303,53370.43971980187
2304,53370.43971980187
2305,53370.43971980187
2306,53370.43971980187
2307,53370.43971980187
2308,53370.43971980187
2309,53370.43971980187
2310,53370.43971980187
2311,53370.43971980187
2312,53370.43971980187
2313,53370.43971980187
2314,53370.43971980187
2315,53370.43971980187
2316,53370.43971980187
2317,53370.43971980187
2318,53370.43971980187
2319,53370.43971980187
2320,53370.43971980187
2321,53370.43971980187
2322,53370.43971980187
2323,53370.43971980187
2324,53370.43971980187
2325,53370.43971980187
2326,53370.43971980187
2327,53370.43971980187
2328,53370.43971980187
2329,53370.43971980187
2330,53370.43971980187
2331,53370.43971980187
2332,53370.43971980187
2333,53370.43971980187
2334,53370.43971980187
2335,53370.43971980187
2336,53370.43971980187
2337,53370.43971980187
2338,53370.43971980187
2339,53370.43971980187
2340,53370.43971980187
2341,53370.43971980187
2342,53370.43971980186
2343,53370.43971980186
2344,53370.43971980186
2345,53370.43971980186
2346,53370.43971980186
2347,53370.43971980186
2348,53370.43971980186
2349,53370.43971980186
2350,53370.43971980186
2351,53370.43971980186
2352,53370.43971980186
2353,53370.43971980186
2354,53370.43971980186
2355,53370.43971980186
2356,53370.43971980186
2357,53370.43971980186
2358,53370.43971980186
2359,53370.43971980186
2360,53370.43971980186
2361,53370.43971980186
2362,53370.43971980186
2363,53370.43971980186
2364,53370.43971980186
2365,53370.43971980186
2366,53370.43971980186
2367,53370.43971980186
2368,53370.43971980186
2369,53370.43971980186
2370,53370.439719801856
2371,53370.439719801856
2372,53370.439719801856
2373,53370.439719801856
2374,53370.439719801856
2375,53370.439719801856
2376,53370.439719801856
2377,53370.439719801856
2378,53370.439719801856
2379,53370.439719801856
2380,53370.439719801856
2381,52892.879690747424
2382,52892.879690747424
2383,52892.879690747424
2384,52892.879690747424
2385,52892.879690747424
2386,52892.879690747424
2387,52892.879690747424
2388,52892.879690747424
2389,52892.879690747424
2390,52892.879690747424
2391,52892.879690747424
2392,52892.879690747424
2393,52892.879690747424
2394,52892.879690747424
2395,52892.879690747424
2396,52892.879690747424
2397,52892.879690747424
2398,52892.879690747424
2399,52892.879690747424
2400,52892.879690747424
2401,52892.879690747424
2402,52892.879690747424
2403,52892.879690747424
2404,52892.879690747424
2405,52892.879690747424
2406,52892.879690747424
2407,52892.879690747424
2408,52892.879690747424
2409,52892.879690747424
2410,52892.879690747424
2411,52892.879690747424
2412,52892.87969074741
2413,52892.87969074741
2414,52892.87969074741
2415,52892.87969074741
2416,52892.87969074741
2417,52892.87969074741
2418,52892.87969074741
2419,52892.87969074741
2420,52892.87969074741
2421,52892.87969074741
2422,52892.87969074741
2423,52892.87969074741
2424,52892.87969074741
2425,52892.87969074741
2426,52892.87969074741
2427,52892.87969074741
2428,52892.87969074741
2429,52892.87969074741
2430,52892.87969074741
2431,52892.87969074741
2432,52892.87969074741
2433,52892.87969074741
2434,52892.87969074741
2435,52892.87969074741
2436,52892.87969074741
2437,52892.87969074741
2438,52892.87969074741
2439,52892.87969074741
2440,52892.87969074741
2441,52892.87969074741
2442,52892.87969074741
2443,52892.87969074741
2444,52892.87969074741
2445,52892.87969074741
2446,52892.87969074741
2447,52892.87969074741
2448,52892.87969074741
2449,52892.87969074741
2450,52892.87969074741
2451,52892.87969074741
2452,52892.87969074741
2453,52892.87969074741
2454,52892.87969074741
2455,52892.87969074741
2456,52892.87969074741
2457,52892.87969074741
2458,52892.87969074741
2459,52892.87969074741
2460,52892.87969074741
2461,52892.87969074741
2462,52892.87969074741
2463,52892.87969074741
2464,52892.87969074741
2465,52892.87969074741
2466,52892.87969074741
2467,52892.87969074741
2468,52892.87969074741
2469,52892.87969074741
2470,52892.87969074741
2471,52892.87969074741
2472,52892.87969074741
2473,52892.87969074741
2474,52892.87969074741
2475,52892.87969074741
2476,52892.87969074741
2477,52892.87969074741
2478,52892.87969074741
2479,52892.87969074741
2480,52892.87969074741
2481,52892.87969074741
2482,52892.87969074738
2483,52892.87969074738
2484,52892.87969074738
2485,52892.87969074738
2486,52892.87969074738
2487,52892.87969074738
2488,52892.87969074738
2489,52892.87969074738
2490,52892.87969074738
2491,52892.87969074738
2492,52892.87969074738
2493,52892.87969074738
2494,52892.87969074738
2495,52892.87969074738
2496,52892.87969074738
2497,52892.87969074738
2498,52892.87969074738
2499,52892.87969074738
