iteracion,valor_coste
0,929064.3599155835
1,929064.3599155835
2,929064.3599155835
3,914695.6696204126
4,881124.3419468193
5,881124.3419468193
6,881124.3419468193
7,881124.3419468193
8,881124.3419468193
9,743078.637618066
10,743078.637618066
11,743078.637618066
12,743078.637618066
13,743078.637618066
14,743078.637618066
15,743078.637618066
16,743078.637618066
17,743078.637618066
18,743078.637618066
19,743078.6376180657
20,743078.6376180657
21,743078.6376180657
22,743078.6376180657
23,743078.6376180657
24,743078.6376180657
25,743078.6376180657
26,743078.6376180657
27,743078.6376180657
28,743078.6376180657
29,743078.6376180657
30,720691.6269851624
31,720691.6269851624
32,720691.6269851624
33,720691.6269851624
34,720691.6269851624
35,720691.6269851624
36,720691.6269851624
37,720691.6269851624
38,720691.6269851624
39,720691.6269851624
40,717435.6013270247
41,717435.6013270247
42,717435.6013270247
43,717435.6013270247
44,717435.6013270247
45,717435.6013270247
46,717435.6013270247
47,625110.1643534817
48,625110.1643534817
49,625110.1643534817
50,625110.1643534817
51,625110.1643534817
52,620628.0163448509
53,620628.0163448509
54,620628.0163448509
55,620628.0163448509
56,620628.0163448509
57,620628.0163448509
58,620628.0163448509
59,620628.0163448509
60,620628.0163448509
61,551203.0044414729
62,551203.0044414729
63,551203.0044414729
64,551203.0044414729
65,551203.0044414729
66,551203.0044414729
67,551203.0044414729
68,551203.0044414729
69,551203.0044414729
70,551203.0044414729
71,551203.0044414729
72,551203.0044414729
73,551203.0044414729
74,551203.0044414729
75,551203.0044414729
76,551203.0044414729
77,551203.0044414729
78,551203.0044414729
79,551203.0044414729
80,529989.8727206449
81,529989.8727206449
82,529989.8727206449
83,529989.8727206449
84,529989.8727206449
85,529989.8727206449
86,529989.8727206449
87,529989.8727206449
88,364027.18391672685
89,364027.18391672685
90,364027.18391672685
91,364027.18391672673
92,364027.18391672673
93,364027.18391672673
94,364027.18391672673
95,364027.18391672673
96,364027.18391672673
97,364027.18391672673
98,364027.18391672673
99,364027.18391672673
100,364027.18391672673
101,364027.18391672673
102,364027.18391672673
103,364027.18391672673
104,340754.5701061313
105,340754.5701061313
106,340754.5701061313
107,340754.5701061313
108,340754.5701061313
109,340754.5701061313
110,340754.5701061313
111,340754.5701061312
112,340754.5701061312
113,340754.5701061312
114,323844.5157159025
115,323844.5157159025
116,323844.5157159025
117,323844.5157159025
118,323844.5157159025
119,323844.5157159025
120,323844.5157159025
121,323844.5157159025
122,323844.5157159025
123,323844.5157159025
124,323844.5157159025
125,323844.51571590244
126,323844.51571590244
127,323844.51571590244
128,323844.51571590244
129,323844.51571590244
130,323844.51571590244
131,323844.51571590244
132,323844.51571590244
133,323844.51571590244
134,323844.51571590244
135,323844.51571590244
136,323844.51571590244
137,323844.51571590244
138,323844.51571590244
139,323844.51571590244
140,323844.51571590244
141,323844.51571590244
142,323844.51571590244
143,299331.8767820668
144,299331.8767820668
145,299331.8767820668
146,299331.8767820668
147,299331.8767820668
148,299331.8767820668
149,299331.8767820666
150,299331.8767820666
151,299331.8767820666
152,299331.8767820666
153,299331.8767820666
154,299331.8767820666
155,299331.8767820666
156,299331.8767820666
157,299331.8767820666
158,299331.8767820666
159,299331.8767820666
160,299331.8767820666
161,299331.8767820666
162,299331.8767820666
163,299331.8767820666
164,299331.8767820666
165,299331.8767820666
166,299331.8767820666
167,299331.8767820666
168,299331.8767820666
169,299331.8767820666
170,299331.8767820666
171,299331.8767820666
172,299331.8767820666
173,299331.8767820666
174,299331.8767820666
175,299331.8767820666
176,299331.8767820666
177,299331.8767820666
178,299331.8767820666
179,299331.8767820666
180,299331.8767820666
181,299331.8767820666
182,299331.8767820666
183,299331.8767820666
184,299331.8767820666
185,299331.8767820666
186,299331.8767820666
187,299331.8767820666
188,299331.8767820666
189,299331.8767820666
190,299331.8767820666
191,299331.8767820666
192,299331.8767820666
193,299331.8767820666
194,299331.8767820666
195,299331.8767820666
196,299331.8767820666
197,299331.8767820666
198,299331.8767820666
199,299331.8767820666
200,299331.8767820666
201,299331.8767820666
202,299331.8767820666
203,299331.8767820666
204,299331.8767820666
205,299331.8767820666
206,299331.8767820666
207,299331.8767820666
208,271006.0985850146
209,271006.0985850146
210,271006.0985850146
211,271006.0985850146
212,271006.0985850146
213,270355.5078155275
214,270355.5078155275
215,270355.5078155275
216,270355.5078155275
217,270355.5078155275
218,270355.5078155275
219,270355.5078155275
220,270355.5078155275
221,270355.5078155275
222,270355.5078155275
223,270355.5078155275
224,270355.5078155275
225,270355.5078155275
226,270355.5078155275
227,270355.5078155275
228,270355.5078155275
229,270355.5078155275
230,270355.5078155275
231,270355.5078155275
232,270355.5078155275
233,270355.5078155275
234,270355.5078155275
235,270355.5078155275
236,270355.5078155275
237,270355.5078155275
238,270355.5078155275
239,270355.5078155275
240,270355.5078155275
241,270355.5078155275
242,270355.5078155275
243,270355.5078155275
244,270355.5078155275
245,270355.5078155275
246,270355.5078155275
247,270355.5078155275
248,270355.5078155275
249,270355.5078155275
250,270355.5078155275
251,270355.5078155275
252,270355.5078155275
253,270355.5078155275
254,270355.5078155275
255,270355.5078155275
256,270355.5078155275
257,270355.5078155275
258,270355.5078155275
259,270355.5078155275
260,270355.5078155275
261,270355.5078155275
262,270355.5078155275
263,270355.5078155275
264,270355.5078155275
265,270355.5078155275
266,270355.5078155275
267,270355.5078155275
268,270355.5078155275
269,270355.5078155275
270,270355.5078155275
271,270355.5078155275
272,270355.5078155275
273,270355.5078155275
274,270355.5078155275
275,270355.5078155275
276,270355.5078155275
277,270355.5078155275
278,270355.5078155275
279,270355.5078155275
280,270355.5078155275
281,270355.5078155275
282,270355.5078155275
283,270355.5078155275
284,270355.5078155275
285,270355.5078155275
286,270355.5078155275
287,270355.5078155275
288,270355.5078155275
289,270355.5078155275
290,270355.5078155275
291,270355.5078155275
292,270355.5078155274
293,270355.5078155274
294,270355.5078155274
295,270355.5078155274
296,270355.5078155274
297,270355.5078155274
298,270355.5078155274
299,270355.5078155274
300,270355.5078155274
301,270355.5078155274
302,270355.5078155274
303,270355.5078155274
304,270355.5078155274
305,270355.5078155274
306,270355.5078155274
307,270355.5078155274
308,250915.68341276518
309,250915.68341276518
310,250915.68341276518
311,250915.68341276518
312,250915.68341276518
313,250915.68341276518
314,250915.68341276518
315,250915.68341276518
316,250915.68341276518
317,250915.6834127651
318,250915.683412765
319,250915.683412765
320,250915.683412765
321,250915.683412765
322,250915.683412765
323,250915.683412765
324,250915.683412765
325,250915.683412765
326,250915.683412765
327,250915.683412765
328,250915.683412765
329,250915.683412765
330,250915.683412765
331,250915.683412765
332,250915.683412765
333,250915.683412765
334,250915.683412765
335,250915.683412765
336,250915.68341276495
337,250915.68341276495
338,250915.68341276495
339,250915.68341276495
340,250915.68341276495
341,250915.68341276495
342,250915.68341276495
343,250915.68341276495
344,250915.68341276495
345,250915.68341276495
346,250915.68341276495
347,250915.68341276495
348,250915.68341276495
349,250915.68341276495
350,250915.68341276495
351,250915.68341276495
352,250915.68341276495
353,250915.68341276495
354,245961.27444200878
355,245961.27444200878
356,245961.27444200878
357,245961.27444200878
358,245961.27444200878
359,245961.27444200878
360,245961.27444200878
361,245961.27444200878
362,245961.27444200878
363,245961.27444200878
364,245961.27444200878
365,245961.27444200878
366,245961.27444200878
367,245961.27444200878
368,245961.27444200878
369,245961.27444200878
370,245961.27444200878
371,245961.27444200878
372,245961.27444200878
373,245961.27444200878
374,245961.27444200878
375,245961.27444200878
376,245961.27444200878
377,245961.27444200878
378,245961.27444200878
379,245961.27444200878
380,245961.27444200875
381,245961.27444200875
382,245961.27444200875
383,245961.27444200875
384,245961.27444200875
385,245961.27444200875
386,245961.27444200875
387,245961.27444200875
388,245961.27444200875
389,245961.27444200875
390,245961.27444200875
391,245961.27444200875
392,245961.27444200875
393,245961.27444200875
394,245961.27444200875
395,245961.27444200875
396,245961.27444200875
397,245961.27444200875
398,245961.27444200875
399,245961.27444200875
400,245961.27444200875
401,245961.27444200875
402,245961.27444200875
403,245961.27444200875
404,245961.27444200875
405,245961.27444200875
406,245961.27444200875
407,245961.27444200875
408,245961.27444200875
409,245961.27444200875
410,245961.27444200875
411,245961.27444200875
412,245961.27444200875
413,245961.27444200875
414,245961.27444200875
415,245961.27444200875
416,245961.27444200875
417,245961.27444200875
418,245961.27444200875
419,245961.27444200875
420,245961.27444200875
421,245961.27444200875
422,245961.27444200875
423,245961.27444200875
424,245961.27444200875
425,245961.27444200875
426,245961.27444200875
427,245961.27444200875
428,245961.27444200875
429,245961.27444200875
430,245961.27444200875
431,245961.27444200875
432,245961.27444200875
433,245961.27444200875
434,245961.27444200875
435,245961.27444200875
436,245961.27444200875
437,245961.27444200875
438,245961.27444200875
439,245961.27444200875
440,245961.27444200875
441,245961.27444200875
442,245958.9714082319
443,245958.9714082318
444,245958.9714082318
445,245958.9714082318
446,245958.9714082318
447,245958.9714082318
448,245958.9714082318
449,245958.9714082318
450,245958.9714082318
451,245958.9714082318
452,245958.9714082318
453,245958.9714082318
454,245958.9714082318
455,245958.9714082318
456,245958.9714082318
457,245958.9714082318
458,245958.9714082318
459,245958.9714082318
460,239916.60147587224
461,239916.60147587224
462,239916.60147587224
463,239916.60147587224
464,239916.60147587224
465,239916.60147587224
466,239916.60147587224
467,239916.60147587224
468,239916.60147587224
469,239916.60147587224
470,239916.60147587224
471,239916.60147587224
472,239916.60147587224
473,239916.60147587224
474,239916.60147587224
475,239916.60147587224
476,239916.60147587224
477,239916.60147587224
478,239916.60147587224
479,239916.60147587224
480,239916.60147587224
481,239916.60147587224
482,239916.60147587224
483,239916.60147587224
484,239916.60147587224
485,239916.60147587222
486,239916.60147587222
487,239916.60147587222
488,239916.60147587222
489,239916.60147587222
490,239916.60147587222
491,239916.60147587222
492,239916.60147587222
493,239916.60147587222
494,239916.60147587222
495,239916.60147587222
496,239916.60147587222
497,239916.60147587222
498,239916.60147587222
499,239916.60147587222
500,239916.60147587222
501,239916.60147587222
502,239916.60147587222
503,239916.60147587222
504,239916.60147587222
505,239916.60147587222
506,239916.60147587222
507,239916.60147587222
508,239916.60147587222
509,239916.60147587222
510,239916.60147587222
511,239916.60147587222
512,239916.60147587222
513,239916.60147587222
514,239916.60147587222
515,239916.60147587222
516,239916.60147587222
517,239916.60147587222
518,239249.82292261164
519,239249.82292261164
520,239249.82292261164
521,239249.82292261164
522,239249.82292261164
523,239249.82292261164
524,239249.82292261164
525,239249.82292261164
526,239249.82292261164
527,239249.82292261164
528,239249.82292261164
529,239249.82292261164
530,239249.82292261164
531,239249.82292261164
532,239249.82292261164
533,239249.82292261164
534,239249.82292261164
535,239249.82292261164
536,239249.82292261164
537,239249.82292261164
538,239249.82292261164
539,239249.82292261164
540,239249.82292261164
541,239249.82292261164
542,239249.8229226114
543,239249.8229226114
544,239249.8229226114
545,239249.8229226114
546,239249.8229226114
547,239249.8229226114
548,239249.8229226114
549,239249.8229226114
550,239249.8229226114
551,239249.8229226114
552,239249.8229226114
553,239249.8229226114
554,239249.8229226114
555,239249.8229226114
556,239249.8229226114
557,239249.8229226114
558,239249.8229226114
559,239249.8229226114
560,239249.8229226114
561,239249.8229226114
562,239249.8229226114
563,239249.8229226114
564,239249.8229226114
565,239249.8229226114
566,239249.8229226114
567,239249.8229226114
568,239249.8229226114
569,239249.8229226114
570,239249.8229226114
571,239249.8229226114
572,239249.8229226114
573,239249.8229226114
574,239249.8229226114
575,239249.8229226114
576,239249.8229226114
577,239249.8229226114
578,239249.8229226114
579,239249.8229226114
580,239249.8229226114
581,239249.8229226114
582,239249.8229226114
583,237354.6458313195
584,237354.6458313195
585,237354.6458313195
586,237354.6458313195
587,237354.6458313195
588,237354.6458313195
589,237354.6458313195
590,237354.6458313195
591,237354.6458313195
592,237354.6458313195
593,237354.6458313195
594,237354.64583131945
595,237354.64583131945
596,237354.64583131945
597,237354.64583131945
598,237354.64583131945
599,237354.64583131945
600,237354.64583131945
601,237354.64583131945
602,237354.64583131945
603,237354.64583131945
604,237354.64583131945
605,237354.64583131945
606,223595.63420233625
607,223595.6342023361
608,223595.6342023361
609,223595.6342023361
610,223595.6342023361
611,223595.6342023361
612,223595.6342023361
613,223595.6342023361
614,223595.6342023361
615,223595.6342023361
616,223595.6342023361
617,223595.6342023361
618,223595.6342023361
619,223595.6342023361
620,223595.6342023361
621,223595.6342023361
622,223595.6342023361
623,223595.6342023361
624,223595.6342023361
625,223595.6342023361
626,223595.6342023361
627,223595.6342023361
628,223595.6342023361
629,223595.63420233605
630,223595.63420233605
631,223595.63420233605
632,223595.63420233605
633,223595.63420233605
634,223595.63420233605
635,223595.63420233605
636,223595.63420233605
637,223595.63420233605
638,223595.63420233605
639,223595.63420233605
640,223595.63420233605
641,223595.63420233605
642,223595.63420233605
643,223595.63420233605
644,223595.63420233605
645,223595.63420233605
646,223595.63420233605
647,223595.63420233605
648,223595.63420233605
649,223595.63420233605
650,223595.63420233605
651,223595.63420233605
652,223595.63420233605
653,223595.63420233605
654,223595.63420233605
655,223595.63420233605
656,223595.63420233605
657,223595.63420233605
658,223595.63420233605
659,223595.63420233605
660,212797.4305408634
661,212797.4305408634
662,212797.4305408634
663,212797.4305408634
664,212797.4305408634
665,212797.4305408634
666,212797.4305408634
667,212797.4305408634
668,212797.4305408634
669,212797.4305408634
670,212797.4305408634
671,212797.4305408634
672,212797.4305408634
673,212797.4305408634
674,212797.4305408634
675,212797.4305408634
676,212797.4305408634
677,212797.4305408634
678,212797.4305408634
679,212797.4305408634
680,212797.4305408634
681,210083.90073772433
682,210083.90073772433
683,210083.90073772433
684,210083.90073772433
685,210083.90073772433
686,210083.90073772433
687,210083.90073772433
688,210083.90073772433
689,210083.90073772433
690,210083.90073772433
691,210083.90073772433
692,210083.90073772433
693,210083.90073772433
694,210083.90073772433
695,210083.90073772433
696,210083.90073772433
697,210083.90073772433
698,210083.90073772433
699,210083.90073772433
700,210083.90073772433
701,210083.90073772433
702,210083.90073772433
703,210083.90073772433
704,210083.90073772433
705,210083.90073772433
706,210083.90073772433
707,210083.90073772433
708,210083.90073772433
709,210083.90073772433
710,210083.90073772433
711,207891.49966056095
712,207891.49966056095
713,207891.49966056095
714,200094.40713754593
715,200094.40713754593
716,200094.40713754593
717,200094.40713754593
718,200094.40713754593
719,200094.40713754593
720,200094.40713754593
721,200094.40713754593
722,200094.40713754593
723,200094.40713754593
724,200094.40713754593
725,200094.40713754593
726,200094.40713754593
727,200094.40713754593
728,200094.40713754593
729,200094.40713754582
730,200094.40713754582
731,200094.4071375458
732,200094.4071375458
733,200094.4071375458
734,197421.0904196472
735,197421.0904196472
736,197421.09041964708
737,197421.09041964708
738,197421.09041964708
739,197421.09041964696
740,197421.09041964696
741,197421.09041964696
742,197421.09041964696
743,197421.09041964696
744,197421.09041964696
745,197421.09041964696
746,197421.09041964696
747,197421.09041964696
748,197421.09041964696
749,197421.09041964696
750,197421.09041964696
751,197421.09041964696
752,197421.09041964696
753,197421.09041964696
754,197421.09041964696
755,197421.09041964696
756,197421.09041964696
757,197421.09041964696
758,197421.09041964696
759,197421.09041964696
760,197421.09041964696
761,197421.09041964696
762,197421.09041964696
763,197421.09041964696
764,197421.09041964696
765,197421.09041964696
766,197421.09041964696
767,197421.09041964696
768,197421.09041964696
769,197421.09041964696
770,197421.09041964696
771,197421.09041964696
772,197421.09041964696
773,197421.09041964696
774,197421.09041964696
775,197421.09041964696
776,197421.09041964696
777,197421.09041964696
778,197421.09041964696
779,197421.09041964696
780,197421.09041964696
781,197421.09041964696
782,197421.09041964696
783,197421.09041964696
784,197421.09041964696
785,197421.09041964696
786,197421.09041964696
787,197421.09041964696
788,197421.09041964696
789,197421.09041964696
790,197421.09041964696
791,186174.3626381256
792,186174.3626381256
793,186174.3626381256
794,186174.3626381256
795,186174.3626381256
796,186096.6087466707
797,186096.6087466707
798,186096.6087466707
799,186096.6087466707
800,186096.6087466707
801,186096.6087466707
802,186096.6087466707
803,186096.6087466707
804,185017.73084740897
805,185017.73084740897
806,185017.73084740897
807,185017.73084740897
808,185017.73084740897
809,185017.73084740897
810,185017.73084740897
811,185017.73084740897
812,165901.16413026405
813,165901.16413026405
814,165901.16413026405
815,165901.16413026405
816,165901.16413026405
817,165901.16413026405
818,165901.16413026405
819,165901.16413026405
820,165901.16413026405
821,165901.16413026405
822,165901.16413026405
823,165901.16413026405
824,165901.16413026405
825,165901.16413026402
826,165901.16413026402
827,165901.16413026402
828,165901.16413026402
829,165901.16413026402
830,165901.16413026402
831,165901.16413026402
832,165901.16413026402
833,165901.16413026402
834,165901.16413026402
835,165901.16413026402
836,165901.16413026402
837,165901.16413026402
838,165901.16413026402
839,165901.16413026402
840,165901.16413026402
841,160329.74977374804
842,160329.74977374804
843,160329.74977374804
844,160329.74977374804
845,160329.74977374804
846,160329.74977374804
847,160329.74977374804
848,160329.74977374804
849,160329.74977374804
850,160329.74977374804
851,160329.74977374804
852,160329.74977374804
853,160329.7497737479
854,160329.7497737479
855,160329.7497737479
856,160329.7497737479
857,160329.7497737479
858,160329.7497737479
859,160329.7497737479
860,160329.7497737479
861,160329.7497737479
862,160329.7497737479
863,160329.7497737479
864,160329.7497737479
865,160329.7497737479
866,160329.7497737479
867,160329.7497737479
868,160329.7497737479
869,160329.7497737479
870,160329.7497737479
871,159156.12188554028
872,159156.12188554028
873,159156.12188554028
874,159156.12188554028
875,159156.12188554028
876,159156.12188554028
877,159156.12188554028
878,159156.12188554028
879,159156.12188554028
880,159156.12188554028
881,159156.12188554028
882,159156.12188554028
883,159156.12188554028
884,159156.12188554028
885,159156.12188554028
886,159156.12188554028
887,159156.12188554025
888,159156.12188554025
889,159156.12188554025
890,159156.12188554025
891,159156.12188554025
892,159156.12188554025
893,159156.12188554025
894,159156.12188554025
895,159156.12188554025
896,159156.12188554025
897,159156.12188554025
898,159156.12188554025
899,159156.12188554025
900,159156.12188554025
901,159156.12188554025
902,159156.12188554025
903,159156.12188554025
904,159156.12188554025
905,159156.12188554025
906,159156.12188554025
907,159156.12188554025
908,159156.12188554025
909,159156.12188554025
910,159156.12188554025
911,159156.12188554025
912,159156.12188554025
913,159156.12188554025
914,159156.12188554025
915,159156.12188554017
916,159156.12188554017
917,159156.12188554017
918,159156.12188554017
919,159156.12188554017
920,155841.17290960066
921,155841.17290960066
922,155841.17290960063
923,155841.17290960054
924,155841.17290960054
925,155841.17290960054
926,155841.17290960054
927,155841.17290960054
928,155841.17290960054
929,155841.17290960054
930,155841.17290960054
931,155841.17290960054
932,155841.17290960054
933,155841.17290960054
934,155841.17290960054
935,155841.17290960054
936,155841.17290960054
937,155841.17290960054
938,155841.17290960054
939,155841.17290960054
940,155841.17290960054
941,154326.5893596205
942,154326.5893596205
943,154326.5893596205
944,154326.5893596205
945,154326.5893596205
946,154326.5893596205
947,149454.44698712742
948,149454.44698712742
949,149454.44698712742
950,149454.44698712742
951,149454.44698712742
952,149454.44698712742
953,149454.44698712742
954,149454.44698712742
955,149454.44698712742
956,149454.4469871274
957,149454.4469871274
958,149454.4469871274
959,149454.4469871274
960,149454.4469871274
961,149454.4469871274
962,149454.4469871274
963,149454.4469871274
964,149454.4469871274
965,149454.4469871274
966,149454.4469871274
967,149454.4469871274
968,149454.4469871274
969,149454.4469871274
970,149454.4469871274
971,149454.4469871274
972,149454.4469871274
973,149454.4469871274
974,149454.4469871274
975,149454.4469871274
976,149454.4469871274
977,149454.4469871274
978,149454.4469871274
979,149454.4469871274
980,149454.4469871274
981,149454.4469871274
982,149454.4469871274
983,149454.4469871274
984,149454.4469871274
985,149454.4469871274
986,149454.4469871274
987,149454.4469871274
988,149454.4469871274
989,149454.4469871274
990,149454.4469871274
991,149454.4469871274
992,149454.4469871274
993,149071.13879047005
994,149071.13879047005
995,149071.13879047005
996,149071.13879047005
997,149071.13879047005
998,149071.13879047005
999,149071.13879047005
1000,149071.13879047005
1001,149071.13879047005
1002,149071.13879047005
1003,149071.13879047005
1004,149071.13879047005
1005,149071.13879047005
1006,149071.13879047005
1007,149071.13879047005
1008,149071.13879047005
1009,149071.13879047005
1010,149071.13879047005
1011,149071.13879046985
1012,149071.13879046985
1013,149071.13879046985
1014,149071.13879046985
1015,149071.13879046985
1016,149071.13879046985
1017,149071.13879046985
1018,149071.13879046985
1019,149071.13879046985
1020,149071.13879046985
1021,149071.13879046985
1022,149071.13879046985
1023,149071.13879046985
1024,145565.80054923837
1025,145565.80054923837
1026,145565.80054923837
1027,145565.80054923837
1028,145565.80054923816
1029,145565.80054923816
1030,145565.80054923816
1031,145565.80054923816
1032,145565.80054923816
1033,145565.80054923816
1034,145565.80054923816
1035,145565.80054923816
1036,145565.80054923816
1037,145565.80054923816
1038,145565.80054923816
1039,145565.80054923816
1040,145565.80054923816
1041,145565.80054923816
1042,145565.80054923816
1043,145565.80054923816
1044,145565.80054923816
1045,145565.80054923816
1046,145565.80054923816
1047,145565.80054923816
1048,145565.80054923816
1049,145565.80054923816
1050,145565.80054923816
1051,145565.80054923816
1052,145565.80054923816
1053,145565.80054923816
1054,145565.80054923816
1055,145565.80054923816
1056,145565.80054923816
1057,132840.210157503
1058,132840.210157503
1059,132840.210157503
1060,132840.210157503
1061,132840.210157503
1062,132840.210157503
1063,132442.09076875952
1064,132442.09076875952
1065,132442.09076875952
1066,132442.09076875952
1067,132442.09076875952
1068,132442.09076875952
1069,132442.09076875952
1070,132442.09076875952
1071,132442.09076875952
1072,132442.09076875952
1073,132442.09076875952
1074,132442.09076875952
1075,132442.09076875952
1076,132442.09076875952
1077,132442.09076875952
1078,132442.09076875952
1079,132442.09076875952
1080,132442.09076875952
1081,132442.09076875952
1082,132442.09076875952
1083,132442.09076875952
1084,132442.09076875952
1085,132442.09076875952
1086,132442.09076875952
1087,132442.09076875952
1088,132442.09076875952
1089,132442.09076875952
1090,132442.09076875952
1091,132442.09076875952
1092,132442.09076875952
1093,132442.09076875937
1094,132442.09076875937
1095,132442.09076875937
1096,132442.09076875937
1097,132442.09076875937
1098,132442.09076875934
1099,132442.09076875934
1100,132442.09076875934
1101,132442.09076875934
1102,132442.09076875934
1103,132442.09076875934
1104,132442.09076875934
1105,132442.09076875934
1106,132442.09076875934
1107,132442.09076875934
1108,132442.09076875934
1109,132442.09076875934
1110,132442.09076875934
1111,132442.09076875934
1112,132442.09076875934
1113,132442.09076875934
1114,132442.09076875934
1115,132442.09076875934
1116,132442.09076875934
1117,132442.09076875934
1118,132442.09076875934
1119,132442.09076875934
1120,132442.09076875934
1121,132442.09076875934
1122,132442.09076875934
1123,132442.09076875934
1124,132442.09076875934
1125,132442.09076875934
1126,132442.09076875934
1127,132442.09076875934
1128,132442.09076875934
1129,132442.09076875934
1130,132442.09076875934
1131,132442.09076875934
1132,132442.09076875934
1133,132442.09076875934
1134,132442.09076875934
1135,132442.09076875934
1136,132442.09076875934
1137,132442.09076875934
1138,132442.09076875934
1139,132442.09076875934
1140,132442.09076875934
1141,132442.09076875934
1142,132442.09076875934
1143,132442.09076875934
1144,132442.09076875934
1145,132442.09076875934
1146,132442.09076875934
1147,132442.09076875934
1148,132442.09076875934
1149,132442.09076875934
1150,132442.09076875934
1151,132442.09076875934
1152,132442.09076875934
1153,132442.09076875934
1154,132442.09076875934
1155,132442.09076875934
1156,132442.09076875934
1157,132442.09076875934
1158,132442.09076875934
1159,132442.09076875934
1160,132442.09076875934
1161,132442.09076875934
1162,132442.09076875934
1163,132442.09076875934
1164,132442.09076875934
1165,132442.09076875934
1166,132442.09076875934
1167,132442.09076875934
1168,132442.09076875934
1169,132442.09076875934
1170,132442.09076875934
1171,132442.09076875934
1172,132442.09076875934
1173,132442.09076875934
1174,132442.09076875934
1175,132442.09076875934
1176,132442.09076875934
1177,132442.09076875934
1178,132442.09076875934
1179,132442.09076875934
1180,132442.09076875934
1181,132442.09076875934
1182,132442.09076875934
1183,132442.09076875934
1184,132442.09076875926
1185,132442.09076875926
1186,132442.09076875926
1187,132442.09076875926
1188,132442.09076875926
1189,132442.09076875926
1190,132442.09076875926
1191,132442.09076875926
1192,132442.09076875926
1193,132442.09076875923
1194,132442.09076875923
1195,132442.09076875923
1196,132442.09076875923
1197,132442.09076875923
1198,132442.09076875923
1199,132442.09076875923
1200,132442.09076875923
1201,132442.09076875923
1202,132442.09076875923
1203,132442.09076875923
1204,132442.09076875923
1205,132442.09076875923
1206,132442.09076875923
1207,132442.09076875923
1208,132442.09076875923
1209,132442.09076875923
1210,132442.09076875923
1211,132442.09076875923
1212,132442.09076875923
1213,132442.09076875923
1214,132442.09076875923
1215,132442.09076875923
1216,132442.09076875923
1217,132442.09076875923
1218,132442.09076875923
1219,132442.09076875923
1220,132442.09076875923
1221,132442.09076875923
1222,132442.09076875923
1223,132442.09076875923
1224,132442.09076875923
1225,132442.09076875923
1226,132442.09076875923
1227,132442.09076875923
1228,132442.09076875923
1229,132442.09076875923
1230,132442.09076875923
1231,132442.09076875923
1232,132442.09076875923
1233,132442.09076875923
1234,132442.09076875923
1235,132442.09076875923
1236,132442.09076875923
1237,132442.09076875923
1238,132442.09076875923
1239,132442.09076875923
1240,132442.09076875923
1241,132442.09076875923
1242,132442.09076875923
1243,132442.09076875923
1244,132442.09076875923
1245,132442.09076875923
1246,132442.09076875923
1247,132442.09076875923
1248,132442.09076875923
1249,132442.09076875923
1250,132442.09076875923
1251,132442.09076875923
1252,132442.09076875923
1253,132442.09076875923
1254,132442.09076875923
1255,132442.09076875923
1256,132442.09076875923
1257,132442.09076875923
1258,132442.09076875923
1259,132442.09076875923
1260,132442.09076875923
1261,132442.09076875923
1262,132442.09076875923
1263,132442.09076875923
1264,132442.09076875923
1265,132442.09076875923
1266,132442.09076875923
1267,132442.09076875923
1268,132442.09076875923
1269,132442.09076875923
1270,132442.09076875923
1271,132442.09076875923
1272,132442.09076875923
1273,132442.09076875923
1274,132442.09076875923
1275,132442.09076875923
1276,132442.09076875923
1277,132442.09076875923
1278,132442.09076875923
1279,132442.09076875923
1280,132442.09076875923
1281,132442.09076875923
1282,132442.09076875923
1283,132442.09076875923
1284,132442.09076875923
1285,132442.09076875923
1286,132442.09076875923
1287,132442.09076875923
1288,132442.09076875923
1289,132442.09076875923
1290,132442.09076875923
1291,132442.09076875923
1292,132442.09076875923
1293,132442.09076875923
1294,132442.09076875923
1295,132442.09076875923
1296,132442.09076875923
1297,132442.09076875923
1298,132442.09076875923
1299,132442.09076875923
1300,132442.09076875923
1301,132442.09076875923
1302,132442.09076875923
1303,132442.09076875923
1304,132442.09076875923
1305,132442.09076875923
1306,132442.09076875923
1307,132442.09076875923
1308,132442.09076875923
1309,132442.09076875923
1310,132442.09076875923
1311,132442.09076875923
1312,132442.09076875923
1313,132442.09076875923
1314,130811.51590582114
1315,123938.3815931061
1316,123938.3815931061
1317,123938.3815931061
1318,123938.3815931061
1319,123938.3815931061
1320,123938.3815931061
1321,123938.3815931061
1322,123938.3815931061
1323,123938.3815931061
1324,123938.3815931061
1325,123938.3815931061
1326,123938.3815931061
1327,123938.3815931061
1328,123938.3815931061
1329,123938.3815931061
1330,123938.3815931061
1331,123938.3815931061
1332,123938.3815931061
1333,123938.3815931061
1334,123938.3815931061
1335,123938.3815931061
1336,123938.3815931061
1337,123938.3815931061
1338,123938.3815931061
1339,123938.3815931061
1340,123938.3815931061
1341,123938.3815931061
1342,123938.3815931061
1343,123938.3815931061
1344,123938.3815931061
1345,123938.3815931061
1346,123938.3815931061
1347,123938.3815931061
1348,123938.3815931061
1349,123938.3815931061
1350,123938.3815931061
1351,123938.3815931061
1352,120554.32373537557
1353,120554.32373537557
1354,120554.32373537557
1355,120554.32373537557
1356,120554.32373537557
1357,120554.32373537557
1358,120554.32373537557
1359,120554.32373537557
1360,120554.32373537557
1361,120554.32373537557
1362,120554.32373537557
1363,120554.32373537557
1364,120554.32373537557
1365,120554.32373537557
1366,120554.32373537557
1367,120554.32373537557
1368,120554.32373537557
1369,120554.32373537557
1370,120554.32373537557
1371,120554.32373537557
1372,120554.32373537557
1373,120554.32373537557
1374,120554.32373537557
1375,120554.32373537557
1376,120554.32373537557
1377,120554.32373537557
1378,120554.32373537557
1379,120554.32373537557
1380,120554.32373537557
1381,120554.32373537557
1382,120554.32373537557
1383,120554.32373537557
1384,120554.32373537557
1385,120554.32373537557
1386,120554.32373537557
1387,120554.32373537557
1388,120554.32373537557
1389,120554.32373537557
1390,120554.32373537557
1391,120554.32373537557
1392,120554.32373537557
1393,120554.32373537557
1394,120554.32373537557
1395,120554.32373537557
1396,120554.32373537557
1397,120554.32373537557
1398,120554.32373537557
1399,120554.32373537557
1400,120554.32373537557
1401,120554.32373537557
1402,120554.32373537557
1403,120554.32373537557
1404,120554.32373537557
1405,120554.32373537557
1406,120554.32373537557
1407,120554.32373537557
1408,120554.32373537557
1409,120554.32373537557
1410,120554.32373537557
1411,120554.32373537557
1412,120554.32373537557
1413,120554.32373537557
1414,120554.32373537557
1415,120554.32373537557
1416,120554.32373537557
1417,120554.32373537557
1418,120554.32373537557
1419,120554.32373537557
1420,120554.32373537557
1421,120554.32373537557
1422,120554.32373537557
1423,120554.32373537557
1424,120554.32373537557
1425,120554.32373537557
1426,120554.32373537557
1427,120554.32373537557
1428,120554.32373537557
1429,120554.32373537557
1430,120554.32373537557
1431,120554.32373537557
1432,120554.32373537557
1433,120554.32373537557
1434,120554.32373537557
1435,120554.32373537557
1436,120554.32373537557
1437,120554.32373537557
1438,120554.32373537557
1439,120554.32373537557
1440,120554.32373537557
1441,120554.32373537557
1442,120554.32373537557
1443,120554.32373537557
1444,120554.32373537557
1445,120554.32373537557
1446,120554.32373537557
1447,120554.32373537557
1448,120554.32373537557
1449,120554.32373537557
1450,120554.32373537557
1451,120554.32373537557
1452,120554.32373537557
1453,120554.32373537557
1454,120554.32373537557
1455,120554.32373537557
1456,120554.32373537557
1457,120554.32373537557
1458,120554.32373537557
1459,120554.32373537557
1460,120554.32373537557
1461,120554.32373537557
1462,120554.32373537557
1463,120554.32373537557
1464,120554.32373537557
1465,120554.32373537557
1466,120554.32373537557
1467,120554.32373537557
1468,120554.32373537557
1469,120554.32373537557
1470,120554.32373537557
1471,120554.32373537557
1472,120554.32373537557
1473,120554.32373537557
1474,120554.32373537557
1475,120554.32373537557
1476,120554.32373537557
1477,120554.32373537557
1478,120554.32373537557
1479,120554.32373537557
1480,120554.32373537557
1481,120554.32373537557
1482,120554.32373537557
1483,120554.32373537557
1484,120554.32373537557
1485,120554.32373537557
1486,120554.32373537557
1487,120554.32373537557
1488,120554.32373537557
1489,120554.32373537557
1490,120554.32373537557
1491,120554.32373537557
1492,120554.32373537557
1493,120554.32373537557
1494,120554.32373537557
1495,120554.32373537557
1496,120554.32373537557
1497,120554.32373537557
1498,120554.32373537557
1499,120554.32373537557
1500,120554.32373537557
1501,120554.32373537557
1502,120554.32373537557
1503,120554.32373537557
1504,120554.32373537557
1505,120554.32373537557
1506,120554.32373537557
1507,120554.32373537557
1508,120554.32373537557
1509,120554.32373537557
1510,120554.32373537557
1511,120554.32373537557
1512,120554.32373537557
1513,120554.32373537557
1514,120554.32373537557
1515,120554.32373537557
1516,120554.32373537557
1517,120554.32373537557
1518,120554.32373537557
1519,120554.32373537557
1520,120554.32373537557
1521,120554.32373537557
1522,120554.32373537557
1523,120554.32373537557
1524,120554.32373537557
1525,120554.32373537557
1526,120554.32373537557
1527,120554.32373537557
1528,120554.32373537557
1529,120554.32373537557
1530,120554.32373537557
1531,120554.32373537557
1532,120554.32373537557
1533,120554.32373537557
1534,120554.32373537557
1535,120554.32373537557
1536,120554.32373537557
1537,120554.32373537557
1538,120554.32373537557
1539,120554.32373537557
1540,120554.32373537557
1541,120554.32373537557
1542,120554.32373537557
1543,120554.32373537557
1544,120554.32373537557
1545,120554.32373537557
1546,120554.32373537557
1547,120554.32373537557
1548,120554.32373537557
1549,120554.32373537557
1550,120554.32373537557
1551,120554.32373537557
1552,120554.32373537557
1553,120554.32373537557
1554,120554.32373537557
1555,120554.32373537557
1556,120554.32373537557
1557,120554.32373537557
1558,120554.32373537557
1559,120554.32373537557
1560,120554.32373537557
1561,120554.32373537557
1562,120554.32373537557
1563,120554.32373537557
1564,120554.32373537557
1565,120554.32373537557
1566,116814.95125396061
1567,116814.95125396061
1568,116814.95125396061
1569,116814.95125396061
1570,102428.06917520621
1571,102428.06917520621
1572,102428.06917520621
1573,102428.06917520621
1574,102428.06917520621
1575,102428.06917520621
1576,102428.06917520621
1577,102428.06917520621
1578,102428.06917520611
1579,102428.06917520611
1580,102428.06917520611
1581,102428.06917520611
1582,102428.06917520611
1583,102428.06917520611
1584,102428.06917520611
1585,102428.06917520611
1586,102428.06917520611
1587,102428.06917520611
1588,102428.06917520611
1589,102428.06917520611
1590,102428.06917520611
1591,102428.06917520611
1592,102428.06917520611
1593,102428.06917520611
1594,102428.06917520611
1595,102428.06917520611
1596,102428.06917520611
1597,102428.06917520611
1598,102428.06917520611
1599,102428.06917520611
1600,102428.06917520611
1601,102428.06917520611
1602,102428.06917520611
1603,102428.06917520611
1604,102428.06917520611
1605,102428.06917520611
1606,102428.06917520611
1607,102428.06917520611
1608,102428.06917520611
1609,102428.06917520611
1610,102428.06917520611
1611,102428.06917520611
1612,102428.06917520611
1613,102428.06917520611
1614,102428.06917520611
1615,102428.06917520611
1616,102428.06917520611
1617,102428.06917520611
1618,102428.06917520611
1619,102428.06917520611
1620,102428.06917520611
1621,102428.06917520611
1622,102428.06917520611
1623,102428.06917520611
1624,102428.06917520611
1625,102428.06917520611
1626,102428.06917520611
1627,102428.06917520611
1628,102428.06917520611
1629,102428.06917520611
1630,102428.06917520611
1631,102428.06917520611
1632,102428.06917520611
1633,102428.06917520611
1634,102428.06917520611
1635,102428.06917520611
1636,102428.06917520611
1637,102428.06917520611
1638,102428.06917520611
1639,102428.06917520611
1640,102428.06917520611
1641,102428.06917520611
1642,102428.06917520611
1643,102428.06917520601
1644,102428.06917520601
1645,102428.06917520601
1646,102428.06917520601
1647,102428.06917520601
1648,102428.06917520601
1649,102428.06917520601
1650,102428.06917520601
1651,102428.06917520601
1652,102428.06917520601
1653,102428.06917520601
1654,102428.06917520601
1655,102428.06917520601
1656,102428.06917520601
1657,102428.06917520601
1658,102428.06917520601
1659,102428.06917520601
1660,102428.06917520601
1661,102428.06917520601
1662,98833.7263606832
1663,98833.7263606832
1664,98833.7263606832
1665,98833.7263606832
1666,98833.7263606832
1667,98833.7263606832
1668,98833.7263606832
1669,98833.7263606832
1670,98833.7263606832
1671,98833.7263606832
1672,98833.7263606832
1673,98833.7263606832
1674,98833.7263606832
1675,98833.7263606832
1676,98833.7263606832
1677,98833.7263606832
1678,98833.7263606832
1679,98833.7263606832
1680,98833.7263606832
1681,98833.7263606832
1682,98833.7263606832
1683,98833.7263606832
1684,98833.7263606832
1685,98833.7263606832
1686,98833.7263606832
1687,98833.7263606832
1688,98833.7263606832
1689,98833.7263606832
1690,96411.4181856584
1691,96411.4181856584
1692,96411.41818565835
1693,96411.41818565835
1694,96411.41818565835
1695,96411.41818565835
1696,96411.41818565835
1697,96411.41818565835
1698,96411.41818565835
1699,96411.41818565835
1700,96411.41818565835
1701,96411.41818565835
1702,96411.41818565835
1703,96411.41818565835
1704,96411.41818565835
1705,96411.41818565835
1706,96411.41818565835
1707,96411.41818565832
1708,94104.07926667004
1709,94104.07926667004
1710,94104.07926667004
1711,94104.07926667004
1712,94104.07926667004
1713,94104.07926667004
1714,94104.07926667004
1715,94104.07926667004
1716,94104.07926667004
1717,94104.07926667004
1718,94104.07926667004
1719,94104.07926667004
1720,94104.07926667004
1721,94104.07926667004
1722,94104.07926667004
1723,94104.07926667004
1724,94104.07926666994
1725,94104.07926666994
1726,94104.07926666994
1727,94104.07926666994
1728,94104.07926666994
1729,94104.07926666994
1730,94104.07926666994
1731,94104.07926666994
1732,94104.07926666994
1733,94104.07926666994
1734,94104.07926666994
1735,94104.07926666994
1736,94104.07926666994
1737,94104.07926666994
1738,94104.07926666994
1739,94104.07926666994
1740,94104.07926666994
1741,94104.07926666994
1742,94104.07926666994
1743,94104.07926666994
1744,94104.07926666994
1745,94104.07926666994
1746,94104.07926666994
1747,94104.07926666994
1748,94104.07926666994
1749,94104.07926666994
1750,94104.07926666994
1751,94104.07926666994
1752,94104.07926666994
1753,94104.07926666994
1754,94104.07926666994
1755,94104.07926666994
1756,94104.07926666994
1757,94104.07926666994
1758,94104.07926666994
1759,94104.07926666994
1760,94104.07926666994
1761,94104.07926666994
1762,94104.07926666994
1763,94104.07926666994
1764,94104.07926666994
1765,94104.07926666994
1766,94104.07926666994
1767,94104.07926666994
1768,94104.07926666994
1769,94104.07926666994
1770,94104.07926666994
1771,94104.07926666994
1772,94104.07926666994
1773,94104.07926666994
1774,94104.07926666994
1775,94104.07926666994
1776,94104.07926666994
1777,94104.07926666994
1778,94104.07926666994
1779,94104.07926666994
1780,94104.07926666994
1781,94104.07926666994
1782,94104.07926666994
1783,94104.07926666994
1784,94104.07926666994
1785,94104.07926666994
1786,94104.07926666994
1787,94104.07926666994
1788,94104.07926666994
1789,94104.07926666994
1790,94104.07926666994
1791,94104.07926666994
1792,94104.07926666994
1793,85830.4488803864
1794,85830.4488803864
1795,85830.4488803864
1796,85830.44888038638
1797,85830.44888038638
1798,85830.44888038638
1799,85830.44888038638
1800,85830.44888038638
1801,85830.44888038638
1802,85830.44888038638
1803,85830.44888038638
1804,85830.44888038638
1805,85830.44888038638
1806,85830.44888038638
1807,85830.44888038638
1808,85830.44888038638
1809,85830.44888038628
1810,85830.44888038628
1811,85830.44888038628
1812,85830.44888038628
1813,85830.44888038628
1814,85830.44888038628
1815,85830.44888038628
1816,85830.44888038628
1817,85830.44888038628
1818,85830.44888038628
1819,85830.44888038628
1820,85830.44888038628
1821,85830.44888038628
1822,85830.44888038628
1823,85830.44888038628
1824,85830.44888038628
1825,85811.08885668947
1826,85811.08885668947
1827,85811.08885668947
1828,85811.08885668947
1829,85811.08885668947
1830,85811.08885668947
1831,85811.08885668947
1832,85811.08885668947
1833,85811.08885668947
1834,85811.08885668947
1835,85811.08885668947
1836,85811.08885668947
1837,85811.08885668947
1838,85811.08885668947
1839,85811.08885668947
1840,85811.08885668947
1841,85811.08885668947
1842,85811.08885668947
1843,85811.08885668947
1844,85811.08885668947
1845,85811.08885668947
1846,85811.08885668947
1847,85811.08885668947
1848,85811.08885668947
1849,85811.08885668947
1850,85811.08885668947
1851,85811.08885668947
1852,85811.08885668947
1853,85811.08885668947
1854,85811.08885668947
1855,85811.08885668947
1856,85811.08885668947
1857,85811.08885668947
1858,85811.08885668947
1859,85811.08885668947
1860,85811.08885668947
1861,85811.08885668947
1862,85811.08885668947
1863,85811.08885668944
1864,85811.08885668944
1865,85811.08885668944
1866,85811.08885668944
1867,85811.08885668944
1868,85811.08885668944
1869,85811.08885668944
1870,85811.08885668944
1871,85811.08885668944
1872,85811.08885668944
1873,85811.08885668944
1874,85811.08885668944
1875,85811.08885668944
1876,85811.08885668944
1877,85811.08885668944
1878,85811.08885668944
1879,85811.08885668944
1880,85811.08885668944
1881,85811.08885668941
1882,85811.08885668941
1883,85811.08885668941
1884,85811.08885668941
1885,85811.08885668941
1886,85811.08885668941
1887,85811.08885668941
1888,85811.08885668941
1889,85811.08885668941
1890,85811.08885668941
1891,85811.08885668941
1892,85811.08885668941
1893,84230.37389210255
1894,84230.37389210255
1895,84230.37389210255
1896,84230.37389210255
1897,84230.37389210255
1898,84230.37389210255
1899,84230.37389210255
1900,84230.37389210255
1901,84230.37389210255
1902,84230.37389210255
1903,84230.37389210255
1904,84230.37389210255
1905,84230.37389210255
1906,82931.53812094717
1907,82931.53812094717
1908,82931.53812094717
1909,82931.53812094717
1910,82931.53812094717
1911,82931.53812094717
1912,82931.53812094717
1913,82931.53812094717
1914,82931.53812094717
1915,82931.53812094717
1916,82931.53812094717
1917,82931.53812094717
1918,82931.53812094717
1919,82931.53812094717
1920,82931.53812094717
1921,82931.53812094717
1922,82931.53812094717
1923,82931.53812094717
1924,82931.53812094717
1925,82931.53812094717
1926,82931.53812094717
1927,82931.53812094717
1928,82931.53812094717
1929,82931.53812094717
1930,82931.53812094717
1931,82931.53812094717
1932,82931.53812094717
1933,82931.53812094717
1934,82931.53812094717
1935,82931.53812094717
1936,82931.53812094717
1937,82931.53812094717
1938,82931.53812094717
1939,82931.53812094717
1940,82931.53812094717
1941,82931.53812094717
1942,82931.53812094717
1943,82931.53812094717
1944,80835.13080826042
1945,80835.13080826042
1946,80835.13080826042
1947,80835.13080826042
1948,80835.13080826042
1949,80835.13080826042
1950,79986.23434314472
1951,79986.23434314472
1952,79986.23434314472
1953,79986.23434314472
1954,79986.23434314472
1955,79986.23434314472
1956,79986.23434314472
1957,79986.23434314472
1958,79986.23434314472
1959,79986.23434314472
1960,79986.23434314472
1961,79986.23434314472
1962,79986.23434314472
1963,79986.23434314472
1964,79986.23434314472
1965,79986.23434314472
1966,79986.23434314472
1967,79986.23434314472
1968,79986.23434314472
1969,79986.23434314472
1970,79986.23434314472
1971,79986.23434314472
1972,79986.23434314472
1973,79986.23434314472
1974,79986.23434314472
1975,79986.23434314472
1976,79986.23434314472
1977,79986.23434314472
1978,79986.23434314472
1979,79986.23434314472
1980,79986.23434314472
1981,79986.23434314472
1982,79986.23434314472
1983,79986.23434314472
1984,79986.23434314472
1985,79986.23434314472
1986,79986.23434314472
1987,79986.23434314472
1988,79986.23434314472
1989,79986.23434314472
1990,79986.23434314472
1991,79986.23434314472
1992,79986.23434314472
1993,79986.23434314472
1994,79986.23434314472
1995,79986.23434314472
1996,79986.23434314472
1997,79986.23434314472
1998,79986.23434314472
1999,79986.23434314472
2000,79986.23434314472
2001,79986.23434314472
2002,79986.23434314472
2003,79986.23434314472
2004,79986.23434314472
2005,79986.23434314472
2006,79986.23434314472
2007,79986.23434314472
2008,79986.23434314472
2009,79986.23434314472
2010,79986.23434314472
2011,79986.23434314472
2012,79986.23434314472
2013,79986.23434314472
2014,79986.23434314472
2015,79986.23434314472
2016,79986.23434314472
2017,79986.23434314472
2018,79986.23434314472
2019,79986.23434314472
2020,79986.23434314472
2021,79986.23434314472
2022,79986.23434314472
2023,79986.23434314472
2024,79986.23434314472
2025,79986.23434314472
2026,79986.23434314472
2027,79986.23434314472
2028,79986.23434314472
2029,79986.23434314472
2030,79986.23434314472
2031,79986.23434314472
2032,79986.23434314472
2033,79986.23434314462
2034,79986.23434314462
2035,79986.23434314462
2036,79986.23434314462
2037,79986.23434314462
2038,79986.23434314462
2039,79986.23434314462
2040,79986.23434314462
2041,79986.23434314462
2042,79986.23434314462
2043,79986.23434314462
2044,79986.23434314462
2045,79986.23434314462
2046,79986.23434314462
2047,79986.23434314462
2048,79986.23434314462
2049,79986.23434314462
2050,79986.23434314462
2051,79986.23434314462
2052,79986.23434314462
2053,79986.23434314462
2054,79986.23434314462
2055,79986.23434314462
2056,79986.23434314462
2057,79986.23434314462
2058,79986.23434314462
2059,79986.23434314462
2060,79986.23434314462
2061,79986.23434314462
2062,79986.23434314462
2063,79986.23434314462
2064,79986.23434314462
2065,79986.23434314462
2066,79986.23434314462
2067,79986.23434314462
2068,79986.23434314462
2069,79986.23434314462
2070,79986.23434314462
2071,79986.23434314462
2072,79986.23434314462
2073,79986.23434314462
2074,79986.23434314462
2075,79986.23434314462
2076,79986.23434314462
2077,79986.23434314462
2078,76891.29547277065
2079,76891.29547277065
2080,76891.29547277065
2081,76891.29547277065
2082,76891.29547277065
2083,76891.29547277065
2084,76891.29547277065
2085,76891.29547277065
2086,76891.29547277065
2087,76891.29547277065
2088,76891.29547277064
2089,76891.29547277064
2090,76891.29547277062
2091,76891.29547277062
2092,76891.2954727706
2093,76891.2954727706
2094,76891.2954727706
2095,76891.2954727706
2096,76029.31835522581
2097,76029.31835522581
2098,74458.30407792058
2099,74458.30407792058
2100,74458.30407792058
2101,74458.30407792058
2102,74458.30407792058
2103,74458.30407792058
2104,74458.30407792058
2105,74458.30407792058
2106,74458.30407792058
2107,74458.30407792058
2108,74458.30407792058
2109,74458.30407792058
2110,74458.30407792058
2111,74458.30407792058
2112,74458.30407792058
2113,74458.30407792058
2114,74458.30407792058
2115,74458.30407792058
2116,74458.30407792058
2117,74458.30407792058
2118,74458.30407792058
2119,74458.30407792058
2120,74458.30407792058
2121,74458.30407792058
2122,74458.30407792058
2123,74458.30407792058
2124,74458.30407792058
2125,74458.30407792058
2126,74458.30407792058
2127,74458.30407792058
2128,74458.30407792058
2129,74458.30407792058
2130,74458.30407792058
2131,74458.30407792058
2132,74458.30407792058
2133,74458.30407792058
2134,74458.30407792058
2135,74458.30407792058
2136,74458.30407792058
2137,74458.30407792058
2138,74458.30407792058
2139,74458.30407792058
2140,74458.30407792058
2141,74458.30407792058
2142,74458.30407792058
2143,74458.30407792058
2144,74458.30407792058
2145,74458.30407792058
2146,74458.30407792058
2147,74458.30407792058
2148,74458.30407792058
2149,74458.30407792058
2150,74458.30407792058
2151,74458.30407792058
2152,74458.30407792058
2153,74458.30407792058
2154,74458.30407792058
2155,74458.30407792058
2156,74458.30407792058
2157,74458.30407792058
2158,74458.30407792058
2159,74458.30407792058
2160,74458.30407792058
2161,74458.30407792058
2162,74458.30407792058
2163,74458.30407792058
2164,74458.30407792058
2165,74458.30407792058
2166,74458.30407792058
2167,74458.30407792058
2168,74458.30407792058
2169,74458.30407792058
2170,74458.30407792058
2171,74458.30407792058
2172,74458.30407792058
2173,74458.30407792058
2174,74458.30407792058
2175,74458.30407792058
2176,74458.30407792058
2177,74458.30407792058
2178,74458.30407792058
2179,74458.30407792058
2180,74458.30407792058
2181,74458.30407792058
2182,74458.30407792058
2183,74458.30407792058
2184,74458.30407792058
2185,74458.30407792058
2186,74458.30407792058
2187,74458.30407792058
2188,74458.30407792058
2189,74458.30407792058
2190,74458.30407792058
2191,74458.30407792058
2192,74424.94071163633
2193,74424.94071163633
2194,74424.94071163633
2195,74424.94071163633
2196,74424.94071163633
2197,74424.94071163633
2198,74424.94071163633
2199,74424.94071163633
2200,74424.94071163627
2201,74424.94071163627
2202,74424.94071163627
2203,74424.94071163627
2204,74424.94071163627
2205,74424.94071163627
2206,74424.94071163624
2207,74424.94071163624
2208,74424.94071163624
2209,74424.94071163624
2210,74424.94071163624
2211,74424.94071163624
2212,74424.94071163624
2213,74424.94071163624
2214,74424.94071163624
2215,74424.94071163624
2216,74424.94071163624
2217,74424.94071163624
2218,74424.94071163624
2219,74424.94071163617
2220,74424.94071163611
2221,74424.94071163611
2222,74424.94071163611
2223,74424.94071163611
2224,74424.94071163611
2225,74424.94071163611
2226,74424.94071163611
2227,74424.94071163611
2228,74424.94071163611
2229,74424.94071163611
2230,74424.94071163611
2231,74424.94071163611
2232,74424.94071163611
2233,74424.94071163611
2234,71881.76942742159
2235,71881.76942742159
2236,71881.76942742159
2237,71881.76942742159
2238,71881.76942742147
2239,71881.76942742147
2240,71881.76942742136
2241,71881.76942742136
2242,71881.76942742136
2243,71881.76942742136
2244,71881.76942742136
2245,71881.76942742136
2246,71881.76942742136
2247,71881.76942742136
2248,71881.76942742136
2249,71881.76942742136
2250,71881.76942742136
2251,71881.76942742136
2252,71881.76942742136
2253,71881.76942742136
2254,71881.76942742136
2255,71881.76942742136
2256,71881.76942742136
2257,71881.76942742136
2258,71881.76942742136
2259,71881.76942742136
2260,71881.76942742136
2261,71881.76942742136
2262,71881.76942742136
2263,71881.76942742136
2264,71881.76942742136
2265,71881.76942742136
2266,71881.76942742136
2267,71881.76942742136
2268,71881.76942742136
2269,71881.76942742136
2270,71881.76942742136
2271,71881.76942742136
2272,71881.76942742136
2273,71881.76942742136
2274,71881.76942742136
2275,71881.76942742136
2276,71881.76942742136
2277,71881.76942742136
2278,71881.76942742136
2279,71881.76942742136
2280,71881.76942742136
2281,71881.76942742136
2282,71881.76942742136
2283,71881.76942742136
2284,71881.76942742136
2285,71881.76942742136
2286,71881.76942742136
2287,71881.76942742136
2288,71881.76942742136
2289,71881.76942742136
2290,71881.76942742136
2291,71881.76942742136
2292,71881.76942742136
2293,71881.76942742136
2294,71881.76942742136
2295,71881.76942742136
2296,71881.76942742136
2297,71881.76942742136
2298,71881.76942742136
2299,71881.76942742136
2300,71881.76942742136
2301,71881.76942742136
2302,71881.76942742136
2303,71881.76942742136
2304,71881.76942742136
2305,71881.76942742136
2306,71881.76942742136
2307,70329.04802827569
2308,70329.04802827569
2309,70329.04802827569
2310,70329.04802827569
2311,70329.04802827569
2312,70329.04802827569
2313,70329.04802827569
2314,70329.04802827569
2315,70329.04802827569
2316,70329.04802827569
2317,70329.04802827569
2318,70329.04802827569
2319,70329.04802827569
2320,70329.04802827569
2321,70244.32778738758
2322,70244.32778738758
2323,70244.32778738758
2324,70244.32778738758
2325,70244.32778738758
2326,70244.32778738758
2327,70244.32778738758
2328,70244.32778738758
2329,70244.32778738758
2330,70244.32778738758
2331,70244.32778738758
2332,70244.32778738758
2333,70244.32778738758
2334,70244.32778738758
2335,70244.32778738758
2336,70244.32778738758
2337,70244.32778738758
2338,70244.32778738758
2339,70244.32778738758
2340,70244.32778738758
2341,70244.32778738758
2342,70244.32778738756
2343,70244.32778738756
2344,70244.32778738756
2345,70244.32778738756
2346,70244.32778738756
2347,70244.32778738756
2348,70244.32778738756
2349,70244.32778738756
2350,70244.32778738756
2351,70244.32778738756
2352,70244.32778738756
2353,70244.32778738756
2354,70244.32778738756
2355,70244.32778738756
2356,70244.32778738756
2357,70244.32778738756
2358,70244.32778738756
2359,70244.32778738756
2360,70244.32778738756
2361,70244.32778738756
2362,70244.32778738756
2363,70244.32778738756
2364,70244.32778738756
2365,70244.32778738756
2366,70244.32778738756
2367,70244.32778738756
2368,70244.32778738756
2369,70244.32778738756
2370,70244.32778738756
2371,70244.32778738756
2372,70244.32778738756
2373,70244.32778738756
2374,70244.32778738756
2375,70244.32778738756
2376,70244.32778738756
2377,70244.32778738756
2378,70244.32778738756
2379,70244.32778738756
2380,70244.32778738756
2381,70244.32778738756
2382,70244.32778738756
2383,70244.32778738756
2384,70244.32778738756
2385,70244.32778738756
2386,70244.32778738756
2387,70244.32778738756
2388,70244.32778738756
2389,70244.32778738756
2390,70244.32778738756
2391,70244.32778738756
2392,70244.32778738756
2393,70244.32778738756
2394,70244.32778738756
2395,70244.32778738756
2396,70244.32778738756
2397,70244.32778738756
2398,70244.32778738756
2399,70244.32778738756
2400,70244.32778738756
2401,70244.32778738756
2402,70244.32778738756
2403,70244.32778738756
2404,70244.32778738756
2405,70244.32778738756
2406,70244.32778738756
2407,70244.32778738756
2408,70244.32778738756
2409,70244.32778738756
2410,70244.32778738749
2411,70244.32778738749
2412,70244.32778738749
2413,70244.32778738749
2414,70244.32778738749
2415,70244.32778738749
2416,70244.32778738749
2417,70244.32778738749
2418,70244.32778738749
2419,68366.53027219346
2420,68366.53027219346
2421,68366.53027219346
2422,68366.53027219346
2423,68366.53027219346
2424,68366.53027219346
2425,68366.53027219346
2426,68366.53027219346
2427,68366.53027219346
2428,68366.53027219346
2429,68366.53027219346
2430,68366.53027219346
2431,67392.87180837918
2432,67392.87180837918
2433,67392.87180837918
2434,67392.87180837918
2435,67392.87180837918
2436,67392.87180837918
2437,67392.87180837918
2438,67392.87180837918
2439,67392.87180837918
2440,67392.87180837918
2441,67392.87180837918
2442,67392.87180837918
2443,67392.87180837918
2444,67392.87180837918
2445,67392.87180837918
2446,67392.87180837918
2447,67392.87180837918
2448,67392.87180837918
2449,67392.87180837918
2450,67392.87180837918
2451,67392.87180837918
2452,67392.87180837918
2453,67392.87180837918
2454,67392.87180837918
2455,67392.87180837918
2456,67392.87180837918
2457,67392.87180837918
2458,67392.87180837918
2459,67392.87180837918
2460,67392.87180837918
2461,67392.87180837918
2462,67392.87180837918
2463,67392.87180837918
2464,67392.87180837918
2465,67392.87180837918
2466,67392.87180837918
2467,67392.87180837918
2468,67392.87180837918
2469,67392.87180837918
2470,67392.87180837918
2471,67392.87180837918
2472,67392.87180837918
2473,67392.87180837918
2474,67392.87180837918
2475,67392.87180837918
2476,67392.87180837918
2477,67392.87180837918
2478,67392.87180837918
2479,67392.87180837918
2480,67392.87180837918
2481,67392.87180837918
2482,67392.87180837918
2483,67392.87180837918
2484,67392.87180837918
2485,67392.87180837918
2486,67392.87180837918
2487,67392.87180837918
2488,67392.87180837918
2489,67392.87180837918
2490,67392.87180837918
2491,67392.87180837918
2492,67392.87180837918
2493,67392.87180837918
2494,67392.87180837918
2495,67392.87180837918
2496,67392.87180837918
2497,67392.87180837918
2498,67392.87180837918
2499,67392.87180837918
