iteracion,valor_coste
0,872524.4139557212
1,751964.2800923012
2,751964.2800923012
3,751964.2800923012
4,751964.2800923012
5,751964.2800923012
6,751964.2800923012
7,751964.2800923012
8,751964.2800923012
9,751964.2800923012
10,751964.2800923012
11,650951.4082527497
12,650951.4082527497
13,650951.4082527497
14,650951.4082527497
15,650951.4082527497
16,650951.4082527497
17,650951.4082527497
18,650951.4082527497
19,638021.5464508417
20,638021.5464508417
21,638021.5464508417
22,638021.5464508417
23,512927.14482287003
24,512927.14482287003
25,512927.14482287003
26,512927.14482287003
27,512927.14482287003
28,512927.14482287003
29,512927.14482287003
30,512927.14482287003
31,512927.14482287003
32,512927.14482287003
33,512927.14482287003
34,512927.14482287003
35,512927.14482287003
36,512927.14482287003
37,512927.14482287003
38,512927.14482287003
39,512927.14482287
40,512927.14482287
41,512927.14482287
42,512927.14482287
43,512927.14482287
44,505966.25885853666
45,505966.25885853666
46,505966.25885853666
47,505966.25885853666
48,505966.25885853666
49,505966.25885853666
50,505966.25885853637
51,505966.25885853637
52,505966.25885853637
53,505966.25885853637
54,505966.25885853637
55,505966.25885853637
56,495827.87907392945
57,495827.87907392945
58,495827.87907392945
59,495827.87907392945
60,495827.87907392945
61,495827.87907392945
62,495827.87907392945
63,495827.87907392945
64,495827.87907392945
65,495827.87907392945
66,495827.87907392945
67,495827.87907392945
68,495827.87907392945
69,437254.3616172475
70,437254.3616172475
71,437254.3616172475
72,437254.3616172475
73,437254.3616172475
74,437254.3616172475
75,437254.3616172475
76,437254.3616172475
77,437254.3616172475
78,437254.3616172475
79,437254.3616172475
80,437254.3616172475
81,437254.3616172475
82,437254.3616172475
83,437254.3616172475
84,437254.3616172475
85,437254.3616172475
86,437254.3616172475
87,437254.3616172475
88,437254.3616172475
89,437254.3616172475
90,437254.3616172475
91,437254.3616172475
92,437254.3616172475
93,437254.3616172475
94,437254.3616172475
95,437254.3616172475
96,437254.3616172475
97,437254.3616172475
98,437254.3616172474
99,437254.3616172474
100,437254.3616172474
101,437254.3616172473
102,437254.3616172473
103,437254.3616172473
104,437254.3616172473
105,437254.3616172473
106,437254.3616172473
107,437254.3616172473
108,437254.3616172473
109,437254.3616172473
110,437254.3616172473
111,437254.3616172473
112,437254.3616172473
113,437254.3616172473
114,437254.3616172473
115,437254.3616172473
116,437254.3616172473
117,437254.3616172473
118,436874.1159173369
119,436874.1159173369
120,436874.1159173369
121,436874.1159173369
122,420047.84996485873
123,420047.84996485873
124,420047.8499648586
125,420047.8499648586
126,420047.8499648586
127,420047.8499648586
128,420047.8499648586
129,420047.8499648586
130,420047.8499648586
131,420047.8499648586
132,420047.8499648586
133,420047.8499648586
134,382282.8132444672
135,382282.8132444672
136,382282.8132444672
137,382282.8132444672
138,382282.8132444672
139,382282.8132444672
140,382282.8132444672
141,382282.8132444672
142,382282.8132444672
143,382282.8132444672
144,382282.8132444672
145,382282.8132444672
146,382282.8132444672
147,382282.8132444671
148,382282.8132444671
149,382282.8132444671
150,382282.8132444671
151,382282.8132444671
152,382282.8132444671
153,382282.8132444671
154,357628.265308346
155,357628.265308346
156,357628.265308346
157,357628.2653083458
158,357628.2653083458
159,357628.2653083458
160,357628.2653083458
161,357628.2653083458
162,357628.2653083458
163,357628.2653083458
164,357628.2653083458
165,357628.2653083458
166,357628.2653083458
167,357628.2653083458
168,357628.2653083458
169,357628.2653083458
170,357628.2653083458
171,357628.2653083458
172,357628.2653083458
173,357628.2653083458
174,357628.2653083458
175,357628.2653083458
176,357628.2653083458
177,357628.2653083458
178,357628.2653083458
179,345413.1614456888
180,345413.1614456888
181,345413.1614456888
182,345413.1614456887
183,345413.1614456887
184,345413.1614456887
185,345413.1614456887
186,345413.1614456887
187,345413.1614456887
188,345413.1614456887
189,345413.1614456887
190,339681.132412134
191,339681.132412134
192,339681.132412134
193,339681.132412134
194,339681.132412134
195,339681.132412134
196,339681.132412134
197,339681.132412134
198,339681.132412134
199,339681.132412134
200,339681.132412134
201,339681.132412134
202,339681.132412134
203,339681.1324121339
204,339681.1324121339
205,339681.1324121339
206,339681.1324121339
207,339681.1324121339
208,339681.1324121339
209,339681.1324121339
210,318455.09220759675
211,318455.09220759675
212,318455.09220759675
213,318455.09220759675
214,318455.09220759675
215,318455.09220759675
216,318455.09220759675
217,318455.09220759675
218,318455.09220759675
219,318455.09220759675
220,318455.09220759675
221,318455.09220759675
222,318455.09220759675
223,318455.09220759675
224,318455.09220759675
225,318455.09220759675
226,318455.09220759675
227,318455.09220759675
228,318455.09220759675
229,318455.09220759675
230,318455.09220759675
231,318455.09220759675
232,318455.09220759675
233,318455.09220759675
234,318455.09220759675
235,318455.09220759675
236,318455.09220759675
237,318455.09220759675
238,318455.09220759675
239,318455.09220759675
240,318455.09220759675
241,318455.09220759675
242,318455.0922075967
243,318455.0922075967
244,318455.0922075967
245,318455.0922075967
246,315076.11414859124
247,315076.11414859124
248,315076.11414859124
249,315076.11414859124
250,315076.11414859124
251,315076.11414859124
252,315076.11414859124
253,315076.11414859124
254,315076.11414859124
255,315076.11414859124
256,315076.11414859124
257,315076.11414859124
258,315076.11414859124
259,315076.11414859124
260,315076.11414859124
261,315076.11414859124
262,315076.11414859124
263,315076.11414859124
264,315076.11414859124
265,315076.11414859124
266,315076.11414859124
267,315076.11414859124
268,315076.11414859124
269,315076.11414859124
270,315076.11414859124
271,315076.11414859124
272,315076.11414859124
273,315076.11414859124
274,314028.3026335568
275,314028.3026335568
276,314028.3026335568
277,314028.3026335568
278,314028.3026335568
279,314028.3026335568
280,314028.3026335566
281,314028.3026335566
282,314028.3026335566
283,314028.3026335566
284,314028.3026335566
285,314028.3026335566
286,314028.3026335566
287,314028.3026335566
288,314028.3026335566
289,314028.3026335566
290,314028.3026335566
291,314028.3026335566
292,314028.3026335566
293,314028.3026335566
294,314028.3026335566
295,314028.3026335566
296,314028.3026335566
297,314028.3026335566
298,314028.3026335566
299,314028.3026335566
300,314028.3026335566
301,314028.3026335566
302,294301.22755666944
303,294301.22755666944
304,294301.22755666944
305,294301.22755666944
306,294301.22755666944
307,294301.22755666944
308,294301.22755666944
309,294301.22755666944
310,294301.22755666944
311,294301.22755666944
312,294301.22755666944
313,294301.22755666944
314,294301.22755666944
315,294301.22755666944
316,294301.22755666944
317,294301.22755666944
318,280316.7626520363
319,280316.7626520363
320,280316.7626520363
321,280316.7626520363
322,280316.7626520363
323,280316.7626520363
324,280316.7626520363
325,280316.7626520363
326,280316.7626520363
327,280316.7626520363
328,280316.7626520363
329,280316.7626520363
330,280316.7626520363
331,280316.7626520363
332,280316.7626520363
333,280316.76265203627
334,280316.76265203627
335,280316.76265203627
336,280041.9776254254
337,280041.9776254252
338,280041.9776254252
339,280041.9776254252
340,280041.9776254252
341,280041.9776254252
342,280041.9776254252
343,280041.9776254252
344,280041.9776254252
345,280041.9776254252
346,280041.9776254252
347,280041.9776254252
348,280041.9776254252
349,280041.9776254252
350,280041.9776254252
351,280041.9776254252
352,280041.9776254252
353,280041.9776254252
354,280041.9776254252
355,280041.9776254252
356,271880.3912843696
357,271880.3912843696
358,271880.3912843696
359,271880.3912843696
360,271880.3912843696
361,271880.3912843694
362,271880.3912843694
363,271880.3912843694
364,271880.3912843694
365,271880.3912843694
366,271880.3912843694
367,271880.3912843694
368,271880.3912843694
369,271880.3912843694
370,271880.3912843694
371,271880.3912843694
372,271880.3912843694
373,271880.3912843694
374,271880.3912843694
375,271880.3912843694
376,271880.3912843694
377,271880.3912843694
378,271880.3912843694
379,271880.3912843694
380,271880.3912843694
381,271880.3912843694
382,271880.3912843694
383,271880.3912843694
384,271880.3912843694
385,271880.3912843694
386,271880.3912843694
387,271880.3912843694
388,271880.3912843694
389,271880.3912843694
390,271880.3912843694
391,271880.3912843694
392,271880.3912843694
393,271880.3912843694
394,271880.3912843694
395,271880.3912843694
396,271880.3912843694
397,271880.3912843694
398,271880.3912843694
399,271880.3912843694
400,271880.3912843694
401,271880.3912843694
402,271880.3912843694
403,271880.3912843694
404,271880.3912843694
405,271880.3912843694
406,271880.3912843694
407,271880.3912843694
408,271880.3912843694
409,271880.3912843694
410,271880.3912843694
411,271880.3912843694
412,271880.3912843694
413,271880.3912843694
414,271880.3912843694
415,271880.3912843694
416,271880.3912843694
417,271880.3912843694
418,271880.3912843694
419,271880.3912843693
420,271880.3912843693
421,271880.3912843693
422,271880.3912843693
423,271880.3912843693
424,271880.3912843693
425,271880.3912843693
426,271880.3912843693
427,271880.3912843693
428,271880.3912843693
429,271880.3912843693
430,271880.3912843693
431,271880.3912843693
432,271880.3912843693
433,271880.3912843693
434,271880.3912843693
435,271880.3912843693
436,271880.3912843693
437,271880.3912843693
438,271880.3912843693
439,271880.3912843693
440,271880.3912843693
441,271880.3912843693
442,271880.3912843693
443,271880.3912843693
444,271880.3912843693
445,271880.3912843693
446,271880.3912843693
447,271880.3912843693
448,271880.3912843693
449,271880.3912843693
450,271880.3912843693
451,271880.3912843693
452,271880.3912843693
453,271880.3912843693
454,271880.3912843693
455,271880.3912843693
456,271880.3912843693
457,271880.3912843693
458,271880.3912843693
459,271880.3912843693
460,271880.3912843693
461,271880.3912843693
462,271880.3912843693
463,271880.3912843693
464,271880.3912843693
465,271880.3912843693
466,271880.3912843693
467,271880.3912843693
468,271880.3912843693
469,271880.3912843693
470,271880.3912843693
471,271880.3912843693
472,271880.3912843693
473,271880.3912843693
474,271880.3912843693
475,271880.3912843693
476,271880.3912843693
477,271880.3912843693
478,271880.3912843693
479,271880.3912843693
480,271880.3912843693
481,271880.3912843693
482,271880.3912843693
483,234901.44736013422
484,234901.44736013422
485,234901.44736013422
486,234901.44736013422
487,234901.44736013422
488,234901.44736013422
489,234901.44736013422
490,234901.44736013422
491,234901.44736013422
492,234901.44736013422
493,233124.55378780173
494,233124.55378780173
495,233124.55378780173
496,233124.55378780173
497,233124.55378780165
498,233124.55378780165
499,233124.55378780165
500,233124.55378780165
501,233124.55378780165
502,233124.55378780165
503,233124.55378780165
504,233124.55378780165
505,233124.55378780165
506,233124.55378780165
507,233124.55378780165
508,233124.55378780165
509,233124.55378780165
510,233124.55378780165
511,233124.55378780165
512,233124.55378780165
513,233124.55378780165
514,233124.55378780165
515,233124.55378780165
516,233124.55378780165
517,233124.55378780165
518,233124.55378780165
519,233124.55378780165
520,233124.55378780165
521,233124.55378780165
522,233124.55378780165
523,233124.55378780165
524,233124.55378780165
525,233124.55378780165
526,233124.55378780165
527,233124.55378780165
528,233124.55378780165
529,233124.55378780165
530,230108.36088959753
531,230108.36088959753
532,230108.36088959753
533,230108.36088959753
534,230108.36088959753
535,230108.36088959753
536,230108.36088959753
537,230108.36088959753
538,230108.36088959753
539,230108.36088959753
540,230108.36088959753
541,230108.36088959753
542,230108.36088959753
543,230108.36088959753
544,230108.36088959753
545,230108.36088959753
546,230108.36088959753
547,230108.36088959753
548,230108.36088959753
549,230108.36088959753
550,230108.36088959753
551,230108.36088959753
552,230108.36088959753
553,230108.36088959753
554,230108.36088959753
555,230108.36088959753
556,230108.36088959753
557,230108.36088959753
558,230108.36088959753
559,230108.36088959753
560,230108.36088959753
561,230108.36088959753
562,230108.36088959753
563,230108.36088959753
564,230108.36088959753
565,230108.36088959753
566,230108.36088959753
567,230108.36088959753
568,230108.36088959753
569,230108.36088959753
570,230108.36088959753
571,230108.36088959753
572,230108.36088959753
573,230108.36088959753
574,230108.36088959753
575,230108.36088959753
576,230108.36088959753
577,230108.36088959753
578,230108.36088959753
579,230108.36088959753
580,230108.36088959753
581,230108.36088959753
582,230108.36088959753
583,230108.36088959753
584,230108.36088959753
585,230108.36088959753
586,230108.36088959753
587,228107.07252279654
588,228107.07252279654
589,228107.07252279654
590,228107.07252279654
591,228107.07252279654
592,228107.07252279654
593,228107.07252279654
594,207483.82034736124
595,207483.82034736124
596,207483.82034736124
597,207483.82034736124
598,207483.82034736124
599,207483.82034736124
600,207483.82034736124
601,207483.82034736124
602,207483.82034736124
603,207483.82034736124
604,207483.82034736124
605,207483.82034736124
606,207483.82034736124
607,207483.82034736124
608,207483.82034736124
609,207483.82034736124
610,207483.82034736124
611,207483.82034736124
612,207483.82034736124
613,207483.82034736124
614,207483.82034736124
615,207483.82034736124
616,207483.82034736124
617,207483.82034736124
618,207483.82034736124
619,207483.82034736124
620,207483.82034736124
621,207483.82034736124
622,207483.82034736124
623,207483.82034736124
624,207483.82034736124
625,207483.82034736124
626,207483.82034736124
627,207483.82034736124
628,207483.82034736124
629,207483.82034736124
630,207483.82034736124
631,207483.82034736124
632,207483.82034736124
633,207483.82034736124
634,207483.82034736124
635,207483.82034736124
636,207483.82034736124
637,207483.82034736124
638,207483.82034736124
639,207483.82034736124
640,207483.82034736124
641,207483.82034736124
642,207483.82034736124
643,207483.82034736124
644,207483.82034736124
645,207483.82034736124
646,207483.82034736124
647,207483.82034736124
648,207483.82034736124
649,207483.82034736124
650,207483.82034736124
651,207483.82034736124
652,207483.82034736124
653,207483.82034736124
654,207483.82034736124
655,207483.82034736124
656,207483.82034736124
657,207483.82034736124
658,207483.82034736124
659,207483.82034736124
660,207483.82034736124
661,207483.82034736124
662,207483.82034736124
663,207483.82034736124
664,201268.68768073112
665,201268.68768073095
666,201268.68768073095
667,201268.68768073095
668,201268.68768073095
669,180280.21025709907
670,180280.21025709907
671,180280.21025709907
672,180280.21025709907
673,180280.21025709907
674,180280.21025709907
675,180280.21025709907
676,180280.21025709907
677,180280.21025709907
678,180280.21025709907
679,180280.21025709907
680,180280.21025709907
681,180280.21025709907
682,180280.21025709907
683,180280.21025709907
684,180280.21025709907
685,180280.21025709907
686,180280.21025709907
687,180280.21025709907
688,180280.21025709907
689,180280.21025709907
690,180280.21025709907
691,180280.21025709907
692,180280.21025709907
693,180280.21025709907
694,180280.21025709907
695,180280.21025709907
696,180280.21025709907
697,180280.21025709907
698,180280.21025709907
699,180280.21025709907
700,180280.21025709907
701,180280.21025709907
702,180280.21025709907
703,180280.21025709907
704,180280.21025709907
705,180280.21025709907
706,180280.21025709907
707,180280.21025709907
708,180280.21025709907
709,180280.21025709907
710,180280.21025709907
711,180280.21025709907
712,180280.21025709907
713,180280.21025709907
714,180280.21025709907
715,180280.21025709907
716,180280.21025709907
717,180280.21025709907
718,180280.21025709907
719,180280.21025709907
720,180280.21025709907
721,180280.21025709907
722,180280.21025709907
723,180280.21025709907
724,180280.21025709907
725,180280.21025709907
726,180280.21025709907
727,180280.21025709907
728,180280.21025709907
729,180280.21025709907
730,180280.21025709907
731,180280.21025709907
732,180280.21025709907
733,180280.21025709907
734,180280.21025709907
735,180280.21025709907
736,180280.21025709907
737,180280.21025709907
738,180280.21025709907
739,180280.21025709907
740,180280.21025709907
741,180280.21025709907
742,180280.21025709907
743,180280.21025709907
744,180280.21025709907
745,180280.21025709907
746,180280.21025709907
747,180280.21025709907
748,180280.21025709907
749,167280.26183430455
750,153210.73787675987
751,153210.73787675987
752,153210.73787675987
753,144355.25982885278
754,144355.25982885278
755,144355.25982885278
756,144355.25982885278
757,144355.25982885278
758,144355.25982885278
759,144355.25982885272
760,144355.25982885272
761,144355.25982885272
762,144355.25982885272
763,144355.25982885272
764,144355.25982885272
765,144355.25982885272
766,144355.25982885272
767,144355.25982885272
768,144355.25982885272
769,144355.25982885272
770,144355.25982885272
771,144355.25982885272
772,144355.25982885272
773,144355.25982885272
774,144355.25982885272
775,144355.25982885272
776,144355.25982885272
777,144355.25982885272
778,144355.25982885272
779,144355.25982885272
780,144064.29697787334
781,144064.29697787334
782,144064.29697787334
783,144064.29697787334
784,144064.29697787334
785,143195.03768738906
786,143195.03768738898
787,143195.03768738898
788,143195.03768738898
789,143195.03768738898
790,143195.03768738898
791,143195.03768738898
792,143195.03768738898
793,143195.03768738898
794,143195.03768738898
795,143195.03768738898
796,143195.03768738898
797,143195.03768738898
798,143195.03768738898
799,143195.03768738898
800,143195.03768738898
801,143195.03768738898
802,143195.03768738898
803,143195.03768738898
804,143195.03768738898
805,143195.03768738898
806,143195.03768738892
807,143195.03768738892
808,143195.03768738892
809,143195.03768738892
810,143195.03768738892
811,143195.03768738892
812,141713.02203494625
813,141713.02203494625
814,141713.02203494625
815,141713.02203494625
816,141713.02203494625
817,141713.02203494625
818,141713.02203494625
819,136374.15749702143
820,136374.15749702143
821,136374.15749702143
822,136374.15749702143
823,136374.15749702143
824,136374.15749702143
825,136374.15749702143
826,136374.15749702143
827,136374.15749702143
828,136374.15749702143
829,136374.15749702143
830,136374.15749702143
831,136374.15749702143
832,136374.15749702143
833,136374.15749702143
834,136374.15749702143
835,136374.15749702143
836,136374.15749702143
837,136374.15749702143
838,136374.15749702143
839,136374.15749702143
840,136374.15749702143
841,136374.15749702143
842,136374.15749702143
843,136374.15749702143
844,136374.15749702143
845,136374.15749702143
846,136374.15749702143
847,136216.3631306189
848,136216.3631306189
849,136216.3631306189
850,136216.36313061873
851,136216.36313061873
852,136216.36313061873
853,136216.36313061873
854,136216.36313061873
855,136216.36313061873
856,136216.36313061873
857,136216.36313061873
858,136216.36313061873
859,136216.36313061873
860,136216.36313061873
861,136216.36313061873
862,136216.36313061873
863,136216.36313061873
864,136216.36313061873
865,136216.36313061873
866,136216.36313061873
867,136216.36313061873
868,136216.36313061873
869,136216.36313061873
870,136216.36313061873
871,136216.36313061873
872,136216.36313061873
873,136216.36313061873
874,136216.36313061873
875,136216.36313061873
876,136216.36313061873
877,136216.36313061873
878,136216.36313061873
879,136216.36313061873
880,136216.36313061873
881,136216.36313061873
882,136216.36313061873
883,136216.36313061873
884,136216.36313061873
885,136216.36313061873
886,136216.36313061873
887,136216.36313061873
888,136216.36313061873
889,136216.36313061873
890,136216.36313061873
891,136216.36313061873
892,136216.36313061873
893,136216.36313061873
894,136216.36313061873
895,136216.36313061873
896,136216.36313061873
897,136216.36313061873
898,136216.36313061873
899,136216.36313061873
900,136216.36313061873
901,136216.36313061873
902,136216.36313061873
903,136216.36313061873
904,136216.36313061873
905,136216.36313061873
906,136216.36313061873
907,136216.36313061873
908,132989.68276976293
909,132989.68276976288
910,132989.68276976288
911,132989.68276976282
912,132989.68276976282
913,132989.68276976282
914,132989.68276976282
915,132989.68276976282
916,132989.68276976282
917,132989.68276976282
918,132989.6827697628
919,132989.6827697628
920,132989.6827697628
921,132989.6827697628
922,132989.6827697628
923,132989.6827697628
924,132989.6827697628
925,132989.6827697628
926,132989.6827697628
927,132989.6827697628
928,132989.6827697628
929,132989.6827697628
930,132989.6827697628
931,132989.6827697628
932,132989.6827697628
933,132989.6827697628
934,132989.6827697628
935,132989.6827697628
936,132989.6827697628
937,132989.6827697628
938,132989.6827697628
939,132989.6827697628
940,132989.6827697628
941,132989.6827697628
942,132989.6827697628
943,132989.6827697628
944,132989.68276976264
945,132989.68276976264
946,132989.68276976264
947,132989.68276976264
948,132989.68276976264
949,132989.68276976264
950,132989.68276976264
951,132989.68276976264
952,132989.68276976264
953,132989.68276976264
954,132989.68276976264
955,132989.68276976264
956,132989.68276976264
957,132989.68276976264
958,132989.68276976264
959,132989.68276976264
960,132989.68276976264
961,132989.68276976264
962,132989.68276976264
963,132989.68276976264
964,132989.68276976264
965,132989.68276976264
966,132989.68276976264
967,132989.68276976264
968,132989.68276976264
969,132989.68276976264
970,132989.68276976264
971,132989.68276976264
972,132989.68276976264
973,132989.68276976264
974,132989.68276976264
975,132989.68276976264
976,132989.68276976264
977,132989.68276976264
978,132989.68276976264
979,132989.68276976264
980,132989.68276976264
981,132989.68276976264
982,132989.68276976264
983,132989.68276976264
984,132989.68276976264
985,132989.68276976264
986,132989.68276976264
987,132989.68276976264
988,132989.68276976264
989,132989.68276976264
990,132989.68276976264
991,132989.68276976264
992,132989.68276976264
993,132989.68276976264
994,132989.68276976264
995,132989.68276976264
996,132989.68276976264
997,132989.68276976264
998,132989.68276976264
999,132989.68276976264
1000,132989.68276976264
1001,132989.68276976264
1002,132989.68276976264
1003,132989.68276976264
1004,132989.68276976264
1005,132989.68276976264
1006,132989.68276976264
1007,132989.68276976264
1008,132989.68276976264
1009,132989.68276976264
1010,132989.68276976264
1011,132989.68276976264
1012,132989.68276976264
1013,132989.68276976264
1014,132989.68276976264
1015,132989.68276976264
1016,132989.68276976264
1017,132989.68276976264
1018,132989.68276976264
1019,132989.68276976264
1020,132989.68276976264
1021,132989.68276976264
1022,132989.68276976264
1023,132989.68276976264
1024,132989.68276976264
1025,132989.68276976264
1026,132989.68276976264
1027,132989.68276976264
1028,132989.68276976264
1029,132989.68276976264
1030,132989.68276976264
1031,132989.68276976264
1032,132989.68276976264
1033,132989.68276976264
1034,132989.68276976264
1035,132989.68276976264
1036,132989.68276976264
1037,132989.68276976264
1038,132989.68276976264
1039,132989.68276976264
1040,132989.68276976264
1041,132989.68276976264
1042,132989.68276976264
1043,132989.68276976264
1044,132989.68276976264
1045,132989.68276976264
1046,132989.68276976264
1047,132989.68276976264
1048,132989.68276976264
1049,132989.68276976264
1050,132989.68276976264
1051,132989.68276976264
1052,132989.68276976264
1053,132989.68276976264
1054,132989.68276976264
1055,132989.68276976264
1056,130564.9985962561
1057,130564.9985962561
1058,130564.9985962561
1059,130564.9985962561
1060,130564.9985962561
1061,130564.9985962561
1062,130564.9985962561
1063,130564.9985962561
1064,130564.9985962561
1065,130564.9985962561
1066,130564.9985962561
1067,130564.9985962561
1068,130564.9985962561
1069,130564.9985962561
1070,130564.9985962561
1071,130564.9985962561
1072,130564.9985962561
1073,130564.9985962561
1074,130564.9985962561
1075,130564.9985962561
1076,130564.9985962561
1077,130564.9985962561
1078,130564.9985962561
1079,130564.9985962561
1080,130564.9985962561
1081,130564.9985962561
1082,130564.9985962561
1083,130564.9985962561
1084,130564.9985962561
1085,130564.9985962561
1086,130564.9985962561
1087,130564.9985962561
1088,130564.9985962561
1089,130564.9985962561
1090,130564.9985962561
1091,130564.9985962561
1092,130564.9985962561
1093,130564.9985962561
1094,130564.9985962561
1095,130564.9985962561
1096,130564.9985962561
1097,130564.9985962561
1098,130564.9985962561
1099,130564.9985962561
1100,130564.9985962561
1101,130564.9985962561
1102,130131.51765134238
1103,130131.51765134238
1104,130131.51765134238
1105,130131.51765134238
1106,130131.51765134238
1107,130131.51765134238
1108,130131.51765134238
1109,130131.51765134238
1110,130131.51765134238
1111,130131.51765134238
1112,130131.51765134238
1113,130131.51765134238
1114,130131.51765134238
1115,130131.51765134238
1116,130131.51765134238
1117,130131.51765134238
1118,130131.51765134238
1119,130131.51765134238
1120,130131.51765134238
1121,130131.51765134238
1122,130131.51765134238
1123,130131.51765134238
1124,130131.51765134238
1125,130131.51765134238
1126,130131.51765134238
1127,125782.9056773285
1128,125782.9056773285
1129,125782.9056773285
1130,125782.9056773285
1131,125782.9056773285
1132,125782.9056773285
1133,125782.9056773285
1134,125782.9056773285
1135,125782.9056773285
1136,125782.90567732844
1137,125782.90567732844
1138,125782.90567732844
1139,125782.90567732844
1140,125782.90567732844
1141,125782.90567732844
1142,125782.90567732844
1143,125782.90567732844
1144,125782.90567732844
1145,125782.90567732844
1146,125782.90567732844
1147,125782.90567732844
1148,125782.90567732844
1149,125782.90567732844
1150,125782.90567732844
1151,125782.90567732844
1152,125782.90567732844
1153,125782.90567732844
1154,125782.90567732844
1155,125782.90567732844
1156,125782.90567732844
1157,125782.90567732844
1158,125782.90567732844
1159,125782.90567732844
1160,125782.90567732844
1161,125782.90567732844
1162,125782.90567732838
1163,125782.90567732838
1164,125782.90567732838
1165,125782.90567732838
1166,125782.90567732831
1167,125782.90567732831
1168,125782.90567732831
1169,125782.90567732831
1170,125782.90567732831
1171,125782.90567732831
1172,125782.90567732831
1173,125782.90567732831
1174,125782.90567732831
1175,125782.90567732831
1176,125782.90567732831
1177,125782.90567732831
1178,125782.90567732831
1179,125782.90567732831
1180,125782.90567732831
1181,125782.90567732831
1182,125782.90567732831
1183,125782.90567732831
1184,125782.90567732831
1185,125782.90567732831
1186,125782.90567732831
1187,125782.90567732831
1188,125782.90567732831
1189,125782.90567732831
1190,125782.90567732831
1191,125782.90567732831
1192,125782.90567732831
1193,125782.90567732831
1194,125782.90567732831
1195,125782.90567732831
1196,125782.90567732831
1197,125782.90567732831
1198,125782.90567732831
1199,125782.90567732831
1200,125782.90567732831
1201,125782.90567732831
1202,125782.90567732831
1203,125782.90567732831
1204,125782.90567732831
1205,125782.90567732831
1206,125782.90567732831
1207,125782.90567732831
1208,125782.90567732831
1209,125782.90567732831
1210,125782.90567732831
1211,125782.90567732831
1212,125782.90567732831
1213,125782.90567732831
1214,125782.90567732831
1215,125782.90567732831
1216,125782.90567732831
1217,125782.90567732831
1218,125782.90567732831
1219,125782.90567732831
1220,125782.90567732831
1221,125782.90567732831
1222,125782.90567732831
1223,125782.90567732831
1224,125782.90567732831
1225,125782.90567732831
1226,125782.90567732831
1227,125782.90567732831
1228,125782.90567732831
1229,125782.90567732831
1230,125782.90567732831
1231,125782.90567732831
1232,125782.90567732831
1233,125782.90567732831
1234,125782.90567732831
1235,125782.90567732831
1236,125782.90567732831
1237,125782.90567732831
1238,125782.90567732831
1239,125782.90567732831
1240,125782.90567732831
1241,125782.90567732831
1242,116481.68741424147
1243,116481.68741424147
1244,116481.68741424147
1245,116481.68741424147
1246,116481.68741424147
1247,116481.68741424147
1248,116481.68741424147
1249,116481.68741424147
1250,116481.68741424147
1251,116481.68741424147
1252,116481.68741424147
1253,116481.68741424147
1254,116481.68741424147
1255,116481.68741424147
1256,116481.68741424147
1257,116481.68741424147
1258,116481.68741424147
1259,116481.68741424147
1260,116481.68741424147
1261,116481.68741424147
1262,116481.68741424147
1263,116481.68741424147
1264,116481.68741424147
1265,116481.68741424147
1266,116481.68741424147
1267,116481.68741424147
1268,116481.68741424147
1269,116481.68741424147
1270,116481.68741424147
1271,116481.68741424147
1272,116481.68741424147
1273,116481.68741424147
1274,116481.68741424147
1275,116481.68741424147
1276,116481.68741424147
1277,116481.68741424147
1278,116481.68741424147
1279,116481.68741424147
1280,116481.68741424147
1281,116481.68741424147
1282,116481.68741424147
1283,116481.68741424147
1284,116481.68741424147
1285,116481.68741424147
1286,116481.68741424147
1287,116481.68741424147
1288,116481.68741424147
1289,116481.68741424147
1290,116481.68741424147
1291,116481.68741424147
1292,116481.68741424147
1293,116481.68741424147
1294,116481.68741424147
1295,116481.68741424147
1296,116481.68741424147
1297,116481.68741424147
1298,116481.68741424147
1299,116481.68741424147
1300,116481.68741424147
1301,116481.68741424147
1302,116481.68741424147
1303,116481.68741424147
1304,116481.68741424147
1305,116481.68741424147
1306,116481.68741424147
1307,116481.68741424147
1308,116481.68741424147
1309,116481.68741424147
1310,116481.68741424147
1311,116481.68741424147
1312,116481.68741424147
1313,116481.68741424147
1314,116481.68741424147
1315,116481.68741424147
1316,116481.68741424147
1317,116481.68741424147
1318,116481.68741424147
1319,116481.68741424147
1320,116481.68741424147
1321,116481.68741424147
1322,116481.68741424147
1323,116481.68741424147
1324,116481.68741424147
1325,101833.81343854393
1326,101833.81343854393
1327,101833.81343854393
1328,101833.81343854393
1329,101833.81343854393
1330,101833.81343854393
1331,101833.81343854393
1332,101833.81343854393
1333,101833.81343854393
1334,101833.81343854393
1335,101833.81343854393
1336,101833.81343854393
1337,101833.81343854393
1338,101833.81343854393
1339,101833.81343854393
1340,101833.81343854393
1341,101833.81343854393
1342,101833.81343854393
1343,101833.81343854393
1344,101833.81343854393
1345,101833.81343854393
1346,101833.81343854393
1347,101833.81343854393
1348,101833.81343854393
1349,101833.81343854393
1350,101833.81343854393
1351,101833.81343854393
1352,101833.81343854393
1353,101833.81343854393
1354,101833.81343854393
1355,101833.81343854393
1356,101833.81343854393
1357,101833.81343854393
1358,101833.81343854393
1359,101833.81343854393
1360,101833.81343854393
1361,101833.81343854393
1362,101833.81343854393
1363,101833.81343854393
1364,101833.81343854385
1365,101833.81343854385
1366,101833.81343854385
1367,101833.81343854385
1368,101833.81343854383
1369,101833.81343854383
1370,101833.81343854383
1371,101833.81343854383
1372,101833.81343854383
1373,101833.81343854383
1374,101833.81343854383
1375,101833.81343854383
1376,101833.81343854383
1377,101833.81343854383
1378,101833.81343854383
1379,101833.81343854383
1380,101833.81343854383
1381,99891.65744585288
1382,99891.65744585288
1383,99891.65744585288
1384,99891.65744585288
1385,99891.65744585288
1386,99891.65744585288
1387,99891.65744585288
1388,99891.65744585288
1389,99891.65744585288
1390,99891.65744585288
1391,99290.44296294206
1392,99290.44296294206
1393,99290.44296294206
1394,99290.44296294206
1395,99290.44296294206
1396,99290.44296294206
1397,99290.44296294206
1398,99290.44296294206
1399,99290.44296294206
1400,99290.44296294206
1401,99290.44296294206
1402,99290.44296294206
1403,99290.44296294206
1404,99290.44296294206
1405,99290.44296294206
1406,99290.44296294206
1407,99290.44296294206
1408,99290.44296294206
1409,99290.44296294206
1410,99290.44296294206
1411,99290.44296294206
1412,99290.44296294206
1413,99290.44296294206
1414,99290.44296294206
1415,99290.44296294206
1416,99290.44296294206
1417,99290.44296294206
1418,99290.44296294206
1419,99290.44296294206
1420,99290.44296294206
1421,99290.44296294206
1422,99290.44296294206
1423,99290.44296294206
1424,99290.44296294206
1425,99290.44296294206
1426,99290.44296294206
1427,99290.44296294206
1428,99290.44296294206
1429,99290.44296294206
1430,99290.44296294206
1431,99290.44296294206
1432,99290.44296294206
1433,99290.44296294206
1434,99290.44296294206
1435,99290.44296294206
1436,99290.44296294206
1437,99290.44296294206
1438,99290.44296294206
1439,99290.44296294206
1440,99290.44296294206
1441,99290.44296294206
1442,99290.44296294206
1443,99290.44296294206
1444,99290.44296294206
1445,99290.44296294206
1446,99290.44296294206
1447,99290.44296294206
1448,99290.44296294206
1449,99290.44296294206
1450,99290.44296294206
1451,99290.44296294203
1452,99290.44296294203
1453,99290.44296294203
1454,99290.44296294203
1455,99290.44296294203
1456,99290.44296294203
1457,99290.44296294203
1458,99290.44296294203
1459,99290.44296294203
1460,99290.44296294203
1461,99290.44296294203
1462,99290.44296294203
1463,99290.44296294203
1464,99290.44296294203
1465,99290.44296294203
1466,99290.44296294203
1467,99290.44296294203
1468,99290.44296294203
1469,99290.44296294203
1470,99290.44296294203
1471,99290.44296294203
1472,99290.44296294203
1473,99290.44296294203
1474,99290.44296294203
1475,99290.44296294203
1476,99290.44296294203
1477,99290.44296294203
1478,99290.44296294203
1479,99290.44296294203
1480,99290.44296294203
1481,99290.44296294203
1482,99290.44296294203
1483,99290.44296294203
1484,99290.44296294203
1485,99290.44296294203
1486,99290.44296294203
1487,99290.44296294203
1488,99290.44296294203
1489,99290.44296294203
1490,99290.44296294203
1491,99290.44296294203
1492,99290.44296294203
1493,99290.44296294203
1494,99290.44296294203
1495,99290.44296294203
1496,99290.44296294203
1497,99290.44296294203
1498,99290.44296294203
1499,99290.44296294203
1500,99290.44296294203
1501,99290.44296294203
1502,99290.44296294203
1503,99290.44296294203
1504,99290.44296294203
1505,99290.44296294203
1506,99290.44296294203
1507,99290.44296294203
1508,99290.44296294203
1509,99290.44296294203
1510,99290.44296294203
1511,99290.44296294203
1512,99290.44296294203
1513,99290.44296294203
1514,99290.44296294203
1515,99290.44296294203
1516,99290.44296294203
1517,99290.44296294203
1518,99290.44296294203
1519,99290.44296294203
1520,99290.44296294203
1521,99290.44296294203
1522,99290.44296294203
1523,99290.44296294203
1524,99290.44296294203
1525,99290.44296294203
1526,99290.44296294203
1527,99290.44296294203
1528,99290.44296294203
1529,99290.44296294203
1530,99290.44296294203
1531,99290.44296294203
1532,99290.44296294203
1533,99290.44296294203
1534,99290.44296294203
1535,99290.44296294203
1536,99290.44296294203
1537,98082.00121522229
1538,98082.00121522229
1539,98082.00121522229
1540,98082.00121522229
1541,98082.00121522229
1542,98082.00121522229
1543,98082.00121522229
1544,98082.00121522229
1545,98082.00121522229
1546,98082.00121522229
1547,98082.00121522229
1548,98082.00121522229
1549,98082.00121522229
1550,98082.00121522229
1551,98082.00121522229
1552,98082.00121522229
1553,98082.00121522229
1554,98082.00121522229
1555,98082.00121522229
1556,98082.00121522229
1557,98082.00121522229
1558,98082.00121522229
1559,98082.00121522229
1560,98082.00121522229
1561,98082.00121522229
1562,98082.00121522229
1563,98082.00121522229
1564,98082.00121522229
1565,98082.00121522229
1566,98082.00121522229
1567,98082.00121522229
1568,98082.00121522229
1569,98082.00121522229
1570,98082.00121522229
1571,98082.00121522229
1572,98082.00121522229
1573,98082.00121522229
1574,98082.00121522229
1575,98082.00121522229
1576,98082.00121522229
1577,98082.00121522229
1578,98082.00121522229
1579,98082.00121522229
1580,98082.00121522229
1581,98082.00121522229
1582,98082.00121522229
1583,98082.00121522229
1584,98082.00121522229
1585,98082.00121522229
1586,98082.00121522229
1587,98082.00121522229
1588,98082.00121522229
1589,98082.00121522229
1590,98082.00121522229
1591,98082.00121522223
1592,98082.00121522223
1593,98082.00121522223
1594,98082.00121522223
1595,98082.00121522223
1596,98082.00121522223
1597,98082.00121522223
1598,98082.00121522223
1599,98082.00121522223
1600,98082.00121522223
1601,98082.00121522223
1602,98082.00121522223
1603,98082.00121522223
1604,98082.00121522223
1605,98082.00121522223
1606,98082.00121522223
1607,98082.00121522223
1608,98082.00121522223
1609,98082.00121522223
1610,98082.00121522223
1611,98082.00121522223
1612,98082.00121522223
1613,98082.00121522223
1614,98082.00121522223
1615,98082.00121522223
1616,98082.00121522223
1617,98082.00121522223
1618,98082.00121522223
1619,98082.00121522223
1620,98082.00121522223
1621,98082.00121522223
1622,98082.00121522223
1623,98082.00121522223
1624,98082.00121522223
1625,98082.00121522223
1626,98082.00121522223
1627,98082.00121522223
1628,98082.00121522223
1629,98082.00121522223
1630,98082.00121522223
1631,98082.00121522223
1632,98082.00121522223
1633,98082.00121522223
1634,98082.00121522223
1635,98082.00121522223
1636,98082.00121522223
1637,93693.61963212355
1638,93693.61963212355
1639,93693.61963212355
1640,93108.64882079349
1641,93108.64882079349
1642,93108.64882079349
1643,93108.64882079349
1644,93108.64882079349
1645,93108.64882079349
1646,93108.64882079349
1647,93108.64882079349
1648,93108.64882079349
1649,93108.64882079349
1650,93108.64882079349
1651,93108.64882079349
1652,93108.64882079349
1653,93108.64882079349
1654,93108.64882079349
1655,93108.64882079349
1656,93108.64882079349
1657,93108.64882079349
1658,93108.64882079349
1659,93108.64882079349
1660,93108.64882079349
1661,93108.64882079349
1662,93108.64882079349
1663,93108.64882079349
1664,93108.64882079349
1665,93108.64882079349
1666,93108.64882079349
1667,93108.64882079349
1668,93108.64882079349
1669,93108.64882079349
1670,93108.64882079349
1671,93108.64882079349
1672,93108.64882079349
1673,93108.64882079349
1674,93108.64882079349
1675,93108.64882079349
1676,93108.64882079349
1677,93108.64882079349
1678,93108.64882079349
1679,93108.64882079349
1680,93108.64882079349
1681,93108.64882079349
1682,92362.45538993434
1683,92362.45538993434
1684,92362.45538993434
1685,92362.45538993434
1686,92362.45538993434
1687,92362.45538993434
1688,92362.45538993434
1689,92362.45538993434
1690,92362.45538993434
1691,92362.45538993434
1692,92362.45538993433
1693,92362.45538993433
1694,92362.45538993433
1695,92362.45538993433
1696,92362.45538993433
1697,92362.45538993433
1698,92362.45538993433
1699,92362.45538993433
1700,92362.45538993433
1701,92362.45538993433
1702,92362.45538993426
1703,92362.45538993426
1704,92362.45538993426
1705,92362.45538993426
1706,92362.45538993426
1707,92362.45538993426
1708,92362.45538993426
1709,92362.45538993426
1710,92362.45538993426
1711,92362.45538993426
1712,92362.45538993426
1713,92362.45538993426
1714,92362.45538993426
1715,92362.45538993426
1716,92362.45538993424
1717,92362.45538993424
1718,92362.45538993424
1719,92362.45538993424
1720,92362.45538993424
1721,92362.45538993424
1722,92362.45538993424
1723,92362.45538993424
1724,92362.45538993424
1725,92362.45538993424
1726,92362.45538993424
1727,92362.45538993424
1728,92362.45538993424
1729,92362.45538993424
1730,92362.45538993424
1731,92362.45538993424
1732,92362.45538993424
1733,92362.45538993424
1734,92362.45538993424
1735,92362.45538993424
1736,92362.45538993424
1737,92362.45538993424
1738,92362.45538993424
1739,92362.45538993424
1740,92362.45538993424
1741,92362.45538993424
1742,92362.45538993424
1743,92362.45538993424
1744,92362.45538993424
1745,92362.45538993424
1746,92362.45538993424
1747,92362.45538993424
1748,92362.45538993424
1749,92362.45538993424
1750,92362.45538993424
1751,92362.45538993424
1752,92362.45538993424
1753,92362.45538993424
1754,92362.45538993424
1755,92362.45538993424
1756,92362.45538993424
1757,92362.45538993424
1758,92362.45538993424
1759,92362.45538993424
1760,92362.45538993424
1761,92362.45538993424
1762,92362.45538993424
1763,92362.45538993424
1764,92362.45538993424
1765,92362.45538993424
1766,92362.45538993424
1767,92362.45538993424
1768,92362.45538993424
1769,92362.45538993424
1770,92362.45538993424
1771,92362.45538993424
1772,92362.45538993424
1773,92362.45538993424
1774,92362.45538993424
1775,92362.45538993424
1776,92362.45538993424
1777,92362.45538993424
1778,92362.45538993424
1779,92362.45538993424
1780,92362.45538993424
1781,92362.45538993424
1782,92362.45538993424
1783,92362.45538993424
1784,92362.45538993424
1785,92362.45538993424
1786,92362.45538993424
1787,92362.45538993424
1788,92362.45538993424
1789,92362.45538993424
1790,92362.45538993424
1791,92362.45538993424
1792,92362.45538993424
1793,92362.45538993424
1794,92362.45538993424
1795,92362.45538993424
1796,92362.45538993424
1797,92362.45538993424
1798,92362.45538993424
1799,92362.45538993424
1800,92362.45538993424
1801,92362.45538993424
1802,92362.45538993424
1803,92362.45538993424
1804,92362.45538993424
1805,92362.45538993424
1806,92362.45538993424
1807,92362.45538993424
1808,92362.45538993424
1809,92362.45538993424
1810,92362.45538993424
1811,92362.45538993424
1812,92362.45538993424
1813,92362.45538993424
1814,92362.45538993424
1815,92362.45538993424
1816,92362.45538993424
1817,92362.45538993424
1818,92362.45538993424
1819,92362.45538993424
1820,92362.45538993424
1821,92362.45538993424
1822,92362.45538993424
1823,92362.45538993424
1824,92362.45538993424
1825,92362.45538993424
1826,92362.45538993424
1827,92362.45538993424
1828,92362.45538993424
1829,92362.45538993424
1830,92362.45538993424
1831,92362.45538993424
1832,92362.45538993424
1833,92362.45538993424
1834,92362.45538993424
1835,92362.45538993424
1836,92362.45538993416
1837,92362.45538993416
1838,92362.45538993416
1839,92362.45538993416
1840,92362.45538993416
1841,92362.45538993416
1842,92362.45538993416
1843,92362.45538993416
1844,92362.45538993416
1845,92362.45538993416
1846,92362.45538993416
1847,92362.45538993416
1848,92362.45538993416
1849,92362.45538993416
1850,92362.45538993416
1851,92362.45538993416
1852,92362.45538993416
1853,92362.45538993416
1854,92362.45538993416
1855,92362.45538993416
1856,92362.45538993416
1857,92362.45538993416
1858,92362.45538993416
1859,92362.45538993416
1860,92362.45538993416
1861,92362.45538993416
1862,92362.45538993416
1863,92362.45538993416
1864,92362.45538993416
1865,92362.45538993416
1866,92362.45538993416
1867,92362.45538993416
1868,92362.45538993416
1869,92362.45538993416
1870,92362.45538993416
1871,92362.45538993416
1872,92362.45538993416
1873,92362.45538993416
1874,92362.45538993416
1875,92362.45538993416
1876,92362.45538993416
1877,92362.45538993416
1878,92362.45538993416
1879,92362.45538993416
1880,92362.45538993416
1881,92362.45538993416
1882,92362.45538993416
1883,92362.45538993416
1884,92362.45538993416
1885,92362.45538993416
1886,92362.45538993416
1887,92362.45538993416
1888,92362.45538993416
1889,92362.45538993416
1890,92362.45538993416
1891,92362.45538993416
1892,92362.45538993416
1893,92362.45538993416
1894,92362.45538993416
1895,92362.45538993416
1896,92362.45538993416
1897,92362.45538993416
1898,92362.45538993416
1899,92362.45538993416
1900,92362.45538993416
1901,92362.45538993416
1902,92362.45538993416
1903,92362.45538993416
1904,92362.45538993416
1905,92362.45538993416
1906,92362.45538993416
1907,92362.45538993416
1908,92362.45538993416
1909,92362.45538993416
1910,92362.45538993416
1911,92362.45538993416
1912,92362.45538993416
1913,92362.45538993416
1914,92362.45538993416
1915,92362.45538993416
1916,92362.45538993416
1917,92362.45538993416
1918,92362.45538993416
1919,92362.45538993416
1920,92362.45538993416
1921,92362.45538993416
1922,92362.45538993416
1923,92362.45538993416
1924,92362.45538993416
1925,92362.45538993416
1926,92362.45538993416
1927,92362.45538993416
1928,92362.45538993416
1929,92362.45538993416
1930,92362.45538993416
1931,92362.45538993416
1932,92362.45538993416
1933,92362.45538993416
1934,92362.45538993416
1935,92362.45538993416
1936,92362.45538993416
1937,92362.45538993416
1938,92362.45538993416
1939,92362.45538993416
1940,92362.45538993416
1941,92362.45538993416
1942,92362.45538993416
1943,92362.45538993416
1944,92362.45538993416
1945,92362.45538993416
1946,92362.45538993416
1947,92362.45538993416
1948,92362.45538993416
1949,92362.45538993416
1950,92362.45538993416
1951,92362.45538993416
1952,92362.45538993416
1953,92362.45538993416
1954,92362.45538993416
1955,92362.45538993416
1956,92362.45538993416
1957,92362.45538993416
1958,92362.45538993416
1959,92362.45538993416
1960,92362.45538993416
1961,92362.45538993416
1962,92362.45538993416
1963,92362.45538993416
1964,92362.45538993416
1965,92362.45538993416
1966,92362.45538993416
1967,92362.45538993416
1968,92362.45538993416
1969,92362.45538993416
1970,92362.45538993416
1971,92362.45538993416
1972,92362.45538993416
1973,92362.45538993416
1974,92362.45538993416
1975,92362.45538993416
1976,92362.45538993416
1977,92362.45538993416
1978,92362.45538993416
1979,92362.45538993416
1980,92362.45538993416
1981,92362.45538993416
1982,92362.45538993416
1983,92362.45538993416
1984,92362.45538993416
1985,92362.45538993416
1986,92362.45538993416
1987,92362.45538993416
1988,92362.45538993416
1989,92362.45538993416
1990,92362.45538993416
1991,90147.73752175856
1992,90147.73752175856
1993,90147.73752175856
1994,90147.73752175856
1995,90147.73752175856
1996,90147.73752175856
1997,90147.73752175856
1998,90147.73752175856
1999,90147.73752175856
2000,90147.73752175856
2001,82357.60465652235
2002,82357.60465652235
2003,82357.60465652235
2004,82357.60465652235
2005,82357.60465652235
2006,82357.60465652235
2007,82357.60465652235
2008,82357.60465652235
2009,82357.60465652235
2010,82357.60465652235
2011,82357.60465652235
2012,82357.60465652235
2013,82357.60465652235
2014,82357.60465652235
2015,82357.60465652228
2016,82357.60465652228
2017,82357.60465652228
2018,82357.60465652228
2019,82357.60465652228
2020,82357.60465652228
2021,82357.60465652228
2022,80661.18544224619
2023,80661.18544224619
2024,80661.18544224619
2025,80661.18544224618
2026,80661.18544224618
2027,80661.18544224618
2028,80661.18544224618
2029,80661.18544224618
2030,80661.18544224618
2031,80661.18544224618
2032,80661.18544224618
2033,80661.18544224618
2034,80661.18544224618
2035,80661.18544224618
2036,80661.18544224618
2037,80661.18544224618
2038,80661.18544224618
2039,80661.18544224618
2040,80661.18544224618
2041,80661.18544224618
2042,80661.18544224618
2043,80661.18544224618
2044,80661.18544224618
2045,80661.18544224618
2046,80661.18544224618
2047,80661.18544224618
2048,80661.18544224618
2049,80661.18544224618
2050,80661.18544224618
2051,80661.18544224618
2052,80661.18544224618
2053,80661.18544224618
2054,80661.18544224618
2055,80661.18544224618
2056,80661.18544224618
2057,80661.18544224618
2058,80661.18544224618
2059,80661.18544224618
2060,80661.18544224618
2061,80661.18544224615
2062,80661.18544224615
2063,80661.18544224615
2064,80661.18544224615
2065,80661.18544224615
2066,80661.18544224615
2067,80661.18544224615
2068,80661.18544224615
2069,80661.18544224615
2070,80661.18544224615
2071,80661.18544224615
2072,80661.18544224615
2073,80661.18544224615
2074,80661.18544224615
2075,80661.18544224615
2076,80661.18544224615
2077,80661.18544224615
2078,80661.18544224615
2079,80661.18544224615
2080,80661.18544224615
2081,80661.18544224615
2082,80661.18544224615
2083,80661.18544224615
2084,80661.18544224615
2085,80661.18544224615
2086,80661.18544224615
2087,80661.18544224615
2088,80661.18544224615
2089,80661.18544224615
2090,80661.18544224615
2091,80661.18544224615
2092,80661.18544224615
2093,80661.18544224615
2094,80661.18544224615
2095,80661.18544224615
2096,80661.18544224615
2097,80661.18544224615
2098,80661.18544224615
2099,80661.18544224615
2100,80661.18544224615
2101,80661.18544224615
2102,78397.41719053814
2103,78397.41719053814
2104,78397.41719053814
2105,78397.41719053814
2106,78397.41719053814
2107,78397.41719053814
2108,78397.41719053814
2109,78397.41719053814
2110,78397.41719053814
2111,78397.41719053814
2112,78397.41719053814
2113,78397.41719053814
2114,78397.41719053814
2115,78397.41719053814
2116,78397.41719053814
2117,78397.41719053814
2118,78397.41719053814
2119,78397.41719053814
2120,78397.41719053814
2121,78397.41719053814
2122,78397.41719053814
2123,78397.41719053812
2124,78397.41719053812
2125,78397.41719053812
2126,78397.41719053812
2127,78397.41719053812
2128,78397.41719053812
2129,78397.41719053812
2130,78397.41719053812
2131,78397.41719053812
2132,78397.41719053812
2133,78397.41719053812
2134,78397.41719053812
2135,78397.41719053812
2136,78397.41719053812
2137,78397.41719053812
2138,78397.41719053812
2139,78397.41719053812
2140,78397.41719053812
2141,78397.41719053812
2142,78397.41719053812
2143,78397.41719053812
2144,78397.41719053812
2145,78397.41719053812
2146,78397.41719053812
2147,78397.41719053812
2148,78397.41719053812
2149,78397.41719053808
2150,78397.41719053808
2151,78397.41719053808
2152,78397.41719053808
2153,78397.41719053808
2154,78397.41719053808
2155,78397.41719053808
2156,78397.41719053808
2157,78397.41719053808
2158,78397.41719053808
2159,78397.41719053808
2160,78397.41719053808
2161,78397.41719053808
2162,78397.41719053808
2163,78397.41719053808
2164,78397.41719053808
2165,78397.41719053808
2166,78397.41719053808
2167,78397.41719053808
2168,78397.41719053808
2169,78397.41719053808
2170,78397.41719053808
2171,78397.41719053808
2172,78397.41719053808
2173,78397.41719053808
2174,78397.41719053808
2175,78397.41719053808
2176,78397.41719053808
2177,78397.41719053808
2178,78397.41719053808
2179,78397.41719053808
2180,78397.41719053808
2181,78397.41719053808
2182,78397.41719053808
2183,78397.41719053808
2184,78397.41719053808
2185,78397.41719053808
2186,78397.41719053808
2187,78397.41719053808
2188,78397.41719053808
2189,78397.41719053808
2190,78397.41719053808
2191,78397.41719053808
2192,78397.41719053808
2193,78397.41719053808
2194,78397.41719053808
2195,78397.41719053808
2196,78397.41719053808
2197,78397.41719053808
2198,78397.41719053808
2199,78397.41719053808
2200,78397.41719053808
2201,78397.41719053808
2202,78397.41719053808
2203,78397.41719053808
2204,78397.41719053808
2205,78397.41719053808
2206,78397.41719053808
2207,78397.41719053808
2208,78397.41719053808
2209,78397.41719053808
2210,78397.41719053808
2211,78397.41719053808
2212,78397.41719053808
2213,78397.41719053808
2214,78397.41719053808
2215,78397.41719053808
2216,78397.41719053808
2217,78397.41719053808
2218,78397.41719053808
2219,78397.41719053808
2220,78397.41719053808
2221,78397.41719053808
2222,78397.41719053808
2223,78397.41719053808
2224,78397.41719053808
2225,78397.41719053808
2226,78397.41719053808
2227,78397.41719053808
2228,78397.41719053808
2229,78397.41719053808
2230,78397.41719053808
2231,78397.41719053808
2232,78397.41719053808
2233,78397.41719053808
2234,78397.41719053808
2235,78397.41719053808
2236,78397.41719053808
2237,78397.41719053808
2238,78397.41719053808
2239,78397.41719053808
2240,78397.41719053808
2241,78397.41719053808
2242,78397.41719053808
2243,78397.41719053808
2244,78397.41719053808
2245,78397.41719053808
2246,78397.41719053808
2247,78397.41719053808
2248,78397.41719053808
2249,78397.41719053808
2250,78397.41719053808
2251,78397.41719053808
2252,78397.41719053808
2253,78397.41719053808
2254,78397.41719053808
2255,78397.41719053808
2256,78397.41719053808
2257,78397.41719053808
2258,78397.41719053808
2259,78397.41719053808
2260,78397.41719053808
2261,78397.41719053808
2262,78397.41719053808
2263,78397.41719053808
2264,78397.41719053808
2265,78397.41719053808
2266,78397.41719053808
2267,78397.41719053808
2268,78397.41719053808
2269,78397.41719053808
2270,78397.41719053808
2271,78397.41719053808
2272,78397.41719053808
2273,78397.41719053808
2274,78397.41719053808
2275,78397.41719053808
2276,78397.41719053808
2277,78397.41719053808
2278,78397.41719053808
2279,78397.41719053808
2280,78397.41719053808
2281,78397.41719053808
2282,78397.41719053808
2283,78397.41719053808
2284,78397.41719053808
2285,78397.41719053808
2286,78397.41719053808
2287,78397.41719053808
2288,78397.41719053808
2289,78397.41719053808
2290,78397.41719053808
2291,78397.41719053808
2292,78397.41719053808
2293,78397.41719053808
2294,78397.41719053808
2295,78397.41719053808
2296,78397.41719053808
2297,78397.41719053808
2298,78397.41719053808
2299,78397.41719053808
2300,78397.41719053808
2301,78397.41719053808
2302,78397.41719053808
2303,78397.41719053808
2304,78397.41719053808
2305,78397.41719053808
2306,78397.41719053808
2307,78397.41719053808
2308,78397.41719053808
2309,78397.41719053808
2310,78397.41719053808
2311,78397.41719053808
2312,78397.41719053808
2313,78397.41719053808
2314,78397.41719053808
2315,78397.41719053808
2316,78397.41719053808
2317,78397.41719053808
2318,78397.41719053808
2319,78397.41719053808
2320,78397.41719053808
2321,78397.41719053808
2322,78397.41719053808
2323,78397.41719053808
2324,78397.41719053808
2325,78397.41719053808
2326,78397.41719053808
2327,78397.41719053808
2328,78397.41719053808
2329,78397.41719053808
2330,78397.41719053808
2331,78397.41719053808
2332,78397.41719053808
2333,78397.41719053808
2334,78397.41719053808
2335,78397.41719053808
2336,78397.41719053808
2337,78397.41719053808
2338,75235.01551398025
2339,75235.01551398025
2340,75235.01551398025
2341,75235.01551398025
2342,75235.01551398025
2343,75235.01551398025
2344,75235.01551398025
2345,75235.01551398025
2346,75235.01551398025
2347,75235.01551398025
2348,75235.01551398025
2349,75235.01551398025
2350,75235.01551398025
2351,75235.01551398025
2352,75235.01551398025
2353,75235.01551398025
2354,75235.01551398025
2355,75235.01551398025
2356,75235.01551398025
2357,75235.01551398025
2358,75235.01551398025
2359,75235.01551398025
2360,75235.01551398025
2361,75235.01551398025
2362,75235.01551398025
2363,75235.01551398025
2364,75235.01551398025
2365,75235.01551398025
2366,75235.01551398025
2367,75235.01551398025
2368,75235.01551398025
2369,75235.01551398025
2370,75235.01551398024
2371,75235.01551398024
2372,75235.01551398022
2373,75235.01551398022
2374,75235.01551398018
2375,75235.01551398018
2376,75235.01551398018
2377,75235.01551398018
2378,75235.01551398018
2379,75235.01551398018
2380,75235.01551398018
2381,75235.01551398018
2382,75235.01551398018
2383,75235.01551398018
2384,75235.01551398018
2385,75235.01551398018
2386,75235.01551398018
2387,75235.01551398018
2388,75235.01551398018
2389,75235.01551398018
2390,75235.01551398018
2391,75235.01551398018
2392,75235.01551398018
2393,75235.01551398018
2394,75235.01551398018
2395,75235.01551398018
2396,75235.01551398018
2397,75235.01551398018
2398,75235.01551398018
2399,75235.01551398018
2400,75235.01551398018
2401,75235.01551398018
2402,75235.01551398018
2403,75235.01551398018
2404,75235.01551398018
2405,75235.01551398018
2406,75235.01551398018
2407,75235.01551398018
2408,75235.01551398018
2409,75235.01551398018
2410,75235.01551398018
2411,75235.01551398018
2412,75235.01551398018
2413,75235.01551398018
2414,75235.01551398018
2415,75235.01551398018
2416,75235.01551398018
2417,75235.01551398018
2418,75235.01551398018
2419,75235.01551398018
2420,75235.01551398018
2421,75235.01551398018
2422,75235.01551398018
2423,75235.01551398016
2424,75235.01551398016
2425,75235.01551398016
2426,75235.01551398016
2427,75235.01551398016
2428,75235.01551398016
2429,75235.01551398016
2430,75235.01551398016
2431,75235.01551398016
2432,75235.01551398016
2433,75235.01551398016
2434,75235.01551398016
2435,75235.01551398016
2436,75235.01551398016
2437,75235.01551398016
2438,75235.01551398016
2439,75235.01551398016
2440,75235.01551398016
2441,75235.01551398016
2442,75235.01551398016
2443,75235.01551398016
2444,75235.01551398016
2445,75235.01551398016
2446,75235.01551398016
2447,75235.01551398016
2448,68332.80887088623
2449,68332.80887088623
2450,68332.80887088623
2451,68332.80887088623
2452,68332.80887088623
2453,68332.80887088623
2454,68332.80887088623
2455,68332.80887088623
2456,68332.80887088623
2457,68332.80887088623
2458,68332.80887088623
2459,68332.80887088623
2460,68332.80887088615
2461,68332.80887088613
2462,68332.80887088613
2463,68332.80887088613
2464,68332.80887088613
2465,68332.80887088613
2466,67651.94104360147
2467,67651.94104360147
2468,67651.94104360147
2469,67651.94104360147
2470,67651.94104360147
2471,67651.94104360147
2472,67651.94104360147
2473,67651.94104360147
2474,67651.94104360147
2475,67651.94104360147
2476,67651.94104360147
2477,66062.02412093634
2478,66062.02412093629
2479,66062.02412093629
2480,66062.02412093629
2481,66062.02412093629
2482,66062.02412093629
2483,66062.02412093629
2484,66062.02412093624
2485,66062.02412093624
2486,66062.02412093624
2487,66062.02412093624
2488,66062.02412093624
2489,66062.02412093624
2490,66062.02412093624
2491,66062.02412093624
2492,66062.02412093624
2493,66062.02412093624
2494,66062.02412093624
2495,66062.02412093624
2496,66062.02412093624
2497,66062.02412093624
2498,66062.02412093624
2499,66062.02412093624
