iteracion,valor_coste
0,1965494.0920556327
1,1965494.0920556327
2,1817860.637462923
3,1732960.845375581
4,1732960.845375581
5,1732960.845375581
6,1627472.1323488213
7,1627472.1323488213
8,1211758.8827732524
9,1210414.1640000115
10,1210414.1640000115
11,1210414.1640000115
12,1210414.1640000115
13,1210414.1640000115
14,1210414.1640000115
15,1210414.1640000115
16,1210414.1640000115
17,1210414.1640000115
18,1210414.1640000115
19,1210414.1640000115
20,1210414.1640000115
21,1210414.1640000115
22,1209960.1794060573
23,1209960.1794060573
24,1209960.1794060573
25,1209960.1794060573
26,1209960.1794060569
27,1209960.1794060569
28,1209960.1794060569
29,1209960.1794060569
30,1209960.1794060569
31,1209960.1794060569
32,1209960.1794060569
33,1209960.1794060569
34,1209960.1794060569
35,1209960.1794060569
36,1203985.1774222066
37,1203985.1774222066
38,1203985.1774222066
39,1203985.1774222066
40,1203985.1774222066
41,1203985.1774222066
42,1203985.1774222066
43,1203985.1774222066
44,1203985.1774222066
45,1203985.1774222066
46,1203985.1774222066
47,1203985.1774222066
48,1037429.4226737644
49,1037429.4226737644
50,1037429.4226737644
51,1037429.4226737644
52,1037429.4226737644
53,1037429.4226737644
54,1037429.4226737644
55,1037429.4226737644
56,1037429.4226737644
57,1037429.4226737644
58,1037429.4226737644
59,1037429.4226737644
60,1037429.4226737644
61,1037429.4226737644
62,1037429.422673764
63,1037429.422673764
64,1037429.422673764
65,1037429.422673764
66,1037429.422673764
67,1037429.422673764
68,1037429.422673764
69,1037429.422673764
70,1037429.422673764
71,1037429.422673764
72,1037429.422673764
73,1037429.422673764
74,1037429.422673764
75,1037429.422673764
76,1037429.422673764
77,1037429.422673764
78,1037429.422673764
79,1037429.422673764
80,1037429.422673764
81,1037429.422673764
82,1037429.422673764
83,1037429.422673764
84,1037429.422673764
85,1037429.422673764
86,1008908.7114020459
87,1008908.7114020459
88,1008908.7114020459
89,1001295.3762883246
90,1001295.3762883246
91,1001295.3762883246
92,1001295.3762883246
93,1001295.3762883246
94,1001295.3762883246
95,1001295.3762883246
96,1001295.3762883246
97,1001295.3762883246
98,1001295.3762883246
99,1001295.3762883246
100,1001295.3762883246
101,1001295.3762883246
102,1001295.3762883246
103,1001295.3762883246
104,1001295.3762883246
105,1001295.3762883246
106,915755.4310547463
107,915755.4310547463
108,915755.4310547463
109,915755.4310547455
110,915755.4310547455
111,915755.4310547455
112,915755.4310547455
113,915755.4310547455
114,915755.4310547455
115,915755.4310547455
116,915755.4310547455
117,915755.4310547455
118,915755.4310547455
119,915755.4310547455
120,915755.4310547455
121,915755.4310547455
122,915755.4310547455
123,915755.4310547455
124,915755.4310547455
125,915755.4310547455
126,915755.4310547455
127,915755.4310547455
128,915755.4310547455
129,915755.4310547455
130,915755.4310547455
131,915755.4310547455
132,915755.4310547455
133,915755.4310547455
134,915755.4310547455
135,915755.4310547455
136,915755.4310547455
137,915755.4310547455
138,915755.4310547455
139,915755.4310547455
140,915755.4310547455
141,915755.4310547455
142,915755.4310547455
143,915755.4310547455
144,915755.4310547455
145,915755.4310547455
146,915755.4310547455
147,915755.4310547455
148,912511.3641677528
149,912511.3641677528
150,912511.3641677528
151,912511.3641677528
152,912511.3641677528
153,912511.3641677528
154,912511.3641677528
155,912511.3641677528
156,912511.3641677528
157,912511.3641677528
158,912511.3641677528
159,912511.3641677528
160,912511.3641677528
161,912511.3641677528
162,903801.3479621914
163,903801.3479621914
164,903801.3479621914
165,903801.3479621914
166,903801.3479621914
167,903801.3479621914
168,903801.3479621912
169,903801.3479621912
170,903801.3479621912
171,903801.3479621912
172,903801.3479621912
173,903801.3479621912
174,903801.3479621912
175,903801.3479621912
176,903801.3479621912
177,903801.3479621912
178,903801.3479621912
179,903801.3479621912
180,903801.3479621912
181,903801.3479621912
182,903801.3479621912
183,903801.3479621912
184,903801.3479621912
185,879247.7619584103
186,879247.7619584103
187,827251.6916694816
188,827251.6916694816
189,827251.6916694816
190,827251.6916694816
191,827251.6916694816
192,827251.6916694816
193,827251.6916694816
194,827251.6916694816
195,827251.6916694816
196,827251.6916694816
197,827251.6916694816
198,827251.6916694816
199,827251.6916694816
200,827251.6916694816
201,826140.1611459769
202,826140.1611459769
203,826140.1611459769
204,826140.1611459769
205,826140.1611459769
206,826140.1611459769
207,826140.1611459769
208,826140.1611459769
209,826140.1611459769
210,826140.1611459769
211,826140.1611459769
212,826140.1611459769
213,826140.1611459769
214,826140.1611459769
215,826140.1611459769
216,826140.1611459769
217,826140.1611459769
218,826140.1611459769
219,826140.1611459769
220,826140.1611459769
221,826140.1611459769
222,826140.1611459769
223,826140.1611459769
224,826140.1611459769
225,826140.1611459769
226,826140.1611459769
227,826140.1611459769
228,826140.1611459769
229,826140.1611459769
230,826140.1611459769
231,826140.1611459769
232,826140.1611459769
233,826140.1611459769
234,826140.1611459769
235,826140.1611459769
236,826140.1611459769
237,826140.1611459769
238,826140.1611459769
239,826140.1611459769
240,826140.1611459769
241,826140.1611459769
242,826140.1611459769
243,826140.1611459769
244,826140.1611459769
245,826140.1611459769
246,826140.1611459769
247,826140.1611459769
248,826140.1611459769
249,826140.1611459769
250,826140.1611459769
251,826140.1611459769
252,826140.1611459769
253,826140.1611459769
254,826140.1611459769
255,826140.1611459769
256,826140.1611459769
257,826140.1611459769
258,826140.1611459769
259,826140.1611459769
260,826140.1611459769
261,826140.1611459769
262,826140.1611459769
263,826140.1611459769
264,826140.1611459769
265,826140.1611459769
266,826140.1611459769
267,826140.1611459769
268,826140.1611459769
269,826140.1611459769
270,810250.2016463707
271,781652.934936292
272,781652.934936292
273,780351.1526511523
274,780351.1526511523
275,780351.1526511523
276,770396.683547335
277,770396.683547335
278,770396.6835473346
279,770396.6835473346
280,770396.6835473346
281,770396.6835473346
282,770396.6835473346
283,770396.6835473346
284,770396.6835473346
285,770396.6835473346
286,770396.6835473346
287,770396.6835473346
288,770396.6835473346
289,770396.6835473346
290,707709.7901067043
291,707709.7901067043
292,707709.7901067043
293,707709.7901067043
294,707709.7901067043
295,707709.7901067043
296,707709.7901067043
297,707709.7901067043
298,707709.7901067043
299,707709.7901067043
300,707709.7901067043
301,707709.7901067043
302,707709.7901067043
303,707709.7901067043
304,707709.7901067043
305,707709.7901067043
306,707709.7901067043
307,707709.7901067043
308,707709.7901067043
309,707709.7901067043
310,707709.7901067043
311,707709.7901067043
312,707709.7901067043
313,707709.7901067043
314,707709.7901067043
315,707709.7901067043
316,707709.7901067043
317,707709.7901067043
318,707709.7901067043
319,707709.7901067043
320,707709.7901067043
321,707709.7901067043
322,707709.7901067043
323,707709.7901067043
324,707709.7901067043
325,707709.7901067043
326,707709.7901067043
327,707709.7901067043
328,707709.7901067043
329,707709.7901067043
330,707709.7901067043
331,707709.7901067043
332,707709.7901067043
333,707709.7901067043
334,707709.7901067043
335,683473.1818524823
336,683473.1818524823
337,683473.1818524823
338,683473.1818524823
339,683473.1818524823
340,683473.1818524823
341,683473.1818524823
342,676544.9455002228
343,676544.9455002228
344,676544.9455002228
345,676544.9455002228
346,676544.9455002228
347,676544.9455002228
348,676544.9455002228
349,676544.9455002228
350,676544.9455002228
351,676544.9455002228
352,676544.9455002228
353,676544.9455002228
354,676544.9455002228
355,669841.4799043887
356,669841.4799043887
357,669841.4799043887
358,669841.4799043882
359,669841.4799043882
360,669841.4799043882
361,669841.4799043882
362,669841.4799043882
363,669841.4799043882
364,669841.4799043882
365,669841.4799043882
366,669841.4799043882
367,669841.4799043882
368,669841.4799043882
369,669841.4799043882
370,669841.4799043882
371,669841.4799043882
372,669841.4799043882
373,669841.4799043882
374,669841.4799043882
375,669841.4799043882
376,669841.4799043882
377,669841.4799043882
378,669841.4799043882
379,669841.4799043882
380,669841.4799043882
381,669841.4799043882
382,669841.4799043882
383,669841.4799043882
384,669841.4799043882
385,669841.4799043882
386,669841.4799043882
387,669841.4799043882
388,669841.4799043877
389,669841.4799043877
390,669841.4799043877
391,669841.4799043877
392,669841.4799043877
393,669841.4799043877
394,669841.4799043877
395,669841.4799043877
396,669841.4799043877
397,669841.4799043877
398,669841.4799043877
399,669841.4799043877
400,669841.4799043877
401,669841.4799043877
402,669841.4799043877
403,669841.4799043877
404,669841.4799043877
405,669841.4799043877
406,669841.4799043877
407,669841.4799043877
408,658211.9335383634
409,658211.9335383634
410,658211.9335383634
411,658211.9335383634
412,658211.9335383634
413,658211.9335383634
414,658211.9335383634
415,658211.9335383634
416,658211.9335383634
417,658211.9335383634
418,633123.2354054846
419,633123.2354054846
420,633123.2354054846
421,633123.2354054846
422,633123.2354054846
423,633123.2354054846
424,633123.2354054846
425,633123.2354054846
426,633123.2354054846
427,633123.2354054846
428,633123.2354054846
429,633123.2354054846
430,633123.2354054846
431,633123.2354054846
432,633123.2354054846
433,633123.2354054846
434,633123.2354054846
435,633123.2354054846
436,633123.2354054846
437,633123.2354054846
438,633123.2354054846
439,633123.2354054846
440,633123.2354054846
441,633123.2354054846
442,633123.2354054846
443,633123.2354054846
444,633123.2354054846
445,633123.2354054846
446,633123.2354054846
447,633123.2354054846
448,633123.2354054846
449,633123.2354054846
450,633123.2354054846
451,633123.2354054846
452,633123.2354054846
453,633123.2354054846
454,633123.2354054846
455,633123.2354054846
456,633123.2354054846
457,633123.2354054846
458,633123.2354054846
459,633123.2354054846
460,633123.2354054846
461,633123.2354054846
462,633123.2354054844
463,633123.2354054844
464,633123.2354054844
465,633123.2354054844
466,633123.2354054844
467,633123.2354054844
468,633123.2354054844
469,633123.2354054844
470,633123.2354054844
471,633123.2354054844
472,633123.2354054844
473,633123.2354054844
474,633123.2354054844
475,633123.2354054844
476,633123.2354054844
477,633123.2354054843
478,633123.2354054843
479,633123.2354054843
480,633123.2354054843
481,633123.2354054843
482,633123.2354054843
483,633123.2354054843
484,633123.2354054843
485,633123.2354054843
486,633123.2354054843
487,633123.2354054843
488,633123.2354054843
489,633123.2354054843
490,633123.2354054843
491,633123.2354054843
492,633123.2354054843
493,633123.2354054843
494,633123.2354054843
495,515373.4070422729
496,514273.18482186977
497,514273.18482186977
498,514273.18482186977
499,514273.18482186977
500,514273.18482186977
501,514273.18482186977
502,514273.18482186977
503,514273.18482186977
504,514273.18482186977
505,514273.18482186977
506,514273.18482186977
507,514273.18482186977
508,514273.18482186977
509,514273.18482186977
510,514273.18482186977
511,514273.18482186925
512,514273.18482186925
513,514273.18482186925
514,514273.18482186925
515,514273.18482186925
516,514273.18482186925
517,514273.18482186925
518,470243.872211813
519,470243.872211813
520,463273.1482182228
521,463273.1482182228
522,463273.1482182228
523,463273.1482182228
524,463273.1482182224
525,463273.1482182224
526,463273.1482182224
527,463273.1482182224
528,463273.1482182224
529,463273.1482182224
530,463273.1482182224
531,463273.1482182224
532,463273.1482182224
533,463273.1482182224
534,463273.1482182224
535,463273.1482182224
536,463273.1482182224
537,463273.1482182224
538,463273.1482182224
539,463273.1482182224
540,463273.1482182224
541,463273.1482182224
542,463273.1482182224
543,463273.1482182224
544,463273.1482182224
545,463273.1482182224
546,463273.1482182224
547,463273.1482182224
548,463273.1482182224
549,463273.1482182224
550,463273.1482182224
551,463273.1482182224
552,463273.1482182224
553,463273.1482182224
554,463273.1482182224
555,463273.1482182224
556,463273.1482182224
557,463273.1482182224
558,463273.1482182224
559,463273.1482182224
560,463273.1482182224
561,463273.1482182224
562,463273.1482182224
563,463273.1482182224
564,463273.1482182224
565,463273.1482182224
566,463273.1482182224
567,463273.1482182224
568,463273.1482182224
569,463273.1482182224
570,463273.1482182224
571,463273.1482182224
572,463273.1482182224
573,463273.1482182224
574,463273.1482182224
575,463273.1482182224
576,463273.1482182224
577,462017.92097742826
578,462017.92097742826
579,462017.92097742826
580,462017.92097742826
581,462017.92097742826
582,462017.92097742826
583,462017.92097742826
584,462017.92097742826
585,462017.92097742826
586,462017.92097742826
587,462017.92097742826
588,462017.92097742826
589,462017.92097742826
590,462017.92097742826
591,462017.92097742826
592,462017.92097742826
593,462017.92097742826
594,462017.92097742826
595,462017.92097742826
596,462017.92097742826
597,462017.92097742826
598,462017.92097742826
599,462017.92097742826
600,462017.92097742826
601,462017.92097742826
602,462017.92097742826
603,462017.92097742826
604,462017.92097742826
605,462017.92097742826
606,462017.92097742826
607,462017.92097742826
608,462017.92097742826
609,462017.92097742826
610,462017.92097742826
611,462017.92097742815
612,462017.92097742815
613,462017.92097742815
614,462017.92097742815
615,462017.92097742815
616,462017.92097742815
617,462017.92097742815
618,462017.92097742815
619,462017.92097742815
620,462017.92097742815
621,462017.92097742815
622,462017.92097742815
623,462017.92097742815
624,462017.920977428
625,462017.920977428
626,462017.920977428
627,462017.920977428
628,462017.920977428
629,462017.920977428
630,462017.920977428
631,462017.920977428
632,462017.920977428
633,462017.920977428
634,462017.920977428
635,462017.920977428
636,462017.920977428
637,462017.920977428
638,462017.920977428
639,462017.920977428
640,462017.920977428
641,462017.920977428
642,462017.920977428
643,462017.920977428
644,462017.920977428
645,462017.920977428
646,462017.920977428
647,462017.920977428
648,462017.920977428
649,462017.920977428
650,462017.920977428
651,462017.920977428
652,462017.920977428
653,462017.920977428
654,462017.920977428
655,462017.920977428
656,462017.920977428
657,462017.920977428
658,462017.920977428
659,462017.920977428
660,462017.920977428
661,462017.920977428
662,462017.920977428
663,462017.920977428
664,462017.920977428
665,462017.920977428
666,462017.920977428
667,462017.920977428
668,462017.920977428
669,462017.920977428
670,462017.920977428
671,462017.920977428
672,462017.920977428
673,462017.920977428
674,462017.920977428
675,462017.920977428
676,462017.920977428
677,462017.920977428
678,462017.920977428
679,462017.920977428
680,462017.920977428
681,462017.920977428
682,462017.920977428
683,462017.920977428
684,462017.920977428
685,462017.920977428
686,462017.920977428
687,462017.920977428
688,462017.920977428
689,462017.920977428
690,462017.920977428
691,462017.920977428
692,462017.920977428
693,462017.920977428
694,462017.920977428
695,462017.920977428
696,462017.920977428
697,462017.920977428
698,462017.920977428
699,462017.920977428
700,462017.920977428
701,462017.920977428
702,462017.920977428
703,462017.920977428
704,462017.920977428
705,462017.920977428
706,462017.920977428
707,462017.920977428
708,462017.920977428
709,462017.920977428
710,462017.920977428
711,462017.920977428
712,462017.920977428
713,462017.920977428
714,462017.920977428
715,462017.920977428
716,462017.920977428
717,462017.920977428
718,462017.920977428
719,462017.920977428
720,462017.920977428
721,462017.920977428
722,462017.920977428
723,462017.920977428
724,462017.920977428
725,462017.920977428
726,462017.920977428
727,462017.920977428
728,462017.920977428
729,462017.920977428
730,462017.920977428
731,462017.920977428
732,462017.920977428
733,462017.920977428
734,462017.920977428
735,462017.920977428
736,462017.920977428
737,462017.920977428
738,462017.920977428
739,462017.920977428
740,462017.920977428
741,462017.920977428
742,462017.920977428
743,462017.920977428
744,462017.920977428
745,462017.920977428
746,462017.920977428
747,462017.920977428
748,462017.920977428
749,462017.920977428
750,462017.920977428
751,462017.920977428
752,462017.920977428
753,462017.920977428
754,462017.920977428
755,462017.920977428
756,462017.920977428
757,462017.920977428
758,462017.920977428
759,462017.920977428
760,462017.920977428
761,462017.920977428
762,462017.920977428
763,462017.920977428
764,462017.920977428
765,462017.920977428
766,462017.920977428
767,462017.920977428
768,462017.920977428
769,462017.920977428
770,462017.920977428
771,462017.920977428
772,462017.920977428
773,462017.920977428
774,462017.920977428
775,462017.920977428
776,462017.920977428
777,462017.920977428
778,462017.920977428
779,462017.920977428
780,456056.542588738
781,456056.542588738
782,456056.542588738
783,456056.542588738
784,456056.542588738
785,456056.542588738
786,456056.542588738
787,456056.542588738
788,456056.542588738
789,456056.542588738
790,456056.542588738
791,456056.542588738
792,456056.542588738
793,456056.542588738
794,456056.542588738
795,456056.542588738
796,456056.542588738
797,456056.542588738
798,456056.542588738
799,456056.542588738
800,456056.542588738
801,456056.542588738
802,456056.542588738
803,456056.542588738
804,456056.542588738
805,456056.542588738
806,456056.542588738
807,456056.542588738
808,456056.542588738
809,456056.542588738
810,456056.54258873774
811,456056.54258873774
812,456056.54258873774
813,456056.54258873774
814,456056.54258873774
815,456056.54258873774
816,456056.54258873774
817,456056.54258873774
818,456056.54258873774
819,456056.54258873774
820,456056.54258873774
821,456056.54258873774
822,456056.54258873774
823,456056.54258873774
824,456056.54258873774
825,456056.54258873774
826,456056.54258873756
827,456056.54258873756
828,456056.54258873756
829,456056.54258873756
830,456056.54258873756
831,456056.54258873756
832,456056.54258873756
833,456056.54258873756
834,456056.54258873756
835,456056.54258873756
836,456056.54258873756
837,456056.54258873756
838,456056.54258873756
839,456056.54258873756
840,456056.54258873756
841,456056.54258873756
842,456056.54258873756
843,456056.54258873756
844,456056.54258873756
845,456056.54258873756
846,456056.54258873756
847,456056.54258873756
848,456056.54258873756
849,456056.54258873756
850,456056.54258873756
851,456056.54258873756
852,456056.54258873756
853,456056.54258873756
854,456056.54258873756
855,456056.54258873756
856,456056.54258873756
857,456056.54258873756
858,456056.54258873756
859,456056.54258873756
860,456056.54258873756
861,445172.38460302475
862,445172.38460302475
863,445172.38460302475
864,445172.38460302475
865,445172.38460302475
866,445172.38460302475
867,445172.38460302475
868,445172.38460302475
869,445172.38460302475
870,445172.38460302475
871,445172.38460302475
872,445172.38460302475
873,445172.38460302475
874,445172.38460302475
875,445172.38460302475
876,445172.38460302475
877,445172.38460302475
878,445172.38460302475
879,445172.38460302475
880,445172.38460302475
881,445172.38460302475
882,445172.38460302475
883,445172.38460302475
884,445172.38460302475
885,445172.38460302475
886,445172.38460302475
887,445172.38460302475
888,445172.38460302475
889,430929.3855650823
890,430929.3855650823
891,430929.3855650823
892,430929.3855650823
893,430929.3855650823
894,430929.3855650823
895,416748.5430148671
896,416748.5430148668
897,416748.5430148668
898,416748.5430148668
899,416748.5430148668
900,416748.5430148668
901,416748.5430148668
902,416748.54301486665
903,416748.54301486665
904,416748.54301486665
905,416748.54301486665
906,416748.54301486665
907,416748.54301486665
908,416748.54301486665
909,416748.54301486665
910,416748.54301486665
911,416748.54301486665
912,416748.54301486665
913,416748.54301486665
914,416748.54301486665
915,416748.54301486665
916,416748.54301486665
917,416748.54301486665
918,416748.54301486665
919,416748.54301486665
920,416748.54301486665
921,416748.54301486665
922,416748.54301486665
923,416748.54301486665
924,416748.54301486665
925,416748.54301486665
926,416748.54301486665
927,416748.54301486665
928,416748.54301486665
929,416748.54301486665
930,416748.54301486665
931,416748.54301486665
932,416748.54301486665
933,416748.54301486665
934,416748.54301486665
935,416748.54301486665
936,416748.54301486665
937,416748.54301486665
938,416748.54301486665
939,416748.54301486665
940,416748.54301486665
941,416748.54301486665
942,416748.54301486665
943,416748.54301486665
944,416748.54301486665
945,416748.54301486665
946,416748.54301486665
947,416748.54301486665
948,416748.54301486665
949,416748.54301486665
950,416748.54301486665
951,416748.54301486665
952,416748.54301486665
953,416748.54301486665
954,416748.54301486665
955,416748.54301486665
956,416748.54301486665
957,416748.54301486665
958,416748.54301486665
959,416748.54301486665
960,416748.54301486665
961,416748.54301486665
962,416748.54301486665
963,416748.54301486665
964,416748.54301486665
965,416748.54301486665
966,416748.54301486665
967,416748.54301486665
968,416748.54301486665
969,416748.54301486665
970,416748.54301486665
971,416748.54301486665
972,416748.54301486665
973,412336.2711943205
974,412336.2711943205
975,412336.2711943205
976,412336.2711943205
977,412336.2711943205
978,412336.2711943205
979,412336.2711943205
980,412336.2711943205
981,412336.2711943205
982,412336.2711943205
983,412336.2711943205
984,412336.2711943205
985,412336.2711943205
986,412336.2711943205
987,412336.2711943205
988,412336.2711943205
989,412336.2711943205
990,412336.2711943205
991,412336.2711943205
992,412336.2711943205
993,412336.2711943205
994,412336.2711943204
995,412336.2711943204
996,412336.2711943204
997,412336.2711943204
998,412336.2711943204
999,412336.27119432035
1000,412336.27119432035
1001,412336.27119432035
1002,412336.27119432035
1003,412336.27119432035
1004,412336.27119432035
1005,412336.27119432035
1006,412336.27119432035
1007,412336.27119432035
1008,412336.27119432035
1009,412336.27119432035
1010,412336.27119432035
1011,412336.27119432035
1012,412336.27119432035
1013,412336.27119432035
1014,412336.27119432035
1015,412336.27119432035
1016,412336.27119432035
1017,412336.27119432035
1018,412336.27119432035
1019,412336.27119432035
1020,412336.27119432035
1021,412336.27119432035
1022,412336.27119432035
1023,412336.27119432035
1024,412336.27119432035
1025,412336.27119432035
1026,412336.27119432035
1027,412336.27119432035
1028,412336.27119432035
1029,412336.27119432035
1030,412336.27119432035
1031,412336.27119432035
1032,412336.27119432035
1033,412336.27119432035
1034,412336.27119432035
1035,412336.27119432035
1036,412336.27119432035
1037,412336.27119432035
1038,412336.27119432035
1039,412336.27119432035
1040,412336.27119432035
1041,412336.27119432035
1042,412336.27119432035
1043,412336.27119432035
1044,412336.27119432035
1045,412336.27119432035
1046,412336.27119432035
1047,412336.27119432035
1048,412336.27119432035
1049,412336.27119432035
1050,412336.27119432035
1051,412336.27119432035
1052,412336.27119432035
1053,412336.27119432035
1054,412336.27119432035
1055,412336.27119432035
1056,412336.27119432035
1057,412336.27119432035
1058,412336.27119432035
1059,412336.27119432035
1060,412336.27119432035
1061,412336.27119432035
1062,412336.27119432035
1063,412336.27119432035
1064,412336.27119432035
1065,412336.27119432035
1066,412336.27119432035
1067,412336.27119432035
1068,412336.27119432035
1069,412336.27119432035
1070,412336.27119432035
1071,412336.27119432035
1072,412336.27119432035
1073,412336.27119432035
1074,412336.27119432035
1075,412336.27119432035
1076,412336.27119432035
1077,412336.2711943202
1078,412336.2711943202
1079,412336.2711943202
1080,412336.2711943202
1081,407392.54065106774
1082,407392.54065106774
1083,407392.54065106774
1084,407392.54065106774
1085,407392.54065106774
1086,407392.54065106774
1087,407392.54065106774
1088,407392.54065106774
1089,407392.54065106774
1090,407392.54065106774
1091,398942.9483274398
1092,398942.9483274398
1093,398942.9483274398
1094,398942.9483274398
1095,398942.94832743966
1096,398942.94832743966
1097,398942.94832743966
1098,398942.94832743966
1099,398942.94832743966
1100,398942.94832743966
1101,398942.94832743966
1102,398942.94832743966
1103,398942.94832743966
1104,398942.94832743966
1105,398942.94832743966
1106,398942.94832743966
1107,398942.94832743966
1108,398942.94832743966
1109,398942.94832743966
1110,398942.94832743966
1111,398942.94832743966
1112,398942.94832743966
1113,398942.94832743966
1114,398942.94832743966
1115,398942.94832743966
1116,398942.94832743966
1117,398942.94832743966
1118,398942.94832743966
1119,398942.94832743966
1120,398942.94832743966
1121,398942.94832743966
1122,398942.94832743966
1123,398942.94832743966
1124,398942.94832743966
1125,398942.94832743966
1126,398942.94832743966
1127,398942.94832743966
1128,379389.3478577785
1129,379389.3478577785
1130,379389.3478577785
1131,379389.3478577785
1132,379389.3478577785
1133,379389.3478577785
1134,379389.3478577785
1135,379389.3478577785
1136,379389.3478577785
1137,379389.3478577785
1138,379389.3478577785
1139,379389.3478577785
1140,379389.3478577785
1141,379389.3478577785
1142,379389.3478577785
1143,379389.3478577785
1144,379389.3478577785
1145,379389.3478577785
1146,379389.3478577785
1147,379389.3478577785
1148,379389.3478577785
1149,379389.3478577785
1150,379389.3478577785
1151,379389.3478577785
1152,379389.3478577785
1153,379389.3478577785
1154,379389.3478577785
1155,379389.3478577785
1156,379389.3478577785
1157,379389.3478577785
1158,379389.3478577785
1159,379389.3478577785
1160,379389.3478577785
1161,379389.3478577785
1162,379389.3478577785
1163,379389.3478577785
1164,379389.3478577785
1165,378006.72198352654
1166,378006.72198352654
1167,378006.72198352654
1168,378006.72198352654
1169,378006.72198352654
1170,378006.72198352654
1171,378006.72198352654
1172,378006.72198352654
1173,377728.4295511195
1174,377728.4295511195
1175,377728.4295511195
1176,377728.4295511195
1177,377728.4295511195
1178,377728.4295511195
1179,377728.4295511195
1180,377728.4295511195
1181,377728.4295511195
1182,377728.4295511195
1183,377728.4295511195
1184,377728.4295511195
1185,377728.4295511195
1186,377728.4295511195
1187,377728.4295511195
1188,377728.4295511195
1189,377728.4295511195
1190,377728.4295511195
1191,377728.4295511195
1192,377728.42955111933
1193,377728.42955111933
1194,377728.42955111933
1195,377728.42955111933
1196,377728.42955111933
1197,377728.42955111933
1198,377728.42955111933
1199,377728.4295511192
1200,377728.4295511192
1201,377728.4295511192
1202,377728.4295511192
1203,377728.4295511192
1204,377728.4295511192
1205,377728.4295511192
1206,377728.4295511192
1207,377728.4295511192
1208,377728.4295511192
1209,377728.4295511192
1210,377728.4295511192
1211,377728.4295511192
1212,377728.4295511192
1213,377728.4295511192
1214,377728.4295511192
1215,377728.4295511192
1216,377728.4295511192
1217,377728.4295511192
1218,377728.4295511192
1219,377728.4295511192
1220,377728.4295511192
1221,377728.4295511192
1222,377728.4295511192
1223,377728.4295511192
1224,377728.4295511192
1225,377728.4295511192
1226,377728.4295511192
1227,377728.4295511192
1228,377728.4295511192
1229,377728.4295511192
1230,377728.4295511192
1231,377728.4295511192
1232,377728.4295511192
1233,368399.21041206917
1234,368399.21041206917
1235,368399.21041206917
1236,368399.21041206917
1237,364262.5073271209
1238,364262.5073271209
1239,364262.5073271209
1240,364262.5073271209
1241,364262.5073271209
1242,364262.5073271209
1243,364262.5073271209
1244,364262.5073271209
1245,364262.5073271209
1246,364262.5073271209
1247,364262.5073271209
1248,364262.5073271209
1249,364262.5073271209
1250,364262.5073271209
1251,364262.5073271209
1252,364262.5073271209
1253,364262.5073271209
1254,364262.5073271209
1255,364262.5073271209
1256,364262.5073271209
1257,364262.5073271209
1258,364262.5073271209
1259,364262.5073271209
1260,364262.5073271209
1261,364262.5073271209
1262,364262.5073271209
1263,364262.5073271209
1264,364262.5073271209
1265,364262.5073271209
1266,364262.5073271209
1267,364262.5073271209
1268,364262.5073271209
1269,364262.5073271209
1270,364262.5073271209
1271,364262.5073271209
1272,364262.5073271209
1273,364262.5073271209
1274,364262.5073271209
1275,364262.5073271209
1276,351007.45781454665
1277,351007.45781454665
1278,351007.45781454665
1279,351007.45781454665
1280,351007.45781454665
1281,351007.45781454665
1282,351007.45781454665
1283,351007.45781454665
1284,351007.45781454665
1285,351007.45781454665
1286,351007.45781454665
1287,351007.45781454665
1288,351007.45781454636
1289,351007.45781454636
1290,351007.45781454636
1291,351007.45781454636
1292,351007.45781454636
1293,351007.45781454636
1294,351007.45781454636
1295,351007.45781454636
1296,351007.45781454636
1297,351007.45781454636
1298,351007.45781454636
1299,351007.45781454636
1300,351007.45781454636
1301,351007.45781454636
1302,351007.45781454636
1303,351007.45781454636
1304,351007.45781454636
1305,351007.45781454636
1306,351007.45781454636
1307,351007.45781454636
1308,351007.45781454636
1309,351007.4578145461
1310,351007.4578145461
1311,351007.4578145461
1312,351007.4578145461
1313,351007.4578145461
1314,351007.4578145461
1315,351007.4578145461
1316,351007.4578145461
1317,351007.4578145461
1318,351007.4578145461
1319,351007.4578145461
1320,351007.4578145461
1321,351007.4578145461
1322,351007.4578145461
1323,351007.4578145461
1324,351007.4578145461
1325,351007.4578145461
1326,351007.4578145461
1327,351007.4578145461
1328,351007.4578145461
1329,351007.4578145461
1330,351007.4578145461
1331,351007.4578145461
1332,351007.4578145461
1333,351007.4578145461
1334,351007.4578145461
1335,351007.4578145461
1336,351007.4578145461
1337,351007.4578145461
1338,351007.4578145461
1339,351007.4578145461
1340,351007.4578145461
1341,351007.4578145461
1342,351007.4578145461
1343,351007.4578145461
1344,351007.4578145461
1345,351007.4578145461
1346,351007.4578145461
1347,351007.4578145461
1348,351007.4578145461
1349,351007.4578145461
1350,351007.4578145461
1351,351007.4578145461
1352,351007.4578145461
1353,351007.4578145461
1354,351007.4578145461
1355,351007.4578145461
1356,351007.4578145461
1357,351007.4578145461
1358,351007.4578145461
1359,351007.4578145461
1360,351007.4578145461
1361,351007.4578145461
1362,351007.4578145461
1363,351007.4578145461
1364,351007.4578145461
1365,351007.4578145461
1366,351007.4578145461
1367,351007.4578145461
1368,351007.4578145461
1369,351007.4578145461
1370,351007.4578145461
1371,351007.4578145461
1372,351007.4578145461
1373,351007.4578145461
1374,351007.4578145461
1375,351007.4578145461
1376,351007.4578145461
1377,351007.4578145461
1378,351007.4578145461
1379,351007.4578145461
1380,351007.4578145461
1381,351007.4578145461
1382,351007.4578145461
1383,351007.4578145461
1384,351007.4578145461
1385,351007.4578145461
1386,351007.4578145461
1387,351007.4578145461
1388,351007.4578145461
1389,351007.4578145461
1390,351007.4578145461
1391,351007.4578145461
1392,351007.4578145461
1393,351007.4578145461
1394,351007.4578145461
1395,351007.4578145461
1396,351007.4578145461
1397,351007.4578145461
1398,351007.4578145461
1399,351007.4578145461
1400,351007.4578145461
1401,351007.4578145461
1402,351007.4578145461
1403,351007.4578145461
1404,351007.4578145461
1405,351007.4578145461
1406,351007.4578145461
1407,351007.4578145461
1408,351007.4578145461
1409,351007.4578145461
1410,351007.4578145461
1411,351007.4578145461
1412,351007.4578145461
1413,351007.4578145461
1414,351007.4578145461
1415,351007.4578145461
1416,351007.4578145461
1417,351007.4578145461
1418,351007.4578145461
1419,351007.4578145461
1420,351007.4578145461
1421,351007.4578145461
1422,351007.4578145461
1423,351007.4578145461
1424,351007.4578145461
1425,351007.4578145461
1426,351007.4578145461
1427,351007.4578145461
1428,351007.4578145461
1429,351007.4578145461
1430,351007.4578145461
1431,351007.4578145461
1432,351007.4578145461
1433,351007.4578145461
1434,351007.4578145461
1435,351007.4578145461
1436,351007.4578145461
1437,351007.4578145461
1438,335861.27560416487
1439,335861.27560416487
1440,335861.2756041648
1441,335861.2756041648
1442,335861.2756041648
1443,335861.2756041648
1444,335861.2756041648
1445,335861.2756041648
1446,335861.2756041648
1447,335861.2756041648
1448,335861.2756041648
1449,335861.2756041648
1450,335861.2756041648
1451,335861.2756041648
1452,335861.2756041648
1453,335861.2756041648
1454,335861.2756041648
1455,335861.2756041648
1456,335861.2756041648
1457,335861.2756041648
1458,335861.2756041648
1459,335861.2756041648
1460,335861.2756041648
1461,335861.27560416475
1462,335861.27560416475
1463,335861.27560416475
1464,335861.27560416475
1465,335861.27560416475
1466,335861.27560416475
1467,335861.27560416475
1468,335861.27560416475
1469,335861.27560416475
1470,335861.27560416446
1471,335861.27560416446
1472,335861.27560416446
1473,335861.27560416446
1474,335861.27560416446
1475,335861.27560416446
1476,335861.27560416446
1477,335861.27560416446
1478,335861.27560416446
1479,335861.27560416446
1480,335861.27560416446
1481,335861.27560416446
1482,335861.27560416446
1483,335861.27560416446
1484,335861.27560416446
1485,335861.27560416446
1486,335861.27560416446
1487,331683.75754854275
1488,331683.75754854275
1489,331683.75754854275
1490,331683.75754854275
1491,331683.75754854275
1492,331683.75754854275
1493,331683.75754854275
1494,331683.75754854275
1495,331683.75754854275
1496,331683.75754854275
1497,331683.75754854275
1498,331683.75754854275
1499,331683.75754854275
1500,331683.75754854275
1501,331683.75754854275
1502,331683.75754854275
1503,331683.75754854275
1504,331683.75754854275
1505,331683.75754854275
1506,331683.75754854275
1507,331683.75754854275
1508,331683.75754854275
1509,331683.75754854275
1510,331683.75754854275
1511,331683.75754854275
1512,331683.75754854275
1513,331683.75754854275
1514,331683.75754854275
1515,331683.75754854275
1516,331683.75754854275
1517,331683.7575485424
1518,331683.7575485424
1519,331683.7575485424
1520,331683.7575485424
1521,331683.7575485424
1522,331683.7575485424
1523,331683.7575485424
1524,331683.7575485424
1525,331683.7575485424
1526,331683.7575485424
1527,331683.7575485424
1528,331683.7575485424
1529,331683.7575485424
1530,331683.7575485424
1531,331683.7575485424
1532,331683.7575485424
1533,331683.7575485424
1534,331683.7575485424
1535,331683.7575485424
1536,331683.7575485424
1537,331683.7575485424
1538,331257.8629142208
1539,331257.8629142208
1540,331257.8629142206
1541,331257.8629142206
1542,331257.8629142206
1543,331257.8629142206
1544,331257.8629142206
1545,331257.8629142206
1546,331257.8629142206
1547,331257.8629142206
1548,331257.8629142206
1549,331257.8629142206
1550,331257.8629142206
1551,331257.8629142206
1552,331257.8629142206
1553,331257.8629142206
1554,331257.8629142206
1555,331257.8629142206
1556,331257.8629142206
1557,331257.8629142206
1558,331257.8629142206
1559,331257.8629142206
1560,331257.8629142206
1561,331257.8629142206
1562,331257.8629142206
1563,331257.8629142206
1564,331257.8629142206
1565,331257.8629142206
1566,331257.8629142206
1567,331257.8629142206
1568,331257.8629142206
1569,331257.8629142206
1570,331257.8629142206
1571,331257.8629142206
1572,331257.8629142206
1573,331257.8629142206
1574,331257.8629142206
1575,331257.8629142206
1576,331257.8629142206
1577,331257.8629142206
1578,331257.8629142206
1579,331257.8629142206
1580,331257.8629142206
1581,331257.8629142206
1582,331257.8629142206
1583,331257.8629142206
1584,331257.8629142205
1585,331257.8629142205
1586,331257.8629142205
1587,331257.8629142205
1588,331257.8629142205
1589,314560.1533822538
1590,314560.1533822538
1591,314560.1533822538
1592,314560.1533822538
1593,314560.1533822538
1594,314560.1533822538
1595,314560.1533822538
1596,314560.1533822538
1597,314560.1533822538
1598,314560.1533822538
1599,313549.4292472421
1600,313549.42924724176
1601,313549.42924724176
1602,313549.42924724176
1603,313549.42924724176
1604,313549.42924724176
1605,313549.42924724176
1606,313549.42924724176
1607,313549.42924724176
1608,313549.42924724176
1609,313549.42924724176
1610,313549.42924724176
1611,313549.42924724176
1612,313549.42924724176
1613,313549.42924724176
1614,313549.42924724176
1615,313549.42924724176
1616,313549.42924724176
1617,313549.42924724176
1618,313549.42924724176
1619,313549.42924724176
1620,313549.42924724176
1621,313549.42924724176
1622,313549.42924724176
1623,313549.42924724176
1624,313549.42924724176
1625,313549.42924724176
1626,313549.42924724176
1627,313549.42924724176
1628,313549.42924724176
1629,313549.42924724176
1630,313549.42924724176
1631,313549.42924724176
1632,313549.42924724176
1633,313549.42924724176
1634,313549.42924724176
1635,313549.42924724176
1636,313549.42924724176
1637,313549.42924724176
1638,313549.42924724176
1639,313549.42924724176
1640,313549.42924724176
1641,313549.42924724176
1642,313549.42924724176
1643,311454.9395584782
1644,311454.9395584782
1645,311454.9395584782
1646,311454.9395584782
1647,311454.9395584782
1648,311454.9395584782
1649,311454.9395584782
1650,311454.9395584782
1651,311454.9395584782
1652,311454.9395584782
1653,311454.9395584782
1654,304195.34684525686
1655,304195.34684525686
1656,304195.34684525686
1657,304195.34684525663
1658,304195.34684525663
1659,304195.34684525663
1660,304195.34684525663
1661,304195.3468452566
1662,304195.3468452566
1663,304195.3468452566
1664,304195.3468452566
1665,304195.3468452566
1666,304195.3468452566
1667,299511.04502836714
1668,299511.04502836714
1669,299511.04502836714
1670,299511.04502836714
1671,299511.04502836714
1672,299511.04502836714
1673,299511.04502836714
1674,299511.04502836714
1675,299511.04502836714
1676,299511.04502836714
1677,299511.04502836714
1678,299511.04502836714
1679,299511.0450283671
1680,299511.0450283671
1681,299511.0450283671
1682,299511.0450283671
1683,299511.0450283671
1684,299511.0450283671
1685,299511.0450283671
1686,299511.0450283671
1687,299511.045028367
1688,299511.045028367
1689,299511.045028367
1690,299511.045028367
1691,299511.045028367
1692,299511.045028367
1693,299511.045028367
1694,299511.045028367
1695,299511.045028367
1696,299511.045028367
1697,299511.045028367
1698,299511.045028367
1699,299511.045028367
1700,299511.045028367
1701,299511.045028367
1702,299511.045028367
1703,299511.045028367
1704,299511.045028367
1705,299511.045028367
1706,299511.045028367
1707,299511.045028367
1708,299511.045028367
1709,299511.045028367
1710,299511.045028367
1711,299511.045028367
1712,299511.045028367
1713,299511.045028367
1714,299511.045028367
1715,299511.045028367
1716,299511.045028367
1717,299511.045028367
1718,299511.045028367
1719,299511.045028367
1720,299511.045028367
1721,299511.045028367
1722,299511.045028367
1723,299511.045028367
1724,299511.045028367
1725,299511.045028367
1726,299511.045028367
1727,299511.045028367
1728,299511.045028367
1729,299511.045028367
1730,299511.045028367
1731,299511.045028367
1732,299511.045028367
1733,299511.045028367
1734,299511.045028367
1735,299511.045028367
1736,299511.045028367
1737,299511.045028367
1738,296477.58963589993
1739,296477.58963589993
1740,296477.58963589993
1741,296477.58963589993
1742,296477.58963589993
1743,296477.58963589993
1744,296477.58963589993
1745,296477.58963589993
1746,296477.58963589993
1747,296477.58963589993
1748,296477.58963589993
1749,296477.58963589993
1750,296477.58963589993
1751,296477.58963589993
1752,296477.58963589993
1753,296477.58963589993
1754,296477.58963589976
1755,296477.58963589976
1756,296477.58963589976
1757,296477.58963589976
1758,296477.58963589976
1759,296477.58963589976
1760,296477.58963589976
1761,296477.58963589976
1762,296477.58963589976
1763,296477.58963589976
1764,296477.58963589976
1765,296477.58963589976
1766,296477.58963589976
1767,296477.58963589976
1768,296477.58963589976
1769,296477.58963589976
1770,296477.58963589976
1771,296477.58963589976
1772,296477.58963589976
1773,296477.58963589976
1774,296477.58963589976
1775,296477.58963589976
1776,296477.58963589976
1777,296477.58963589976
1778,296477.58963589976
1779,296477.58963589976
1780,296477.58963589976
1781,296477.58963589976
1782,296477.58963589976
1783,296477.58963589976
1784,296477.58963589976
1785,296477.58963589976
1786,296477.58963589976
1787,296477.58963589976
1788,296477.58963589976
1789,296477.58963589976
1790,296477.58963589976
1791,296477.58963589976
1792,296477.58963589976
1793,296477.58963589976
1794,296477.58963589976
1795,296477.58963589976
1796,296477.58963589976
1797,296477.58963589976
1798,296477.58963589976
1799,296477.58963589976
1800,296477.58963589976
1801,296477.58963589976
1802,296477.58963589976
1803,296477.58963589976
1804,296477.58963589964
1805,296477.58963589964
1806,296477.58963589964
1807,296477.58963589964
1808,296477.58963589964
1809,296477.58963589964
1810,296477.58963589964
1811,296477.58963589964
1812,296477.58963589964
1813,296477.58963589964
1814,296477.58963589964
1815,296477.58963589964
1816,296477.58963589964
1817,296477.58963589964
1818,296477.58963589964
1819,296477.58963589964
1820,296477.58963589964
1821,296477.5896358996
1822,296477.5896358996
1823,296477.5896358996
1824,296057.83611225267
1825,296057.83611225267
1826,267409.592173493
1827,267409.592173493
1828,267409.592173493
1829,267409.592173493
1830,267409.592173493
1831,267409.592173493
1832,267409.592173493
1833,267409.592173493
1834,267409.592173493
1835,267409.592173493
1836,267409.592173493
1837,267409.592173493
1838,267409.592173493
1839,267409.592173493
1840,267409.592173493
1841,267409.592173493
1842,267409.592173493
1843,267409.592173493
1844,267409.592173493
1845,267409.592173493
1846,267409.592173493
1847,267409.592173493
1848,267409.592173493
1849,267409.592173493
1850,267409.592173493
1851,267409.592173493
1852,267409.592173493
1853,267409.592173493
1854,267409.592173493
1855,267409.592173493
1856,267409.592173493
1857,267409.592173493
1858,267409.592173493
1859,267409.592173493
1860,267409.5921734929
1861,260459.02363341418
1862,260459.02363341418
1863,260459.02363341418
1864,260459.02363341418
1865,260459.02363341418
1866,260459.02363341418
1867,260459.02363341418
1868,260459.02363341418
1869,260459.02363341418
1870,260459.02363341418
1871,260459.02363341418
1872,260459.02363341418
1873,260459.02363341418
1874,260459.02363341418
1875,260459.02363341418
1876,260459.02363341418
1877,260459.02363341418
1878,260459.02363341418
1879,260459.02363341418
1880,260459.02363341418
1881,260459.02363341418
1882,260459.02363341418
1883,260459.02363341418
1884,260459.0236334138
1885,260459.0236334138
1886,260459.0236334138
1887,260459.0236334138
1888,260459.0236334138
1889,260459.0236334138
1890,260459.0236334138
1891,260459.0236334138
1892,260459.0236334138
1893,260459.0236334138
1894,260459.0236334138
1895,260459.0236334138
1896,260459.0236334138
1897,260459.0236334138
1898,260459.0236334138
1899,260459.0236334138
1900,260459.0236334138
1901,260459.0236334138
1902,260459.0236334138
1903,260459.0236334138
1904,260459.0236334138
1905,260459.0236334138
1906,260459.0236334138
1907,260459.0236334138
1908,260459.0236334138
1909,260459.0236334138
1910,260459.0236334138
1911,260459.0236334138
1912,260459.0236334138
1913,257385.85622872328
1914,257385.85622872328
1915,257385.85622872328
1916,257385.85622872328
1917,257385.85622872328
1918,257385.85622872328
1919,257385.85622872328
1920,257385.85622872328
1921,257385.85622872328
1922,257385.85622872328
1923,257385.85622872328
1924,257385.85622872328
1925,257385.85622872328
1926,257385.85622872328
1927,257385.85622872328
1928,257385.85622872328
1929,257385.8562287232
1930,257385.8562287232
1931,257385.8562287232
1932,257385.8562287232
1933,257385.8562287232
1934,257385.8562287232
1935,257385.8562287232
1936,257385.8562287232
1937,257385.8562287232
1938,257385.8562287232
1939,257385.8562287232
1940,257385.8562287232
1941,257385.8562287232
1942,257385.8562287232
1943,257385.8562287232
1944,257385.8562287232
1945,257385.8562287232
1946,257385.8562287232
1947,257385.8562287232
1948,257385.8562287232
1949,257385.8562287232
1950,257385.8562287232
1951,257385.8562287232
1952,257385.8562287232
1953,257385.8562287232
1954,257385.8562287232
1955,257385.8562287232
1956,257385.8562287232
1957,257385.8562287232
1958,257385.8562287232
1959,257385.8562287232
1960,257385.8562287232
1961,257385.8562287232
1962,257385.8562287232
1963,257385.8562287232
1964,257385.8562287232
1965,257385.8562287232
1966,257385.8562287232
1967,257385.8562287232
1968,257385.8562287232
1969,257385.8562287232
1970,257385.8562287232
1971,257385.8562287232
1972,257385.8562287232
1973,257385.85622872313
1974,257385.85622872313
1975,257385.85622872313
1976,257385.85622872313
1977,257385.85622872313
1978,257385.85622872313
1979,257385.85622872313
1980,257385.85622872313
1981,257385.85622872313
1982,257385.85622872313
1983,257385.85622872313
1984,257385.85622872313
1985,257385.85622872313
1986,257385.85622872313
1987,257385.85622872313
1988,257385.85622872313
1989,257385.8562287231
1990,257385.8562287231
1991,257385.8562287231
1992,257385.8562287231
1993,257385.8562287231
1994,257385.8562287231
1995,257385.8562287231
1996,257385.8562287231
1997,257385.8562287231
1998,257385.8562287231
1999,252959.82886908457
2000,252959.82886908457
2001,252959.82886908457
2002,252959.82886908457
2003,252959.82886908457
2004,252959.82886908457
2005,252959.82886908457
2006,252959.82886908457
2007,252959.82886908457
2008,252959.82886908457
2009,252959.82886908457
2010,252959.82886908457
2011,252959.82886908457
2012,248144.01531886405
2013,248144.01531886405
2014,248144.01531886405
2015,248144.01531886405
2016,248144.01531886405
2017,248144.01531886405
2018,248144.01531886405
2019,248144.01531886388
2020,248144.01531886388
2021,248144.01531886388
2022,248144.01531886388
2023,248144.01531886388
2024,248144.01531886388
2025,248144.01531886388
2026,248144.01531886388
2027,248144.01531886388
2028,248144.01531886388
2029,248144.01531886388
2030,248144.01531886388
2031,248144.01531886388
2032,248144.01531886388
2033,248144.01531886388
2034,248144.01531886388
2035,248144.01531886388
2036,248144.01531886388
2037,248144.01531886388
2038,248144.01531886388
2039,248144.01531886388
2040,248144.01531886388
2041,248144.01531886388
2042,248144.01531886388
2043,248144.01531886388
2044,248144.01531886388
2045,248144.01531886388
2046,241888.3095331
2047,241888.30953309996
2048,241888.30953309996
2049,241888.30953309996
2050,241888.30953309996
2051,241888.30953309996
2052,241888.30953309996
2053,241888.30953309996
2054,241888.30953309996
2055,241888.30953309996
2056,241888.30953309996
2057,241888.30953309996
2058,241888.30953309996
2059,241888.30953309996
2060,241888.30953309996
2061,241888.30953309996
2062,241888.30953309996
2063,241888.30953309996
2064,241888.30953309996
2065,241888.30953309996
2066,241888.30953309996
2067,241888.30953309996
2068,241888.30953309996
2069,241888.30953309996
2070,241888.30953309996
2071,241888.30953309996
2072,241888.30953309996
2073,241888.30953309996
2074,241888.30953309996
2075,241888.30953309996
2076,241888.30953309996
2077,241888.30953309996
2078,241888.30953309996
2079,241888.30953309996
2080,241888.30953309996
2081,241888.30953309996
2082,241888.30953309996
2083,241888.3095330998
2084,241888.3095330998
2085,241888.3095330998
2086,241888.3095330998
2087,241888.3095330998
2088,241888.3095330998
2089,241888.3095330998
2090,225756.7648991798
2091,225756.7648991798
2092,225756.7648991798
2093,225756.7648991798
2094,225756.7648991798
2095,225756.7648991798
2096,225756.7648991798
2097,225756.7648991798
2098,225756.7648991798
2099,225756.7648991798
2100,225756.7648991798
2101,225756.7648991798
2102,225756.7648991798
2103,225756.7648991798
2104,225756.7648991798
2105,225756.7648991798
2106,225756.7648991798
2107,225756.7648991798
2108,225756.7648991798
2109,225756.7648991798
2110,225756.7648991798
2111,225756.7648991798
2112,225756.7648991798
2113,225756.7648991798
2114,225756.7648991798
2115,225756.7648991798
2116,225756.7648991798
2117,225756.7648991798
2118,225756.7648991798
2119,225756.7648991798
2120,225756.76489917975
2121,225756.76489917975
2122,225756.76489917975
2123,225756.76489917975
2124,225756.76489917975
2125,225756.76489917975
2126,225756.76489917975
2127,225756.76489917975
2128,225756.76489917975
2129,225756.76489917975
2130,225756.76489917975
2131,225756.76489917975
2132,225756.76489917975
2133,225756.76489917975
2134,225577.5202343821
2135,225577.5202343821
2136,225577.5202343821
2137,225577.5202343821
2138,225577.5202343821
2139,225577.5202343821
2140,225577.5202343821
2141,225577.5202343821
2142,225577.5202343821
2143,225577.5202343821
2144,225577.5202343821
2145,225577.5202343821
2146,225577.5202343821
2147,225577.5202343821
2148,225577.5202343821
2149,225577.5202343821
2150,225577.5202343821
2151,225577.5202343821
2152,225577.5202343821
2153,225577.5202343821
2154,225577.5202343821
2155,225577.5202343821
2156,225577.5202343821
2157,225577.5202343821
2158,225577.5202343821
2159,225577.5202343821
2160,225577.5202343821
2161,225577.5202343821
2162,225577.5202343821
2163,225577.5202343821
2164,225577.5202343818
2165,225577.5202343818
2166,225577.5202343818
2167,225577.5202343818
2168,225577.5202343818
2169,225577.5202343818
2170,225577.5202343818
2171,225577.5202343818
2172,225577.5202343818
2173,225577.52023438172
2174,225577.52023438172
2175,225577.52023438172
2176,225577.52023438172
2177,225577.52023438172
2178,225577.52023438172
2179,225577.52023438172
2180,225577.52023438172
2181,225577.52023438172
2182,225577.52023438172
2183,225577.52023438172
2184,225577.52023438172
2185,225577.52023438172
2186,225577.52023438172
2187,225577.52023438172
2188,225577.52023438172
2189,225577.52023438172
2190,225577.52023438172
2191,225577.52023438172
2192,225577.52023438172
2193,225577.52023438172
2194,225577.52023438172
2195,225577.52023438172
2196,225577.52023438172
2197,225577.52023438172
2198,225577.52023438172
2199,225577.52023438172
2200,225577.52023438172
2201,225577.52023438172
2202,225577.52023438172
2203,225577.52023438172
2204,225577.52023438172
2205,225577.52023438172
2206,225577.52023438172
2207,225577.52023438172
2208,225577.52023438172
2209,225577.52023438172
2210,225577.52023438172
2211,225577.52023438172
2212,225577.52023438172
2213,225577.52023438172
2214,225577.52023438172
2215,225577.52023438172
2216,225577.52023438172
2217,225577.52023438172
2218,225577.52023438172
2219,225577.52023438172
2220,225577.52023438172
2221,225577.52023438172
2222,225577.52023438172
2223,225577.52023438172
2224,225577.52023438172
2225,225577.52023438172
2226,225577.52023438172
2227,225577.52023438172
2228,225577.52023438172
2229,225577.52023438172
2230,225577.52023438172
2231,225577.52023438172
2232,225577.52023438172
2233,225577.52023438172
2234,225577.52023438172
2235,225577.52023438172
2236,225577.52023438172
2237,225577.52023438172
2238,225577.52023438172
2239,225577.52023438172
2240,225577.52023438172
2241,225577.52023438172
2242,225577.52023438172
2243,225577.52023438172
2244,225577.52023438172
2245,225577.52023438172
2246,225577.52023438172
2247,225577.52023438172
2248,225577.52023438172
2249,225577.52023438172
2250,225577.52023438172
2251,225577.52023438172
2252,225577.52023438172
2253,225577.52023438172
2254,225577.52023438172
2255,225577.52023438163
2256,225577.52023438163
2257,225577.52023438163
2258,225577.52023438163
2259,225577.52023438163
2260,225577.52023438163
2261,225577.52023438163
2262,225577.52023438163
2263,225577.52023438163
2264,225577.52023438163
2265,225577.52023438163
2266,225577.52023438163
2267,225577.52023438163
2268,225577.52023438163
2269,225577.52023438163
2270,225577.52023438163
2271,225577.52023438163
2272,225577.52023438163
2273,225577.52023438163
2274,225577.52023438163
2275,225577.52023438163
2276,221150.52111153412
2277,221150.52111153412
2278,221150.52111153412
2279,221150.52111153412
2280,221150.52111153412
2281,221150.52111153412
2282,221150.52111153412
2283,221150.52111153412
2284,221150.52111153412
2285,221150.52111153412
2286,221150.52111153404
2287,221150.52111153404
2288,221150.52111153404
2289,221150.52111153404
2290,221150.52111153404
2291,221150.52111153404
2292,221150.5211115339
2293,221150.5211115339
2294,221150.5211115339
2295,221150.5211115339
2296,221150.5211115339
2297,221150.5211115339
2298,221150.5211115339
2299,221150.5211115339
2300,221150.5211115339
2301,221150.5211115339
2302,221150.5211115339
2303,221150.5211115339
2304,221150.5211115339
2305,221150.5211115339
2306,221150.5211115339
2307,221150.5211115339
2308,221150.5211115339
2309,221150.5211115339
2310,221150.5211115339
2311,221150.5211115339
2312,221150.5211115339
2313,221150.5211115339
2314,221150.5211115339
2315,221150.5211115339
2316,221150.5211115339
2317,221150.5211115339
2318,221150.5211115339
2319,221150.5211115339
2320,221150.5211115339
2321,221150.5211115339
2322,219006.5354531684
2323,219006.5354531684
2324,219006.5354531684
2325,219006.5354531684
2326,219006.5354531684
2327,219006.5354531684
2328,219006.5354531684
2329,219006.5354531684
2330,219006.5354531684
2331,219006.5354531684
2332,219006.5354531684
2333,219006.5354531684
2334,219006.5354531684
2335,219006.5354531684
2336,219006.5354531684
2337,219006.5354531684
2338,219006.5354531684
2339,219006.5354531684
2340,219006.5354531684
2341,219006.5354531684
2342,219006.5354531684
2343,219006.5354531684
2344,219006.5354531684
2345,219006.5354531684
2346,219006.5354531684
2347,219006.5354531684
2348,219006.5354531684
2349,219006.5354531684
2350,219006.5354531684
2351,219006.5354531684
2352,219006.5354531684
2353,219006.5354531684
2354,219006.5354531684
2355,219006.5354531684
2356,219006.5354531684
2357,219006.5354531684
2358,219006.5354531684
2359,219006.5354531684
2360,219006.5354531684
2361,219006.5354531684
2362,219006.5354531684
2363,212761.77877835179
2364,212761.77877835179
2365,212761.77877835179
2366,212761.77877835179
2367,212761.77877835179
2368,212761.77877835179
2369,212761.77877835179
2370,212761.77877835179
2371,212761.77877835179
2372,212761.77877835179
2373,212761.77877835179
2374,212761.77877835179
2375,212761.77877835179
2376,212761.77877835179
2377,212761.77877835179
2378,212761.77877835179
2379,212761.77877835179
2380,212761.77877835179
2381,212761.77877835179
2382,212761.77877835179
2383,212761.77877835179
2384,212761.77877835179
2385,212761.77877835179
2386,212761.77877835179
2387,212761.77877835179
2388,212761.77877835179
2389,212761.77877835179
2390,212761.77877835179
2391,212761.77877835179
2392,212761.77877835179
2393,212761.77877835179
2394,212761.77877835179
2395,212761.77877835179
2396,212761.77877835179
2397,212761.77877835179
2398,212761.77877835179
2399,212761.77877835179
2400,212761.77877835179
2401,212761.77877835179
2402,212761.77877835179
2403,212761.77877835179
2404,212761.77877835179
2405,212761.77877835179
2406,212761.77877835179
2407,212761.77877835179
2408,206701.9865741674
2409,206701.9865741674
2410,206701.9865741674
2411,206701.9865741674
2412,206701.9865741674
2413,206701.9865741674
2414,206701.9865741674
2415,206701.9865741674
2416,206701.9865741674
2417,206701.9865741674
2418,206701.9865741674
2419,206701.9865741674
2420,206701.9865741674
2421,206701.9865741674
2422,206701.9865741674
2423,206701.9865741674
2424,206701.9865741674
2425,206701.9865741674
2426,206701.9865741674
2427,206701.9865741674
2428,206701.9865741674
2429,206701.9865741674
2430,206701.9865741674
2431,206701.9865741674
2432,206701.9865741674
2433,206701.9865741674
2434,206701.9865741674
2435,206701.9865741674
2436,206701.9865741674
2437,206701.9865741674
2438,206701.9865741674
2439,206701.9865741674
2440,206701.9865741674
2441,206701.9865741674
2442,206701.9865741674
2443,206701.9865741674
2444,206701.9865741674
2445,206701.9865741673
2446,206701.9865741673
2447,206701.9865741673
2448,206701.9865741673
2449,206701.9865741673
2450,206701.9865741673
2451,206701.9865741673
2452,206701.9865741673
2453,206701.9865741673
2454,206701.9865741673
2455,206701.9865741673
2456,206701.9865741673
2457,206701.9865741673
2458,206701.9865741673
2459,206701.9865741673
2460,206701.9865741673
2461,206701.9865741673
2462,206701.9865741673
2463,206701.9865741673
2464,206701.9865741673
2465,206701.9865741673
2466,206701.9865741673
2467,206701.9865741673
2468,206701.9865741673
2469,206701.9865741673
2470,206701.9865741673
2471,206701.9865741673
2472,206701.9865741673
2473,206701.9865741673
2474,206701.9865741673
2475,206653.65698594385
2476,206653.65698594385
2477,206653.65698594385
2478,206653.65698594385
2479,206653.65698594385
2480,206653.65698594385
2481,206653.65698594385
2482,206653.65698594385
2483,206653.6569859438
2484,206653.6569859438
2485,206653.6569859438
2486,206653.6569859438
2487,206653.6569859438
2488,206653.6569859437
2489,206653.6569859437
2490,206653.6569859437
2491,206653.6569859437
2492,206653.6569859437
2493,206653.6569859437
2494,206653.6569859437
2495,206653.6569859437
2496,206653.6569859437
2497,206653.6569859437
2498,206653.6569859437
2499,206653.6569859437
