iteracion,valor_coste
0,1441331.1256371967
1,1441331.1256371967
2,923529.4780487034
3,923529.4780487034
4,923529.4780487022
5,923529.4780487022
6,923529.4780487022
7,923529.4780487022
8,923529.4780487022
9,697746.9472951173
10,697746.9472951173
11,697746.9472951173
12,697746.9472951173
13,697746.9472951173
14,697746.9472951173
15,697746.9472951173
16,697746.9472951173
17,697746.9472951173
18,697746.9472951173
19,697746.9472951173
20,697746.9472951173
21,697746.9472951173
22,697746.9472951173
23,697746.9472951173
24,697746.9472951173
25,697746.9472951173
26,697746.9472951173
27,697746.9472951173
28,697746.9472951173
29,697746.9472951173
30,687899.3059951776
31,687899.3059951776
32,687899.3059951776
33,687899.3059951775
34,687899.3059951775
35,687899.3059951775
36,687899.3059951775
37,683346.793229873
38,683346.793229873
39,683346.793229873
40,683346.793229873
41,683346.793229873
42,552161.3644159526
43,552161.3644159526
44,552161.3644159526
45,552161.3644159526
46,552161.3644159526
47,552161.3644159526
48,552161.3644159526
49,552161.3644159526
50,552161.3644159526
51,552161.3644159526
52,552161.3644159526
53,552161.3644159526
54,552161.3644159526
55,552161.3644159526
56,552161.3644159526
57,552161.3644159526
58,552161.3644159526
59,552161.3644159526
60,552161.3644159526
61,552161.3644159526
62,552161.3644159526
63,552161.3644159525
64,552161.3644159525
65,547425.3225945674
66,547425.3225945674
67,547425.3225945674
68,547425.3225945674
69,547425.3225945674
70,471021.51099333214
71,471021.51099333214
72,471021.5109933319
73,471021.5109933319
74,471021.5109933319
75,471021.5109933319
76,471021.5109933319
77,471021.5109933319
78,471021.5109933319
79,471021.5109933319
80,471021.5109933319
81,471021.5109933319
82,471021.5109933319
83,471021.5109933319
84,471021.5109933319
85,471021.5109933319
86,471021.5109933319
87,471021.5109933319
88,471021.5109933319
89,471021.5109933319
90,471021.5109933319
91,471021.5109933319
92,471021.5109933319
93,471021.5109933319
94,471021.5109933319
95,471021.51099333185
96,471021.51099333185
97,471021.51099333185
98,471021.51099333185
99,471021.51099333185
100,471021.51099333185
101,471021.51099333185
102,471021.51099333185
103,471021.51099333185
104,466435.7423716394
105,466435.7423716394
106,466435.7423716394
107,466435.7423716394
108,466435.7423716394
109,466435.7423716394
110,466435.7423716392
111,466435.7423716392
112,466435.7423716392
113,462360.17335491645
114,462360.17335491645
115,462360.17335491645
116,462360.17335491645
117,462360.17335491645
118,462360.17335491645
119,462360.17335491645
120,462360.17335491645
121,462360.17335491645
122,454657.8985104369
123,454657.8985104369
124,454657.8985104369
125,454657.8985104369
126,454657.8985104369
127,454657.8985104369
128,454657.8985104369
129,454657.8985104369
130,454657.8985104369
131,454657.8985104369
132,454657.8985104369
133,454657.8985104369
134,454657.8985104369
135,454657.8985104369
136,454657.8985104369
137,454657.8985104369
138,454657.8985104369
139,454657.8985104369
140,454657.8985104369
141,454657.8985104369
142,454657.8985104369
143,454657.8985104369
144,454657.8985104369
145,454657.8985104369
146,454657.8985104369
147,454657.8985104369
148,454657.89851043676
149,454657.89851043676
150,454657.89851043676
151,454657.89851043676
152,454657.89851043676
153,454657.89851043676
154,454657.89851043676
155,454657.89851043676
156,454657.89851043676
157,454657.89851043676
158,447269.7707730659
159,447269.7707730659
160,447269.7707730659
161,447269.7707730659
162,447269.7707730659
163,447269.7707730659
164,447269.7707730659
165,446796.1492524751
166,446796.1492524751
167,446796.1492524751
168,446796.1492524751
169,446796.1492524751
170,446796.1492524751
171,446796.1492524751
172,446796.1492524748
173,446796.1492524748
174,446796.1492524748
175,446796.1492524748
176,446796.1492524748
177,446796.1492524748
178,446796.1492524748
179,446796.1492524748
180,446796.1492524748
181,446796.1492524748
182,446796.1492524748
183,446796.1492524748
184,446796.1492524748
185,446796.1492524748
186,446796.1492524748
187,446796.1492524748
188,446796.1492524748
189,446796.1492524748
190,446796.1492524748
191,433416.6136858207
192,433416.6136858207
193,433416.6136858207
194,433416.6136858207
195,433416.6136858207
196,433416.6136858207
197,433416.6136858207
198,433416.6136858207
199,433416.6136858206
200,433416.6136858206
201,433416.6136858206
202,433416.6136858206
203,433416.6136858206
204,433416.6136858206
205,433416.6136858206
206,433416.6136858206
207,433416.6136858206
208,433416.6136858206
209,433416.6136858206
210,433416.6136858206
211,433416.6136858206
212,433416.6136858206
213,433416.6136858206
214,433416.6136858206
215,433416.6136858206
216,433416.6136858206
217,433416.6136858206
218,433416.6136858206
219,433416.6136858205
220,433416.6136858205
221,433416.6136858205
222,433416.6136858205
223,433416.6136858205
224,433416.6136858205
225,433416.6136858205
226,433416.6136858205
227,433416.6136858205
228,433416.6136858205
229,433416.6136858205
230,433416.6136858205
231,433416.6136858205
232,433416.6136858205
233,433416.6136858205
234,433416.6136858205
235,433416.6136858205
236,433416.6136858205
237,433416.6136858205
238,433416.6136858205
239,433416.6136858205
240,433416.6136858205
241,433416.6136858205
242,433416.6136858205
243,433416.61368582025
244,433416.61368582025
245,433416.61368582025
246,433416.61368582025
247,433416.61368582025
248,433416.61368582025
249,433416.61368582025
250,433416.61368582025
251,433416.61368582025
252,433416.61368582025
253,433416.61368582025
254,433416.61368582025
255,433416.61368582025
256,433416.61368582025
257,433416.61368582025
258,433416.61368582025
259,433416.61368582025
260,433416.61368582025
261,433416.61368582025
262,433416.61368582025
263,433416.61368582025
264,433416.61368582025
265,433416.61368582025
266,433416.61368582025
267,433416.61368582025
268,433416.61368582025
269,433416.61368582025
270,433416.61368582025
271,433416.61368582025
272,433416.61368582025
273,433416.61368582025
274,433416.61368582025
275,433416.61368582025
276,433416.61368582025
277,433416.61368582025
278,433416.61368582025
279,433416.61368582025
280,433416.61368582025
281,433416.61368582025
282,433416.61368582025
283,433416.61368582025
284,433416.61368582025
285,433416.61368582025
286,433416.61368582025
287,433416.61368582025
288,433416.61368582025
289,433416.61368582025
290,433416.61368582025
291,433416.61368582025
292,433416.61368582025
293,433416.61368582025
294,433416.61368582025
295,433416.61368582025
296,433416.61368582025
297,433416.61368582025
298,433416.61368582025
299,433416.61368582025
300,433416.61368582025
301,433416.61368582025
302,433416.61368582025
303,433416.61368582025
304,427053.9439768081
305,427053.9439768081
306,427053.94397680793
307,427053.94397680793
308,427053.94397680793
309,427053.94397680793
310,427053.94397680793
311,427053.94397680793
312,427053.94397680793
313,427053.94397680793
314,427053.94397680793
315,427053.94397680793
316,427053.94397680793
317,427053.94397680793
318,427053.94397680793
319,427053.94397680793
320,427053.94397680793
321,427053.94397680793
322,427053.94397680793
323,427053.94397680793
324,427053.94397680793
325,427053.94397680793
326,427053.94397680793
327,427053.94397680793
328,427053.94397680793
329,427053.94397680793
330,427053.94397680793
331,427053.94397680793
332,427053.94397680793
333,427053.94397680793
334,427053.94397680793
335,427053.94397680793
336,427053.94397680793
337,427053.94397680793
338,427053.94397680793
339,427053.94397680793
340,427053.94397680793
341,427053.94397680793
342,427053.94397680793
343,424470.87497633894
344,424470.87497633894
345,424470.87497633894
346,424470.87497633894
347,424470.87497633894
348,424470.87497633894
349,424470.87497633894
350,424470.87497633894
351,424470.87497633894
352,424470.87497633894
353,424470.87497633894
354,395320.20439501543
355,395320.20439501543
356,395320.20439501543
357,395320.20439501543
358,387447.9910044923
359,387447.9910044923
360,387447.9910044923
361,387447.9910044923
362,387447.9910044923
363,387447.9910044923
364,387447.9910044923
365,387447.9910044923
366,387447.9910044923
367,387447.9910044923
368,387447.9910044923
369,387447.9910044923
370,387447.9910044923
371,387447.9910044923
372,387447.9910044923
373,387447.9910044923
374,387447.9910044923
375,387447.9910044923
376,387447.9910044923
377,387447.9910044923
378,387447.9910044923
379,387447.9910044923
380,387447.9910044923
381,387447.9910044923
382,387447.9910044923
383,387447.9910044923
384,387447.9910044923
385,387447.9910044923
386,387447.9910044923
387,387447.9910044923
388,387447.9910044923
389,387447.9910044923
390,387447.9910044923
391,387447.9910044923
392,387447.9910044923
393,387447.9910044923
394,387447.9910044923
395,387447.9910044923
396,387447.9910044923
397,387447.9910044923
398,387447.9910044923
399,387447.99100449216
400,387447.99100449216
401,387447.99100449216
402,387447.99100449216
403,387447.99100449216
404,387447.99100449216
405,387447.99100449216
406,387447.99100449216
407,387447.99100449216
408,387447.99100449216
409,387447.99100449216
410,387447.99100449216
411,387447.99100449216
412,387447.99100449216
413,387447.99100449216
414,387447.99100449216
415,387447.99100449216
416,387447.99100449216
417,387447.99100449216
418,387447.99100449216
419,387447.99100449216
420,387447.99100449216
421,387447.99100449216
422,387447.99100449216
423,387447.99100449216
424,387447.99100449216
425,387447.99100449216
426,387447.99100449216
427,387447.99100449216
428,387447.99100449216
429,387447.99100449216
430,387447.99100449216
431,387447.99100449216
432,387447.99100449216
433,387447.99100449216
434,387447.99100449216
435,387447.99100449216
436,387447.99100449216
437,387447.99100449216
438,387447.99100449216
439,385930.7166942889
440,372613.62005805556
441,372613.62005805556
442,372613.62005805556
443,372613.62005805556
444,372613.62005805556
445,372613.62005805556
446,372613.62005805556
447,372613.62005805556
448,372613.62005805556
449,372613.62005805556
450,372613.62005805556
451,372613.62005805556
452,372613.62005805556
453,372613.62005805556
454,372613.62005805556
455,372613.62005805556
456,372613.62005805556
457,372613.62005805556
458,372613.62005805556
459,372613.62005805556
460,372613.62005805556
461,372613.62005805556
462,372613.62005805556
463,372613.62005805556
464,372613.62005805556
465,372613.62005805556
466,372613.62005805556
467,372613.62005805556
468,372613.62005805556
469,372613.62005805556
470,372613.62005805556
471,372613.62005805556
472,372613.62005805556
473,372613.62005805556
474,372613.62005805556
475,372613.62005805556
476,372613.62005805556
477,372613.62005805556
478,372613.62005805556
479,372613.62005805556
480,372613.62005805556
481,372613.62005805556
482,372613.62005805556
483,372613.62005805556
484,372613.6200580555
485,372613.6200580555
486,372613.6200580555
487,372613.6200580555
488,372613.6200580555
489,372613.6200580555
490,372613.6200580555
491,372613.6200580555
492,372613.6200580555
493,372613.6200580555
494,372613.6200580555
495,372613.6200580555
496,372613.6200580555
497,372613.6200580555
498,372613.6200580555
499,372613.6200580555
500,372613.6200580555
501,372613.6200580555
502,372613.6200580555
503,372613.6200580555
504,372613.6200580555
505,372613.6200580555
506,372613.6200580555
507,372613.6200580555
508,372613.6200580555
509,372613.6200580555
510,372613.6200580555
511,372613.6200580555
512,372613.6200580555
513,366358.78780328535
514,366358.78780328535
515,366358.78780328535
516,366358.78780328535
517,366358.78780328535
518,366358.78780328535
519,366358.78780328535
520,366358.78780328535
521,366358.78780328535
522,366358.78780328535
523,366358.78780328535
524,366358.78780328535
525,366358.78780328535
526,366358.78780328535
527,366358.78780328535
528,366358.78780328535
529,366358.78780328535
530,364449.5978561124
531,364449.5978561124
532,364449.5978561124
533,364449.5978561124
534,364449.5978561124
535,364449.5978561124
536,364449.5978561124
537,364449.5978561124
538,364449.5978561124
539,364449.5978561124
540,364449.5978561124
541,364449.5978561124
542,364449.5978561124
543,364449.5978561124
544,364449.5978561123
545,364449.5978561123
546,364449.5978561123
547,364449.5978561123
548,364449.5978561123
549,364449.5978561123
550,364449.5978561123
551,364449.5978561123
552,364449.5978561123
553,364449.5978561123
554,364449.5978561123
555,364449.5978561123
556,364449.5978561123
557,364449.5978561123
558,364449.5978561123
559,364449.5978561123
560,364449.5978561123
561,364449.5978561123
562,364449.5978561123
563,364449.5978561123
564,364449.5978561123
565,364449.5978561123
566,364449.5978561123
567,364449.5978561123
568,364449.5978561123
569,364449.5978561123
570,364449.5978561123
571,364449.5978561123
572,364449.5978561123
573,364449.5978561123
574,364449.5978561123
575,364449.5978561123
576,364449.5978561123
577,364449.5978561123
578,361537.0582668641
579,361537.05826686404
580,361537.05826686404
581,361537.05826686404
582,361537.05826686404
583,361537.05826686404
584,361537.05826686404
585,361537.05826686404
586,361537.05826686404
587,361537.05826686404
588,361537.05826686404
589,361537.05826686404
590,361537.05826686404
591,361537.05826686404
592,361537.05826686404
593,361537.05826686404
594,361537.05826686404
595,361537.05826686404
596,361537.05826686404
597,361537.05826686404
598,361537.05826686404
599,361537.05826686404
600,361537.05826686404
601,361537.05826686404
602,361537.05826686404
603,361537.05826686404
604,361537.05826686404
605,361537.05826686404
606,361537.05826686404
607,361537.05826686404
608,361537.05826686404
609,361537.05826686404
610,361537.05826686404
611,361537.05826686404
612,361537.05826686404
613,361537.05826686404
614,361537.05826686404
615,361537.05826686404
616,361537.05826686404
617,361537.05826686404
618,361537.05826686404
619,361537.05826686404
620,361537.05826686404
621,361537.05826686404
622,361537.05826686404
623,361537.05826686404
624,361537.05826686404
625,361537.05826686404
626,361537.05826686404
627,361537.05826686404
628,361537.05826686404
629,361537.05826686404
630,361537.05826686404
631,361537.05826686404
632,361537.05826686404
633,361537.05826686404
634,361537.05826686404
635,361537.05826686404
636,361537.05826686404
637,361537.05826686404
638,361537.05826686404
639,361537.05826686404
640,361537.05826686404
641,361537.05826686404
642,361537.05826686404
643,361537.05826686404
644,361537.05826686404
645,361537.05826686404
646,361537.05826686404
647,361537.05826686404
648,361537.05826686404
649,361537.05826686404
650,361537.05826686404
651,361537.05826686404
652,361537.05826686404
653,361537.05826686404
654,361537.05826686404
655,361537.05826686404
656,361537.05826686404
657,361537.05826686404
658,361537.05826686404
659,361537.05826686404
660,361537.05826686404
661,361537.05826686404
662,361537.05826686404
663,361537.05826686404
664,361537.05826686404
665,361537.05826686404
666,361537.05826686404
667,361537.05826686404
668,361537.05826686404
669,361537.05826686404
670,361537.05826686404
671,361537.05826686404
672,361537.05826686404
673,361537.05826686404
674,361537.05826686404
675,361537.05826686404
676,361537.05826686404
677,361537.05826686404
678,361537.05826686404
679,361537.05826686404
680,361537.05826686404
681,361537.05826686404
682,361537.05826686404
683,361537.05826686404
684,361537.05826686404
685,361537.05826686404
686,361537.05826686404
687,361537.05826686404
688,361537.05826686404
689,361537.05826686404
690,361537.05826686404
691,325081.417536457
692,325081.417536457
693,325081.417536457
694,325081.417536457
695,325081.417536457
696,325081.417536457
697,325081.417536457
698,325081.417536457
699,325081.417536457
700,325081.417536457
701,325081.417536457
702,325081.417536457
703,325081.417536457
704,325081.417536457
705,325081.417536457
706,325081.417536457
707,325081.417536457
708,325081.417536457
709,325081.417536457
710,325081.417536457
711,325081.417536457
712,325081.417536457
713,325081.417536457
714,325081.417536457
715,325081.417536457
716,325081.417536457
717,325081.417536457
718,325081.417536457
719,325081.417536457
720,325081.417536457
721,325081.417536457
722,325081.417536457
723,325081.417536457
724,325081.417536457
725,325081.417536457
726,325081.417536457
727,325081.417536457
728,325081.417536457
729,325081.417536457
730,325081.417536457
731,325081.417536457
732,325081.417536457
733,325081.417536457
734,325081.417536457
735,325081.417536457
736,325081.417536457
737,325081.417536457
738,325081.417536457
739,325081.417536457
740,325081.417536457
741,325081.417536457
742,325081.417536457
743,325081.417536457
744,325081.417536457
745,325081.417536457
746,325081.417536457
747,325081.417536457
748,325081.417536457
749,325081.417536457
750,325081.417536457
751,325081.417536457
752,325081.417536457
753,325081.417536457
754,325081.417536457
755,325081.417536457
756,325081.417536457
757,325081.417536457
758,325081.417536457
759,325081.417536457
760,325081.417536457
761,325081.417536457
762,325081.417536457
763,325081.417536457
764,325081.417536457
765,325081.417536457
766,325081.417536457
767,325081.417536457
768,325081.417536457
769,325081.417536457
770,325081.417536457
771,325081.417536457
772,325081.417536457
773,325081.417536457
774,325081.417536457
775,325081.417536457
776,325081.417536457
777,325081.417536457
778,325081.417536457
779,325081.417536457
780,325081.417536457
781,325081.417536457
782,325081.417536457
783,325081.417536457
784,325081.417536457
785,325081.4175364569
786,325081.4175364569
787,325081.4175364569
788,325081.4175364569
789,325081.4175364569
790,325081.4175364569
791,325081.4175364569
792,325081.4175364569
793,325081.4175364569
794,325081.4175364569
795,325081.4175364569
796,325081.4175364569
797,325081.4175364569
798,325081.4175364569
799,317305.5259494912
800,311113.5530097075
801,311113.5530097075
802,311113.5530097075
803,311113.5530097075
804,311113.5530097075
805,311113.5530097075
806,311113.5530097075
807,311113.5530097075
808,311113.5530097075
809,311113.5530097075
810,311113.5530097075
811,311113.5530097075
812,311113.5530097075
813,311113.5530097075
814,311113.5530097075
815,311113.5530097075
816,311113.5530097075
817,311113.5530097075
818,311113.5530097075
819,311113.5530097075
820,311113.5530097075
821,311113.5530097075
822,311113.5530097075
823,311113.5530097075
824,311113.5530097075
825,311113.5530097075
826,311113.5530097075
827,311113.5530097075
828,311113.5530097075
829,311113.5530097075
830,311113.5530097075
831,311113.5530097075
832,311113.5530097075
833,311113.5530097075
834,311113.5530097075
835,311113.5530097075
836,311113.5530097075
837,311113.5530097075
838,311113.5530097075
839,311113.5530097075
840,311113.5530097075
841,311113.5530097075
842,311113.5530097075
843,311113.5530097075
844,311113.5530097075
845,311113.5530097075
846,311113.5530097075
847,311113.5530097075
848,311113.5530097075
849,311113.5530097075
850,311113.5530097075
851,311113.5530097075
852,311113.5530097075
853,311113.5530097075
854,311113.5530097075
855,311113.5530097075
856,311113.5530097075
857,311113.5530097075
858,311113.5530097075
859,311113.5530097075
860,311113.5530097075
861,311113.5530097075
862,311113.5530097075
863,282055.24461686425
864,282055.24461686425
865,282055.24461686425
866,278290.2562369957
867,278290.2562369957
868,278290.2562369957
869,278290.2562369957
870,278290.2562369957
871,278290.2562369957
872,278290.2562369957
873,275790.43527919694
874,275790.43527919694
875,275790.43527919694
876,275790.43527919694
877,275790.43527919694
878,275790.43527919694
879,275790.43527919694
880,275790.4352791969
881,275790.4352791969
882,275790.4352791969
883,275790.4352791969
884,275790.4352791969
885,275790.4352791969
886,275790.4352791969
887,275790.4352791969
888,275790.4352791969
889,275790.4352791969
890,275790.4352791969
891,275790.4352791969
892,275790.4352791969
893,275790.4352791969
894,275790.4352791969
895,275790.4352791969
896,275790.43527919665
897,275790.43527919665
898,275790.43527919665
899,275790.43527919665
900,275790.43527919665
901,275790.43527919665
902,275790.43527919665
903,275790.43527919665
904,275790.43527919665
905,275790.43527919665
906,275790.43527919665
907,275790.43527919665
908,275790.43527919665
909,275790.43527919665
910,275790.43527919665
911,269516.56274633185
912,269516.56274633185
913,269516.56274633185
914,269516.56274633185
915,269516.5627463317
916,269516.5627463317
917,269516.5627463317
918,269516.5627463317
919,269516.5627463317
920,269516.5627463317
921,269516.5627463317
922,269516.5627463317
923,269516.5627463317
924,269516.5627463317
925,269516.5627463317
926,269516.5627463317
927,269516.5627463317
928,269516.5627463317
929,269516.5627463317
930,269516.5627463317
931,269516.5627463317
932,269516.5627463317
933,269516.5627463317
934,269516.5627463317
935,269516.5627463317
936,269516.5627463317
937,269516.5627463317
938,269516.5627463317
939,269516.5627463317
940,269516.5627463317
941,269516.5627463317
942,269516.5627463317
943,269516.5627463317
944,269516.5627463317
945,269516.5627463317
946,269516.5627463317
947,269516.5627463317
948,269516.5627463317
949,269516.5627463317
950,269516.5627463317
951,269516.5627463317
952,269516.5627463317
953,269516.5627463317
954,269516.5627463317
955,269516.5627463317
956,269516.5627463317
957,269516.5627463317
958,269516.5627463317
959,269516.5627463317
960,269516.5627463317
961,269516.5627463317
962,269516.5627463317
963,269516.5627463317
964,269516.5627463317
965,269516.5627463317
966,269516.5627463317
967,269516.5627463317
968,269516.5627463317
969,269516.5627463317
970,269516.5627463317
971,269516.5627463317
972,269516.5627463317
973,269516.5627463317
974,269516.5627463317
975,269516.5627463317
976,269516.5627463317
977,269516.5627463317
978,269516.5627463317
979,269516.5627463317
980,269516.5627463317
981,269516.5627463317
982,269516.5627463317
983,269516.5627463317
984,269516.5627463317
985,269516.5627463317
986,269516.5627463317
987,269516.5627463317
988,269516.5627463317
989,269516.5627463317
990,269516.5627463317
991,269516.5627463317
992,269516.5627463317
993,269516.5627463317
994,269516.5627463317
995,269516.5627463317
996,269516.5627463317
997,269516.5627463317
998,269516.5627463317
999,269516.5627463317
1000,269516.5627463317
1001,269516.5627463317
1002,269516.5627463317
1003,269516.5627463317
1004,269516.5627463317
1005,269516.5627463317
1006,269516.5627463317
1007,269516.5627463317
1008,269516.5627463317
1009,269516.5627463317
1010,269516.5627463317
1011,269516.5627463317
1012,269516.5627463317
1013,269516.5627463317
1014,269516.5627463317
1015,269516.5627463317
1016,269516.5627463317
1017,269516.5627463317
1018,269516.5627463317
1019,269516.5627463317
1020,269516.5627463317
1021,269516.5627463317
1022,269516.5627463317
1023,269516.5627463317
1024,269516.5627463317
1025,269516.5627463317
1026,269516.5627463317
1027,269516.5627463317
1028,269516.5627463317
1029,269516.5627463317
1030,269516.5627463317
1031,269516.5627463317
1032,269516.5627463317
1033,269516.5627463317
1034,269516.5627463317
1035,269516.5627463317
1036,269516.5627463317
1037,269516.5627463317
1038,269516.5627463317
1039,269516.5627463317
1040,269516.5627463317
1041,269516.5627463317
1042,269516.5627463317
1043,269516.5627463317
1044,266982.54068108636
1045,266982.54068108636
1046,266982.54068108636
1047,265630.44782802265
1048,265630.44782802265
1049,265630.44782802265
1050,265630.44782802265
1051,265630.44782802265
1052,265630.44782802265
1053,265630.44782802265
1054,265630.44782802265
1055,265630.44782802265
1056,265630.44782802265
1057,265630.44782802265
1058,265630.44782802265
1059,265630.44782802265
1060,265630.4478280225
1061,265630.4478280225
1062,265630.4478280225
1063,265630.4478280225
1064,265630.4478280225
1065,265630.4478280225
1066,265630.4478280225
1067,265630.4478280225
1068,265630.4478280225
1069,265630.4478280225
1070,265630.4478280225
1071,265630.4478280225
1072,265630.4478280225
1073,265630.4478280225
1074,265630.4478280225
1075,265630.4478280225
1076,265630.4478280225
1077,265630.4478280225
1078,265630.4478280225
1079,265630.4478280225
1080,265630.4478280225
1081,265630.4478280224
1082,265630.4478280224
1083,265630.4478280224
1084,265630.4478280224
1085,265630.4478280224
1086,265630.4478280224
1087,265630.4478280224
1088,265630.4478280224
1089,265630.4478280224
1090,265630.4478280224
1091,265630.4478280224
1092,265630.4478280224
1093,265630.4478280224
1094,265630.4478280224
1095,265630.4478280224
1096,265630.4478280224
1097,265630.4478280224
1098,265630.4478280224
1099,265630.4478280224
1100,265630.4478280224
1101,265630.4478280224
1102,265630.4478280224
1103,265630.4478280224
1104,265630.4478280224
1105,265630.4478280224
1106,265630.4478280224
1107,265630.4478280224
1108,265630.4478280224
1109,265630.4478280224
1110,265630.4478280224
1111,265630.4478280224
1112,265630.4478280224
1113,265630.4478280224
1114,265630.4478280224
1115,265630.4478280224
1116,265630.4478280224
1117,248420.29011612522
1118,248420.29011612522
1119,248420.29011612522
1120,248420.29011612522
1121,248420.29011612522
1122,248420.29011612522
1123,248420.29011612522
1124,248420.29011612522
1125,248420.29011612522
1126,248420.29011612522
1127,248420.29011612522
1128,248420.29011612522
1129,248420.29011612522
1130,248420.29011612522
1131,248420.29011612522
1132,248420.29011612522
1133,248420.29011612522
1134,248420.29011612522
1135,248420.29011612522
1136,248420.29011612522
1137,248420.29011612522
1138,248420.29011612522
1139,248420.29011612522
1140,248420.29011612522
1141,248420.29011612522
1142,248420.29011612522
1143,248420.29011612522
1144,248420.29011612522
1145,248420.29011612522
1146,248420.29011612522
1147,248420.29011612522
1148,248420.29011612522
1149,248420.29011612522
1150,248420.29011612522
1151,248420.29011612522
1152,248420.29011612522
1153,248420.29011612522
1154,248420.29011612522
1155,248420.29011612522
1156,248420.29011612522
1157,248420.29011612522
1158,248420.29011612522
1159,248420.29011612522
1160,248420.29011612522
1161,248420.29011612522
1162,248420.29011612522
1163,248420.29011612522
1164,248420.29011612522
1165,248420.29011612522
1166,248420.29011612522
1167,248420.29011612522
1168,248420.29011612522
1169,248420.29011612522
1170,248420.29011612522
1171,248420.29011612522
1172,248420.29011612522
1173,248420.29011612522
1174,248420.29011612522
1175,248420.29011612522
1176,248420.29011612522
1177,248420.29011612522
1178,248420.29011612522
1179,248420.29011612522
1180,248420.29011612522
1181,248420.29011612522
1182,248420.29011612522
1183,248420.29011612516
1184,248420.29011612516
1185,248420.29011612516
1186,248420.29011612516
1187,248420.29011612516
1188,248420.29011612516
1189,248420.29011612516
1190,248420.29011612516
1191,248420.29011612516
1192,248420.29011612516
1193,248420.29011612516
1194,248420.29011612516
1195,248420.29011612516
1196,248420.29011612516
1197,248420.29011612516
1198,248420.29011612516
1199,248420.29011612516
1200,248420.29011612516
1201,248420.29011612516
1202,248420.29011612516
1203,248420.29011612516
1204,248420.29011612516
1205,248420.29011612516
1206,248420.29011612516
1207,248420.29011612516
1208,248420.29011612516
1209,248420.29011612516
1210,248420.29011612516
1211,248420.29011612516
1212,248420.29011612516
1213,248420.29011612516
1214,248420.29011612516
1215,248420.29011612516
1216,248420.29011612516
1217,248420.29011612516
1218,248420.29011612516
1219,248420.29011612516
1220,248420.29011612516
1221,248420.29011612516
1222,248420.29011612516
1223,248420.29011612516
1224,248420.29011612496
1225,248420.29011612496
1226,248420.29011612496
1227,248420.29011612496
1228,248420.29011612496
1229,248420.29011612496
1230,248420.29011612496
1231,248420.29011612496
1232,248420.29011612496
1233,248420.29011612496
1234,248420.29011612496
1235,248420.29011612496
1236,248420.29011612496
1237,248420.29011612496
1238,248420.29011612496
1239,248420.29011612496
1240,248420.29011612496
1241,248420.29011612496
1242,248420.29011612496
1243,248420.29011612496
1244,248420.29011612496
1245,248420.29011612496
1246,248420.29011612496
1247,248420.29011612496
1248,248420.29011612496
1249,248420.29011612496
1250,248420.29011612496
1251,248420.29011612496
1252,248420.29011612496
1253,248420.29011612496
1254,248420.29011612496
1255,248420.29011612496
1256,248420.29011612496
1257,248420.29011612496
1258,244304.67165844305
1259,244304.67165844305
1260,244304.67165844305
1261,244304.67165844305
1262,244304.67165844305
1263,244304.67165844305
1264,244304.67165844305
1265,244304.67165844305
1266,244304.67165844305
1267,244304.67165844305
1268,244304.67165844305
1269,244304.67165844305
1270,244304.67165844305
1271,244304.67165844305
1272,244304.67165844305
1273,244304.67165844305
1274,244304.67165844305
1275,244304.67165844305
1276,244304.67165844305
1277,244304.67165844305
1278,244304.67165844305
1279,244304.67165844305
1280,244304.67165844305
1281,244304.67165844305
1282,244304.67165844305
1283,244304.67165844305
1284,244304.67165844305
1285,244304.67165844305
1286,244304.67165844305
1287,244304.67165844305
1288,244304.67165844305
1289,244304.67165844305
1290,244304.67165844305
1291,244304.67165844305
1292,244304.67165844305
1293,244304.67165844305
1294,244304.671658443
1295,244304.671658443
1296,244304.671658443
1297,244304.671658443
1298,244304.671658443
1299,244304.671658443
1300,244304.671658443
1301,244304.671658443
1302,244304.671658443
1303,244304.671658443
1304,244304.671658443
1305,244304.671658443
1306,244304.671658443
1307,244304.671658443
1308,244304.671658443
1309,244304.671658443
1310,244304.671658443
1311,244304.671658443
1312,244304.671658443
1313,244304.671658443
1314,244304.671658443
1315,244304.671658443
1316,244304.671658443
1317,244304.671658443
1318,244304.671658443
1319,244304.671658443
1320,244304.671658443
1321,244304.671658443
1322,244304.671658443
1323,244304.671658443
1324,244304.671658443
1325,244304.671658443
1326,244304.671658443
1327,244304.671658443
1328,223448.9255310853
1329,223448.9255310853
1330,223448.9255310853
1331,223448.9255310853
1332,223448.9255310853
1333,223448.9255310853
1334,223448.9255310853
1335,223448.9255310853
1336,223448.9255310853
1337,223448.9255310853
1338,223448.9255310853
1339,223448.9255310853
1340,223448.9255310853
1341,223448.9255310853
1342,223448.9255310853
1343,223448.9255310853
1344,223448.9255310853
1345,223448.9255310853
1346,223448.9255310853
1347,223448.9255310853
1348,223448.9255310853
1349,223448.9255310853
1350,223448.9255310853
1351,223448.9255310853
1352,223448.9255310853
1353,223448.9255310853
1354,223448.9255310853
1355,223448.9255310853
1356,223448.9255310853
1357,223448.9255310853
1358,223448.9255310853
1359,223448.9255310853
1360,223448.9255310853
1361,223448.9255310853
1362,223448.9255310852
1363,223448.9255310852
1364,223448.9255310852
1365,223448.9255310852
1366,223448.9255310852
1367,223448.9255310852
1368,223448.9255310852
1369,223448.9255310852
1370,223448.9255310852
1371,223448.9255310852
1372,223448.92553108517
1373,223448.92553108517
1374,223448.92553108517
1375,223448.92553108517
1376,223448.92553108517
1377,223448.92553108517
1378,223448.92553108517
1379,223448.92553108517
1380,223448.92553108517
1381,223448.92553108517
1382,223448.92553108517
1383,223448.92553108517
1384,223448.92553108517
1385,223448.92553108517
1386,223448.92553108517
1387,223448.92553108517
1388,223448.92553108517
1389,223448.92553108517
1390,223448.92553108517
1391,223448.92553108517
1392,223448.92553108517
1393,223448.92553108517
1394,223448.92553108517
1395,214100.45620745214
1396,214100.45620745214
1397,214100.45620745202
1398,214100.45620745202
1399,214100.45620745202
1400,214100.45620745202
1401,214100.45620745202
1402,214100.45620745202
1403,214100.45620745202
1404,214100.45620745202
1405,214100.45620745202
1406,214100.45620745202
1407,214100.45620745202
1408,214100.45620745202
1409,214100.45620745202
1410,214100.45620745202
1411,214100.45620745202
1412,214100.45620745202
1413,214100.45620745202
1414,214100.45620745202
1415,214100.45620745202
1416,214100.45620745202
1417,214100.45620745202
1418,214100.45620745202
1419,214100.45620745202
1420,214100.45620745202
1421,214100.45620745202
1422,214100.45620745202
1423,214100.45620745202
1424,214100.45620745202
1425,214100.45620745196
1426,214100.45620745196
1427,214100.45620745196
1428,214100.45620745196
1429,214100.45620745196
1430,214100.45620745196
1431,214100.45620745196
1432,214100.45620745196
1433,214100.45620745196
1434,214100.45620745196
1435,214100.45620745196
1436,214100.45620745196
1437,214100.45620745196
1438,214100.45620745196
1439,214100.45620745196
1440,214100.45620745196
1441,214100.45620745196
1442,214100.45620745196
1443,214100.45620745196
1444,214100.45620745196
1445,214100.45620745196
1446,214100.45620745196
1447,214100.45620745196
1448,214100.45620745196
1449,214100.45620745196
1450,214100.45620745196
1451,214100.45620745196
1452,214100.45620745196
1453,214100.45620745196
1454,214100.45620745196
1455,214100.45620745196
1456,214100.45620745196
1457,214100.45620745196
1458,214100.45620745196
1459,214100.45620745196
1460,214100.45620745196
1461,214100.45620745196
1462,214100.45620745196
1463,214100.45620745196
1464,214100.45620745196
1465,214100.45620745196
1466,211919.25811136738
1467,211919.25811136738
1468,211824.97047598186
1469,211824.97047598186
1470,211824.97047598186
1471,211824.97047598186
1472,211824.97047598186
1473,211824.97047598186
1474,211824.97047598186
1475,211824.97047598186
1476,211824.97047598186
1477,211824.97047598168
1478,211824.97047598168
1479,211824.97047598168
1480,211824.97047598168
1481,211824.97047598168
1482,211824.97047598168
1483,211824.97047598168
1484,211824.97047598168
1485,211824.97047598168
1486,211824.97047598168
1487,194293.56069086742
1488,194293.56069086742
1489,194293.56069086742
1490,194293.56069086737
1491,194293.56069086737
1492,194293.56069086737
1493,194293.56069086737
1494,194293.56069086737
1495,194293.56069086737
1496,194293.56069086737
1497,194293.56069086737
1498,194293.56069086737
1499,194293.56069086737
1500,194293.56069086737
1501,194293.56069086737
1502,194293.56069086737
1503,194293.56069086737
1504,194293.56069086737
1505,194293.56069086737
1506,194293.56069086737
1507,194293.56069086737
1508,192986.44302574298
1509,192986.44302574298
1510,192986.44302574298
1511,192986.44302574298
1512,192986.44302574298
1513,192986.44302574298
1514,192986.44302574298
1515,192986.44302574298
1516,192986.44302574298
1517,192986.44302574298
1518,192986.44302574298
1519,192986.44302574298
1520,192986.44302574298
1521,192986.44302574298
1522,192986.44302574298
1523,192986.44302574298
1524,192986.44302574298
1525,192986.44302574298
1526,192986.44302574298
1527,192986.44302574298
1528,192986.44302574298
1529,192986.44302574298
1530,189902.16361265286
1531,189902.16361265286
1532,189902.16361265286
1533,189902.16361265286
1534,189902.16361265286
1535,189902.16361265286
1536,189902.16361265286
1537,189902.16361265286
1538,189902.16361265286
1539,189902.16361265286
1540,189902.16361265286
1541,189902.16361265286
1542,189902.16361265286
1543,189902.16361265286
1544,189902.16361265286
1545,189902.16361265286
1546,189902.16361265286
1547,189902.16361265286
1548,189902.16361265286
1549,189902.16361265286
1550,189902.16361265286
1551,189902.16361265286
1552,189902.16361265286
1553,189902.16361265286
1554,189902.16361265286
1555,189902.16361265286
1556,189902.16361265286
1557,189902.16361265286
1558,189902.16361265286
1559,189902.16361265286
1560,189902.16361265286
1561,189902.16361265286
1562,189902.16361265286
1563,189902.16361265286
1564,189902.16361265286
1565,189902.16361265286
1566,189902.16361265286
1567,189902.16361265286
1568,189902.16361265286
1569,189902.16361265286
1570,189902.16361265286
1571,189902.16361265274
1572,189902.16361265274
1573,189902.16361265274
1574,189902.16361265274
1575,189902.16361265274
1576,189902.16361265274
1577,189902.16361265274
1578,189902.16361265274
1579,189902.16361265274
1580,189902.16361265274
1581,189902.16361265274
1582,189902.16361265274
1583,189902.16361265274
1584,189902.16361265274
1585,189902.16361265274
1586,189902.16361265274
1587,189902.16361265274
1588,189902.16361265274
1589,189902.16361265274
1590,189902.16361265274
1591,189902.16361265274
1592,189902.16361265274
1593,189902.16361265274
1594,189902.16361265274
1595,189902.16361265274
1596,189902.16361265274
1597,189902.16361265274
1598,189902.16361265274
1599,189902.16361265274
1600,189902.16361265274
1601,189902.16361265274
1602,189902.16361265274
1603,189902.16361265274
1604,189902.16361265274
1605,189902.16361265274
1606,189902.16361265274
1607,189902.16361265274
1608,189902.16361265274
1609,189902.16361265274
1610,189902.16361265274
1611,189902.16361265274
1612,189902.16361265274
1613,189902.16361265274
1614,189902.16361265274
1615,189902.16361265274
1616,189902.16361265274
1617,189902.16361265274
1618,189902.16361265274
1619,189902.16361265274
1620,189902.16361265274
1621,189902.16361265274
1622,189902.16361265274
1623,189902.16361265274
1624,189902.16361265274
1625,189902.16361265274
1626,189902.16361265274
1627,189902.16361265274
1628,189902.16361265274
1629,189902.16361265274
1630,189902.16361265274
1631,189902.16361265274
1632,189902.16361265274
1633,189902.16361265274
1634,189902.16361265274
1635,189902.16361265274
1636,189902.16361265274
1637,189902.16361265274
1638,189902.16361265274
1639,189902.16361265274
1640,189902.16361265274
1641,189902.16361265274
1642,189902.16361265274
1643,189902.16361265274
1644,189902.16361265274
1645,189902.16361265274
1646,189902.16361265274
1647,189902.16361265274
1648,189902.16361265274
1649,189902.16361265274
1650,189902.16361265274
1651,189902.16361265274
1652,189902.16361265274
1653,189902.16361265274
1654,176540.8705451358
1655,176540.8705451358
1656,176540.8705451358
1657,176540.8705451358
1658,176540.8705451358
1659,176540.8705451358
1660,176540.8705451358
1661,176540.8705451358
1662,176540.8705451358
1663,176540.8705451358
1664,176540.8705451358
1665,176540.8705451358
1666,176540.8705451358
1667,176540.8705451358
1668,176540.8705451358
1669,176540.8705451358
1670,176540.8705451358
1671,176540.8705451358
1672,176540.8705451358
1673,176540.8705451358
1674,176540.8705451358
1675,176540.8705451358
1676,176540.8705451358
1677,176540.8705451358
1678,176540.8705451358
1679,176540.8705451358
1680,176540.8705451358
1681,176540.8705451358
1682,176540.8705451358
1683,176540.8705451358
1684,176540.8705451358
1685,176540.8705451358
1686,176540.8705451358
1687,176540.8705451358
1688,176540.8705451358
1689,176540.8705451358
1690,176540.8705451358
1691,176540.8705451358
1692,176540.8705451358
1693,176540.8705451358
1694,176540.8705451358
1695,176540.8705451358
1696,176540.8705451358
1697,176540.8705451358
1698,176540.8705451358
1699,176540.8705451358
1700,176540.8705451358
1701,176540.8705451358
1702,176540.8705451358
1703,176540.8705451358
1704,176540.8705451358
1705,176540.8705451358
1706,176540.8705451358
1707,176540.8705451358
1708,176540.8705451358
1709,176540.8705451358
1710,176540.8705451358
1711,176540.8705451358
1712,176540.8705451358
1713,176540.8705451358
1714,176540.8705451358
1715,176540.8705451358
1716,176540.8705451358
1717,176540.8705451358
1718,176540.8705451358
1719,176540.8705451358
1720,176540.8705451358
1721,176540.8705451358
1722,176540.8705451358
1723,176540.8705451358
1724,176540.8705451358
1725,176540.8705451358
1726,176540.8705451358
1727,176540.8705451358
1728,176540.8705451358
1729,176540.8705451358
1730,176540.8705451358
1731,176540.8705451358
1732,176540.8705451358
1733,176540.8705451358
1734,164293.8722483254
1735,164293.8722483254
1736,164293.8722483254
1737,164293.8722483254
1738,164293.8722483254
1739,164293.8722483254
1740,164293.8722483254
1741,164293.8722483254
1742,164293.8722483254
1743,164293.8722483254
1744,164293.8722483254
1745,164293.87224832535
1746,164293.87224832535
1747,150800.8985119497
1748,150800.89851194966
1749,150800.89851194966
1750,150800.89851194966
1751,150800.89851194966
1752,150800.89851194966
1753,150800.89851194966
1754,150800.89851194966
1755,150800.89851194966
1756,150800.89851194966
1757,150800.89851194966
1758,150800.89851194966
1759,150800.89851194966
1760,150800.89851194966
1761,150800.89851194966
1762,150800.89851194966
1763,150800.89851194966
1764,150800.89851194966
1765,150800.89851194966
1766,150800.89851194966
1767,150800.89851194966
1768,150800.89851194966
1769,150800.89851194966
1770,150800.89851194966
1771,150800.89851194966
1772,150800.89851194966
1773,150800.89851194952
1774,150800.89851194952
1775,150800.89851194952
1776,150800.89851194952
1777,150800.89851194952
1778,150800.89851194952
1779,150800.89851194952
1780,150800.89851194952
1781,150800.89851194952
1782,150800.89851194952
1783,150800.89851194952
1784,150800.89851194952
1785,150800.89851194952
1786,150800.89851194952
1787,150800.89851194952
1788,150800.89851194952
1789,150800.89851194952
1790,150800.89851194952
1791,150800.89851194952
1792,150800.89851194952
1793,150800.89851194952
1794,150800.89851194952
1795,150800.89851194952
1796,150800.89851194952
1797,150800.89851194952
1798,150800.89851194952
1799,150800.89851194952
1800,150800.89851194952
1801,150800.89851194952
1802,150800.89851194952
1803,150800.89851194952
1804,150800.89851194952
1805,150800.89851194952
1806,150800.89851194952
1807,150800.89851194952
1808,150800.89851194952
1809,150800.89851194952
1810,150800.89851194952
1811,150800.89851194952
1812,150800.89851194952
1813,150800.89851194952
1814,150800.89851194952
1815,150800.89851194952
1816,150800.89851194952
1817,150800.89851194952
1818,150800.89851194952
1819,150800.89851194952
1820,150800.89851194952
1821,150800.89851194952
1822,150800.89851194952
1823,150800.89851194952
1824,150800.89851194952
1825,150800.89851194952
1826,150800.89851194952
1827,150800.89851194952
1828,150800.89851194952
1829,150800.89851194952
1830,150800.89851194952
1831,150668.7329935403
1832,150668.7329935403
1833,150668.7329935403
1834,150668.7329935403
1835,150668.7329935403
1836,150668.7329935403
1837,150668.7329935403
1838,150668.7329935403
1839,150668.7329935403
1840,150668.7329935403
1841,150668.7329935403
1842,150668.7329935403
1843,150668.7329935403
1844,150668.7329935403
1845,150668.7329935403
1846,150668.7329935403
1847,150668.7329935403
1848,150668.7329935403
1849,150668.7329935403
1850,150668.7329935403
1851,150668.7329935403
1852,150668.7329935403
1853,150668.7329935403
1854,150668.7329935403
1855,150668.7329935403
1856,150668.7329935403
1857,150668.7329935403
1858,150668.7329935403
1859,150668.7329935403
1860,150668.7329935403
1861,150668.7329935403
1862,150668.7329935403
1863,150668.7329935403
1864,150668.7329935403
1865,150668.7329935403
1866,150668.7329935403
1867,150668.7329935403
1868,150668.7329935403
1869,150668.7329935403
1870,150668.7329935403
1871,150668.7329935403
1872,150668.7329935403
1873,150668.7329935403
1874,150668.7329935403
1875,150668.7329935403
1876,150668.7329935403
1877,150668.7329935403
1878,150668.7329935403
1879,150668.7329935403
1880,150668.7329935403
1881,150668.7329935403
1882,150668.7329935403
1883,150668.7329935403
1884,150668.7329935403
1885,150668.7329935403
1886,150668.7329935403
1887,150668.7329935403
1888,150668.7329935403
1889,150668.7329935403
1890,150668.7329935403
1891,150668.7329935403
1892,150668.7329935403
1893,150668.7329935403
1894,150668.7329935403
1895,150668.7329935403
1896,150668.7329935403
1897,150668.7329935403
1898,150668.7329935403
1899,150668.7329935403
1900,150175.10607795345
1901,150175.10607795345
1902,150175.10607795345
1903,150175.10607795345
1904,150175.10607795345
1905,150175.10607795345
1906,150175.10607795345
1907,150175.10607795345
1908,150175.10607795345
1909,150175.10607795345
1910,150175.10607795345
1911,150175.10607795345
1912,150175.10607795345
1913,150175.10607795345
1914,150175.10607795345
1915,150175.10607795345
1916,150175.10607795345
1917,150175.10607795345
1918,150175.10607795345
1919,150175.10607795345
1920,150175.10607795345
1921,150175.10607795345
1922,150175.10607795345
1923,150175.10607795345
1924,150175.10607795345
1925,150175.10607795345
1926,150175.10607795345
1927,150175.10607795345
1928,150175.10607795345
1929,150175.10607795345
1930,150175.10607795345
1931,150175.10607795345
1932,150175.10607795345
1933,150175.10607795345
1934,150175.10607795345
1935,150175.10607795345
1936,150175.10607795345
1937,150175.10607795345
1938,150175.10607795345
1939,150175.10607795345
1940,150175.10607795345
1941,150175.10607795345
1942,150175.10607795345
1943,150175.10607795345
1944,150175.10607795345
1945,150175.10607795345
1946,150175.1060779534
1947,150175.1060779534
1948,150175.1060779534
1949,150175.1060779534
1950,150175.1060779534
1951,150175.1060779534
1952,150175.1060779534
1953,150175.1060779534
1954,150175.1060779534
1955,150175.1060779534
1956,150175.1060779534
1957,150175.1060779534
1958,150175.1060779534
1959,150175.1060779534
1960,150175.1060779534
1961,150175.1060779534
1962,150175.1060779534
1963,150175.1060779534
1964,150175.1060779534
1965,150175.1060779534
1966,150175.1060779534
1967,150175.1060779534
1968,150175.1060779534
1969,150175.1060779534
1970,150175.1060779534
1971,150175.1060779534
1972,150175.1060779534
1973,150175.1060779534
1974,150175.1060779534
1975,150175.1060779534
1976,150175.1060779534
1977,150175.1060779534
1978,150175.1060779534
1979,150175.1060779534
1980,150175.1060779534
1981,150175.1060779534
1982,150175.1060779534
1983,150175.1060779534
1984,150175.1060779534
1985,150175.1060779534
1986,150175.1060779534
1987,150175.1060779534
1988,150175.1060779534
1989,150175.1060779534
1990,150175.1060779534
1991,150175.1060779534
1992,150175.1060779534
1993,150175.1060779534
1994,150175.1060779534
1995,150175.1060779534
1996,150175.1060779534
1997,150175.1060779534
1998,150175.1060779534
1999,150175.1060779534
2000,150175.1060779534
2001,150175.1060779534
2002,150175.1060779534
2003,150175.1060779534
2004,150175.1060779534
2005,150175.1060779534
2006,150175.1060779534
2007,150175.1060779534
2008,150098.7035144956
2009,150098.7035144956
2010,150098.7035144956
2011,150098.7035144956
2012,150098.7035144956
2013,150098.7035144956
2014,150098.7035144956
2015,150098.7035144956
2016,150098.7035144956
2017,150098.7035144956
2018,150098.7035144956
2019,150098.7035144956
2020,150098.7035144956
2021,150098.7035144956
2022,150098.7035144956
2023,150098.7035144956
2024,150098.7035144956
2025,150098.7035144956
2026,148145.87418409248
2027,148145.87418409248
2028,148145.87418409242
2029,148145.87418409242
2030,148145.87418409242
2031,148145.87418409242
2032,148145.87418409242
2033,148145.87418409242
2034,148145.87418409242
2035,148145.87418409242
2036,148145.87418409242
2037,148145.87418409242
2038,148145.87418409242
2039,148145.87418409242
2040,148145.87418409233
2041,148145.87418409233
2042,148145.87418409233
2043,148145.87418409233
2044,148145.87418409233
2045,148145.87418409233
2046,148145.87418409233
2047,148145.87418409233
2048,148145.87418409233
2049,148145.87418409233
2050,148145.87418409233
2051,148145.87418409233
2052,148145.87418409233
2053,148102.54138419134
2054,148102.54138419134
2055,148102.54138419134
2056,148102.54138419134
2057,148102.54138419134
2058,148102.54138419134
2059,148102.54138419134
2060,148102.54138419134
2061,148102.54138419134
2062,148102.54138419134
2063,148102.54138419134
2064,148102.54138419134
2065,148102.54138419134
2066,148102.54138419134
2067,148102.54138419134
2068,148102.54138419134
2069,148102.54138419134
2070,148102.54138419134
2071,148102.54138419134
2072,148102.54138419134
2073,148102.54138419134
2074,148102.54138419134
2075,148102.54138419134
2076,148102.54138419134
2077,148102.54138419134
2078,148102.54138419134
2079,148102.54138419128
2080,148102.54138419128
2081,148102.54138419128
2082,148102.54138419128
2083,148102.54138419128
2084,148102.54138419128
2085,148102.54138419128
2086,148102.54138419128
2087,148102.54138419128
2088,148102.54138419128
2089,148102.54138419128
2090,148102.54138419128
2091,148102.54138419128
2092,148102.54138419128
2093,148102.54138419128
2094,148102.54138419128
2095,148102.54138419128
2096,148102.54138419128
2097,148102.54138419128
2098,148102.54138419128
2099,148102.54138419128
2100,148102.54138419128
2101,148102.54138419128
2102,148102.54138419128
2103,148102.54138419128
2104,148102.54138419128
2105,148102.54138419128
2106,148102.54138419128
2107,148102.54138419128
2108,148102.54138419128
2109,148102.54138419128
2110,148102.54138419128
2111,148102.54138419128
2112,148102.54138419128
2113,148102.54138419128
2114,148102.54138419128
2115,148102.54138419128
2116,148102.54138419128
2117,148102.54138419128
2118,148102.54138419128
2119,148102.54138419128
2120,148102.54138419128
2121,148102.54138419128
2122,148102.54138419128
2123,148102.54138419128
2124,148102.54138419128
2125,148102.54138419128
2126,148102.54138419128
2127,148102.54138419128
2128,148102.54138419128
2129,148102.54138419128
2130,148102.54138419128
2131,148102.54138419128
2132,148102.54138419128
2133,148102.54138419128
2134,148102.54138419128
2135,148102.54138419128
2136,148102.54138419128
2137,148102.54138419128
2138,148102.54138419128
2139,148102.54138419128
2140,148102.54138419128
2141,148102.54138419128
2142,148102.54138419128
2143,148102.54138419128
2144,148010.9451062102
2145,148010.9451062102
2146,148010.9451062102
2147,148010.9451062102
2148,148010.9451062102
2149,148010.9451062102
2150,148010.9451062102
2151,148010.9451062102
2152,148010.9451062102
2153,148010.9451062102
2154,148010.9451062102
2155,148010.9451062102
2156,148010.9451062102
2157,148010.9451062102
2158,148010.9451062102
2159,148010.9451062102
2160,148010.9451062102
2161,148010.9451062102
2162,148010.9451062102
2163,148010.9451062102
2164,148010.9451062102
2165,148010.9451062102
2166,148010.9451062102
2167,148010.9451062101
2168,148010.9451062101
2169,148010.9451062101
2170,148010.9451062101
2171,148010.9451062101
2172,148010.9451062101
2173,148010.9451062101
2174,148010.9451062101
2175,148010.9451062101
2176,148010.9451062101
2177,148010.9451062101
2178,148010.9451062101
2179,148010.9451062101
2180,148010.9451062101
2181,148010.9451062101
2182,148010.9451062101
2183,148010.9451062101
2184,148010.9451062101
2185,148010.9451062101
2186,148010.9451062101
2187,148010.9451062101
2188,148010.9451062101
2189,148010.9451062101
2190,148010.9451062101
2191,148010.9451062101
2192,148010.9451062101
2193,148010.9451062101
2194,148010.9451062101
2195,148010.9451062101
2196,148010.9451062101
2197,148010.9451062101
2198,148010.9451062101
2199,148010.9451062101
2200,148010.9451062101
2201,148010.9451062101
2202,148010.9451062101
2203,148010.9451062101
2204,148010.9451062101
2205,148010.9451062101
2206,148010.9451062101
2207,148010.9451062101
2208,148010.9451062101
2209,148010.9451062101
2210,148010.9451062101
2211,148010.9451062101
2212,148010.9451062101
2213,148010.9451062101
2214,148010.9451062101
2215,148010.9451062101
2216,148010.9451062101
2217,148010.9451062101
2218,148010.9451062101
2219,148010.9451062101
2220,148010.9451062101
2221,148010.9451062101
2222,148010.9451062101
2223,148010.9451062101
2224,148010.9451062101
2225,148010.9451062101
2226,148010.9451062101
2227,148010.9451062101
2228,148010.9451062101
2229,148010.9451062101
2230,148010.9451062101
2231,148010.9451062101
2232,148010.9451062101
2233,148010.9451062101
2234,148010.9451062101
2235,148010.9451062101
2236,148010.9451062101
2237,148010.9451062101
2238,148010.9451062101
2239,148010.9451062101
2240,148010.9451062101
2241,148010.9451062101
2242,148010.9451062101
2243,148010.9451062101
2244,148010.9451062101
2245,148010.9451062101
2246,148010.9451062101
2247,148010.9451062101
2248,148010.9451062101
2249,148010.9451062101
2250,148010.9451062101
2251,148010.9451062101
2252,148010.9451062101
2253,148010.9451062101
2254,148010.9451062101
2255,148010.9451062101
2256,148010.9451062101
2257,148010.9451062101
2258,148010.9451062101
2259,148010.9451062101
2260,148010.9451062101
2261,148010.9451062101
2262,148010.9451062101
2263,148010.9451062101
2264,148010.9451062101
2265,148010.9451062101
2266,148010.9451062101
2267,148010.9451062101
2268,148010.9451062101
2269,148010.9451062101
2270,148010.9451062101
2271,148010.9451062101
2272,148010.9451062101
2273,148010.9451062101
2274,148010.9451062101
2275,148010.9451062101
2276,148010.9451062101
2277,148010.9451062101
2278,148010.9451062101
2279,148010.9451062101
2280,148010.9451062101
2281,148010.9451062101
2282,148010.9451062101
2283,148010.9451062101
2284,148010.9451062101
2285,148010.9451062101
2286,148010.9451062101
2287,148010.9451062101
2288,148010.9451062101
2289,148010.9451062101
2290,148010.9451062101
2291,148010.9451062101
2292,148010.9451062101
2293,148010.9451062101
2294,148010.9451062101
2295,148010.9451062101
2296,148010.9451062101
2297,148010.9451062101
2298,148010.9451062101
2299,148010.9451062101
2300,148010.9451062101
2301,148010.9451062101
2302,148010.9451062101
2303,148010.9451062101
2304,148010.9451062101
2305,148010.9451062101
2306,148010.9451062101
2307,148010.9451062101
2308,148010.9451062101
2309,148010.9451062101
2310,148010.9451062101
2311,148010.9451062101
2312,148010.9451062101
2313,148010.9451062101
2314,148010.9451062101
2315,148010.9451062101
2316,148010.9451062101
2317,140139.18937934775
2318,140139.18937934775
2319,140139.18937934775
2320,140139.18937934775
2321,140139.18937934775
2322,140139.18937934775
2323,140139.18937934775
2324,140139.18937934775
2325,140139.18937934775
2326,140139.18937934775
2327,140139.18937934775
2328,140139.18937934775
2329,140139.18937934775
2330,140139.18937934775
2331,140139.18937934775
2332,140139.18937934775
2333,140139.18937934775
2334,140139.18937934775
2335,139356.6741778787
2336,139356.6741778787
2337,139356.6741778787
2338,139356.6741778787
2339,139356.6741778787
2340,118415.56208207626
2341,118415.56208207626
2342,118415.56208207626
2343,118415.56208207626
2344,118415.56208207626
2345,105527.61031374783
2346,105527.61031374783
2347,105527.61031374783
2348,105527.61031374783
2349,105527.61031374783
2350,105527.61031374783
2351,105527.61031374783
2352,105527.61031374783
2353,105527.61031374783
2354,105527.61031374783
2355,105527.61031374783
2356,105527.61031374783
2357,105527.61031374783
2358,105527.61031374783
2359,105527.61031374783
2360,105527.61031374783
2361,105527.61031374783
2362,105527.61031374783
2363,105527.61031374783
2364,105527.61031374783
2365,104458.16686561012
2366,104458.16686561012
2367,104458.16686561012
2368,104458.16686561012
2369,104458.16686561012
2370,104458.16686561012
2371,104458.16686561012
2372,104458.16686561012
2373,104458.16686561012
2374,104458.16686561012
2375,104458.16686561012
2376,104458.16686561012
2377,104458.16686561012
2378,104458.16686561012
2379,104458.16686561012
2380,104458.16686561012
2381,104458.16686561012
2382,104458.16686561012
2383,104458.16686561012
2384,104458.16686561012
2385,104458.16686561012
2386,104458.16686561012
2387,104458.16686561012
2388,104458.16686561012
2389,104458.16686561012
2390,104458.16686561012
2391,104458.1668656101
2392,104458.1668656101
2393,104458.1668656101
2394,104458.1668656101
2395,104458.1668656101
2396,104458.1668656101
2397,104458.1668656101
2398,104458.1668656101
2399,104458.1668656101
2400,104458.1668656101
2401,104458.1668656101
2402,104458.1668656101
2403,104458.1668656101
2404,104458.1668656101
2405,104458.1668656101
2406,104458.1668656101
2407,104458.1668656101
2408,104458.1668656101
2409,104458.1668656101
2410,104458.1668656101
2411,104458.1668656101
2412,104458.1668656101
2413,104458.1668656101
2414,104458.1668656101
2415,104458.1668656101
2416,104458.1668656101
2417,104458.1668656101
2418,104458.1668656101
2419,104458.1668656101
2420,104458.1668656101
2421,104458.1668656101
2422,104458.1668656101
2423,104458.1668656101
2424,104458.1668656101
2425,104458.1668656101
2426,104458.1668656101
2427,104458.1668656101
2428,104458.1668656101
2429,104458.1668656101
2430,104458.1668656101
2431,104458.1668656101
2432,104458.1668656101
2433,104458.1668656101
2434,104458.1668656101
2435,104458.1668656101
2436,104458.1668656101
2437,104458.1668656101
2438,104458.1668656101
2439,104458.1668656101
2440,104458.1668656101
2441,104458.1668656101
2442,104458.1668656101
2443,104458.1668656101
2444,104458.1668656101
2445,104458.1668656101
2446,104458.1668656101
2447,104458.1668656101
2448,104458.1668656101
2449,104458.1668656101
2450,104458.1668656101
2451,104458.1668656101
2452,104458.1668656101
2453,104458.1668656101
2454,104458.1668656101
2455,104458.1668656101
2456,104458.1668656101
2457,104458.1668656101
2458,91102.22358184464
2459,91102.22358184464
2460,91102.22358184464
2461,91102.22358184464
2462,91102.22358184464
2463,91102.22358184464
2464,91102.22358184464
2465,91102.22358184464
2466,91102.22358184464
2467,91102.22358184464
2468,91102.22358184464
2469,91102.22358184464
2470,91102.22358184464
2471,91102.22358184464
2472,91102.22358184464
2473,91102.22358184464
2474,91102.22358184464
2475,91102.22358184464
2476,91102.22358184464
2477,91102.22358184464
2478,91102.22358184464
2479,91102.22358184464
2480,91102.22358184464
2481,91102.22358184464
2482,91102.22358184464
2483,91102.22358184464
2484,91102.22358184464
2485,91102.22358184464
2486,91102.22358184464
2487,91102.22358184464
2488,91102.22358184464
2489,91102.22358184464
2490,91102.22358184464
2491,91102.22358184464
2492,91102.22358184464
2493,91102.22358184464
2494,91102.22358184464
2495,91102.22358184464
2496,91102.22358184464
2497,91102.22358184464
2498,91102.22358184464
2499,91102.22358184464
